310,196,16,15
307,194,17,16
307,194,17,16
307,194,17,15
307,193,17,16
307,193,16,16
307,193,16,15
306,193,17,16
306,193,17,15
306,193,17,16
306,193,17,15
305,192,18,16
305,192,18,15
305,191,17,16
305,191,17,16
304,190,17,16
303,189,17,16
304,188,16,15
303,186,17,16
303,184,17,15
303,183,16,14
302,181,17,15
302,179,17,15
302,178,17,15
302,177,16,14
302,175,16,14
302,175,17,14
302,174,17,14
303,173,17,14
304,172,15,14
305,171,15,14
305,171,15,14
306,170,15,14
306,170,15,14
307,170,14,13
306,170,16,14
307,170,15,13
307,170,15,14
306,170,16,14
306,170,16,14
308,170,15,13
307,171,15,13
307,171,15,14
307,172,15,14
307,173,15,14
308,174,14,13
308,175,15,13
307,175,15,14
307,175,15,14
306,174,17,15
306,173,16,15
308,171,15,15
308,168,15,15
308,167,15,14
309,168,15,14
310,171,16,15
312,174,14,15
311,176,16,16
315,180,14,15
315,180,14,15
317,182,14,14
316,182,15,13
317,180,14,13
317,178,13,13
317,177,13,12
317,176,13,12
316,175,13,12
316,175,13,12
316,174,14,14
316,174,14,12
315,174,16,14
315,174,16,13
316,175,14,12
316,175,14,13
316,176,15,14
315,176,15,14
315,175,16,15
315,175,15,14
315,173,15,14
315,172,16,15
313,170,16,15
312,167,16,15
312,163,15,16
309,158,15,15
307,153,16,16
306,149,16,17
305,145,16,17
303,143,17,16
301,141,18,16
299,139,18,17
298,137,17,16
296,135,16,15
295,134,16,15
293,133,15,13
292,133,14,12
290,131,14,13
289,131,14,13
287,130,14,14
285,130,14,15
285,130,14,15
284,130,14,14
283,129,14,13
283,130,14,12
284,130,13,12
283,131,14,13
283,131,14,13
282,133,15,14
283,134,15,13
285,135,15,13
288,135,15,15
291,137,16,15
293,139,16,15
295,141,17,16
298,143,18,16
302,144,16,16
305,144,16,16
306,143,16,16
307,141,17,15
309,138,17,17
309,135,17,16
310,129,17,17
311,123,18,17
312,118,17,16
313,116,16,15
313,115,16,16
312,115,16,16
310,116,17,16
306,119,18,17
300,119,20,18
299,117,20,18
301,116,20,16
302,117,20,18
304,120,19,17
306,125,17,17
306,128,17,17
306,131,17,17
304,135,17,16
302,139,18,18
300,143,17,17
298,148,17,18
298,153,18,18
296,159,18,18
295,165,18,18
294,171,18,19
293,179,22,19
297,180,22,21
301,179,22,21
304,178,23,21
305,177,25,22
308,176,23,19
309,176,20,18
308,175,19,16
306,174,19,18
302,174,20,17
299,174,22,19
297,175,22,19
294,176,22,18
291,176,21,18
287,175,23,20
284,173,21,19
281,170,21,19
284,159,23,21
290,147,23,22
294,135,22,23
303,125,22,22
313,116,23,23
322,107,24,23
330,101,24,21
337,96,24,23
345,89,22,21
348,87,22,21
353,83,21,23
356,80,22,22
360,79,20,20
363,76,19,21
364,73,20,23
367,73,20,21
370,70,20,22
373,69,19,22
373,68,22,22
378,68,20,23
380,69,21,24
384,76,21,23
383,77,23,23
380,77,24,24
376,78,24,23
366,83,24,23
353,92,24,22
338,101,25,22
324,114,21,22
324,113,22,20
327,109,21,21
329,106,23,21
333,103,22,20
337,98,23,20
338,96,23,21
339,97,23,20
339,97,22,20
339,97,22,21
340,97,22,21
338,98,22,20
338,98,22,21
338,99,23,20
337,99,22,20
336,99,22,21
334,100,23,21
332,100,22,22
328,101,22,23
325,101,22,22
321,101,22,22
319,100,21,22
315,100,21,21
311,99,21,22
307,98,21,21
303,97,21,21
298,96,22,22
295,95,22,21
290,94,22,23
286,93,21,21
282,94,21,22
278,94,21,23
275,95,20,21
272,96,21,21
268,99,21,21
267,101,20,21
263,104,21,21
261,107,21,21
259,111,22,21
258,116,20,21
256,120,21,22
254,126,22,23
254,133,21,22
252,140,21,22
250,146,21,22
249,153,21,23
246,159,22,23
246,166,21,22
244,173,22,23
243,180,22,23
243,187,22,22
243,193,21,21
242,198,21,22
242,202,22,21
242,206,21,19
240,207,20,19
240,208,20,19
240,208,20,19
240,208,21,20
241,209,20,19
241,209,20,21
241,207,20,20
240,205,19,20
240,202,19,20
240,199,21,21
242,199,21,20
245,203,19,19
249,209,18,20
268,219,19,17
270,220,19,16
261,212,17,18
267,212,13,19
268,212,16,19
266,209,19,18
261,198,20,20
258,182,22,24
257,166,22,23
257,151,21,24
258,142,20,21
257,135,21,21
256,131,21,20
257,131,20,19
255,133,21,19
255,137,21,21
255,144,19,21
254,157,20,23
252,172,21,24
251,188,22,27
248,210,22,23
250,217,20,20
249,220,20,19
248,225,19,20
243,229,21,19
242,226,22,22
238,215,23,26
236,201,23,26
235,180,24,26
234,164,22,26
232,154,23,24
230,146,23,21
228,139,22,22
226,136,21,22
223,135,22,23
221,139,22,23
219,146,22,23
215,156,24,25
211,171,24,25
210,185,21,20
211,188,21,17
210,191,20,18
212,195,22,22
215,202,22,22
215,213,23,25
217,231,23,28
215,251,26,31
216,273,26,31
215,296,26,31
216,318,27,31
216,330,28,29
215,338,28,23
216,344,28,17
219,342,25,18
220,338,26,19
221,328,26,23
223,315,25,27
223,293,24,24
230,270,24,26
232,246,25,28
233,216,27,30
237,177,28,33
241,145,26,39
242,143,25,39
246,121,27,33
235,83,24,28
250,94,25,30
252,74,25,31
255,58,24,29
259,46,22,23
260,37,22,22
262,29,23,24
265,25,22,24
266,24,22,23
268,26,24,25
270,31,23,26
272,39,23,27
274,52,23,26
276,67,23,27
278,89,22,24
279,114,24,28
281,138,24,30
275,160,25,29
276,178,21,28
277,201,16,27
231,217,21,30
229,189,25,33
231,161,24,35
235,139,22,31
235,118,21,29
235,102,23,28
235,91,23,27
236,82,23,25
236,78,23,23
236,76,22,21
237,76,22,22
237,79,20,23
237,84,21,24
237,94,21,26
237,106,20,25
237,124,20,26
235,144,21,27
238,165,21,23
238,177,23,20
239,189,23,21
241,204,21,25
242,224,22,26
246,245,22,27
249,270,25,26
253,288,24,24
253,288,24,24
253,288,24,24
261,337,21,22
264,338,19,20
257,334,18,22
244,324,22,25
228,290,25,30
215,259,29,31
206,218,28,32
199,182,28,34
192,154,28,34
183,125,29,35
206,111,27,37
207,138,26,38
207,162,29,30
209,176,29,26
212,193,24,25
215,209,22,22
213,227,26,28
216,250,24,31
215,276,28,35
220,301,29,31
227,319,26,31
233,332,25,28
239,343,23,23
242,350,19,18
242,350,19,18
242,350,19,18
219,334,23,20
204,303,25,25
189,262,29,30
184,211,28,37
180,168,28,37
178,140,27,37
210,92,27,31
213,115,26,27
218,150,28,24
224,156,23,23
231,166,25,24
235,183,24,24
241,204,22,22
244,223,23,25
244,244,26,29
247,267,25,31
250,286,23,25
247,319,22,25
249,329,20,22
250,334,22,23
248,338,22,21
243,336,22,20
233,326,24,23
224,311,23,24
216,284,23,25
205,251,25,26
197,207,24,32
192,172,26,32
184,138,30,37
178,109,29,40
173,84,29,37
166,67,29,31
160,49,28,28
154,31,27,30
147,22,28,26
141,14,27,24
134,8,27,24
127,6,27,23
119,7,27,24
110,10,28,26
101,18,28,28
92,29,28,29
80,44,30,31
70,63,29,33
58,88,30,34
38,84,32,40
30,99,31,30
29,99,31,27
43,103,26,26
43,103,28,26
51,110,27,26
55,117,23,24
53,129,23,23
53,142,26,28
56,163,28,31
61,193,29,35
76,233,33,33
100,272,35,28
121,284,42,30
153,291,44,28
184,276,40,33
206,256,35,35
223,233,31,31
230,194,38,38
237,158,35,40
242,121,32,42
246,92,31,41
250,70,27,34
251,51,27,32
253,35,27,30
254,25,26,27
255,17,27,28
257,13,25,26
257,13,26,25
258,15,25,26
259,20,24,26
260,28,24,27
261,41,23,26
261,57,23,30
261,77,24,32
260,101,25,36
261,130,25,33
261,159,22,35
265,187,21,32
268,202,25,30
274,219,23,25
285,229,22,21
293,227,22,20
299,219,26,17
306,211,22,14
308,205,26,18
314,198,27,21
317,193,27,23
324,190,28,24
330,187,23,23
334,184,23,25
338,179,23,25
340,176,23,24
341,174,25,24
345,173,24,26
348,173,25,26
352,173,23,26
354,173,25,26
358,174,24,27
360,175,24,26
360,176,26,26
363,179,24,25
365,181,25,26
366,184,25,25
368,185,25,27
370,187,25,26
372,188,25,26
375,188,24,26
375,188,26,27
376,188,25,26
376,187,25,26
375,186,25,25
374,184,24,26
373,183,25,26
370,183,25,23
369,182,25,24
368,182,24,24
365,183,24,25
363,185,24,24
362,188,23,24
361,193,25,26
359,200,25,26
358,211,24,25
354,222,25,27
350,230,27,26
346,234,27,22
341,229,27,25
336,217,27,25
330,194,29,30
322,160,27,34
318,133,25,31
313,102,24,33
307,79,25,30
303,60,25,32
297,43,22,28
294,30,20,26
289,22,22,23
284,15,22,23
282,13,20,20
276,12,22,21
271,13,21,21
267,18,22,22
262,27,21,22
257,38,21,23
254,51,21,24
247,68,22,28
243,88,21,26
238,111,22,28
232,129,23,23
229,136,19,24
227,147,20,23
227,156,21,21
230,164,20,19
233,171,18,17
232,175,18,17
229,178,18,15
223,180,20,16
217,180,20,17
212,180,20,18
207,179,21,19
204,179,20,18
202,179,19,19
199,179,19,18
196,180,20,19
197,180,19,18
196,181,19,19
197,181,19,17
197,183,19,18
197,184,20,19
201,185,20,19
204,185,20,18
207,184,22,19
212,181,21,19
218,176,20,20
223,170,23,20
228,164,22,21
235,161,20,21
238,159,22,19
241,157,21,19
241,157,19,18
239,159,20,19
238,164,19,18
235,173,20,16
232,183,21,20
230,199,23,23
226,216,25,25
225,240,23,23
221,259,25,26
219,279,26,28
219,295,25,27
219,314,27,27
222,324,24,27
223,332,23,23
225,338,23,19
228,338,21,18
228,332,26,22
235,324,25,25
235,315,27,24
245,282,26,28
250,258,27,29
258,227,27,30
261,186,24,34
262,161,26,31
267,129,25,32
260,81,23,29
275,80,23,30
252,103,21,25
247,117,23,29
243,138,24,27
239,153,22,22
235,163,22,24
229,175,22,26
223,189,21,26
218,215,22,28
214,242,21,27
212,261,23,29
211,280,25,26
212,285,27,23
218,279,26,25
222,262,26,28
228,239,25,28
230,208,28,29
237,175,28,33
245,154,24,31
251,130,23,28
256,111,22,27
262,98,22,23
265,88,23,25
270,82,22,23
273,79,23,22
277,78,22,21
281,81,22,22
285,85,21,24
289,95,21,24
293,107,22,27
296,125,23,27
299,144,24,28
302,167,26,29
308,189,23,26
307,200,23,22
300,212,22,24
291,227,23,24
282,245,26,28
278,267,25,28
275,287,26,25
275,287,26,25
259,331,21,24
258,333,20,20
250,329,21,22
241,321,22,22
229,290,24,23
220,267,26,25
216,230,21,28
213,203,22,26
207,167,26,31
204,136,24,35
199,108,25,37
195,90,26,33
233,130,23,33
236,156,23,27
239,173,22,22
247,186,19,20
254,200,16,19
258,213,14,19
263,233,11,21
264,254,13,21
261,273,19,22
261,290,21,22
261,290,21,22
261,290,21,22
261,290,21,22
261,290,21,22
256,294,21,19
248,277,25,24
237,252,28,26
226,212,27,30
217,179,28,30
206,149,26,33
196,122,28,37
183,99,29,36
193,27,30,34
195,43,28,35
196,69,28,34
197,100,31,39
205,124,27,35
202,123,30,37
215,149,24,39
214,150,26,38
219,175,24,38
211,207,28,42
207,258,30,40
208,292,31,40
211,320,31,35
215,332,32,34
215,332,32,34
215,332,32,34
215,332,32,34
215,332,32,34
198,332,35,28
189,304,31,36
176,265,31,38
166,224,30,37
155,182,31,39
144,140,34,40
134,107,34,42
124,75,34,40
115,46,34,43
104,23,33,41
95,5,30,34
85,0,33,25
76,-10,32,24
76,-10,32,24
76,-10,32,24
76,-10,32,24
76,-10,32,24
76,-10,32,24
76,-10,32,24
95,49,34,27
108,29,34,30
119,10,36,33
131,1,38,29
149,-2,34,24
161,-16,33,31
172,-23,33,39
183,-16,37,37
195,-5,40,29
209,1,34,34
219,11,39,45
234,30,36,53
248,60,39,55
260,94,41,63
273,133,36,57
287,166,37,48
295,185,40,41
307,205,40,40
278,208,39,32
338,268,40,40
350,249,44,44
364,238,42,41
378,234,39,36
389,232,40,38
400,238,33,38
411,247,23,37
411,247,23,37
411,247,23,37
411,247,23,37
411,247,23,37
411,247,23,37
411,247,23,37
411,247,23,37
411,247,23,37
411,247,23,37
349,215,27,30
349,215,27,30
349,215,27,30
349,215,27,30
349,215,27,30
349,215,27,30
349,215,27,30
349,215,27,30
349,215,27,30
349,215,27,30
349,215,27,30
349,215,27,30
349,215,27,30
349,215,27,30
349,215,27,30
349,215,27,30
349,215,27,30
349,215,27,30
349,215,27,30
349,215,27,30
349,215,27,30
349,215,27,30
349,215,27,30
349,215,27,30
349,215,27,30
349,215,27,30
349,215,27,30
349,215,27,30
349,215,27,30
