375,92,103,115
374,95,98,98
375,96,98,98
376,97,90,96
375,95,92,101
374,96,96,98
375,96,97,102
374,96,99,101
375,95,96,102
374,97,94,98
372,95,97,104
371,94,96,104
371,93,94,103
369,93,95,100
367,95,95,99
365,95,97,99
364,93,98,98
363,91,101,101
366,88,92,107
366,91,96,100
364,94,104,104
360,101,102,103
353,108,103,99
346,110,95,101
339,108,98,104
337,105,94,107
330,102,96,112
322,107,105,105
323,113,99,104
319,117,98,110
315,125,99,103
318,129,97,99
319,129,96,100
325,131,95,102
330,130,94,102
337,130,97,100
352,128,94,100
370,130,99,96
386,130,95,101
397,126,95,100
409,126,94,100
414,129,100,101
412,130,102,102
408,132,103,105
408,136,99,106
407,139,97,102
406,139,99,106
405,140,94,109
397,141,97,107
392,140,99,112
389,141,97,107
380,140,103,103
375,138,107,99
377,134,103,101
375,134,106,98
379,129,104,97
387,125,103,98
392,121,104,99
395,117,110,100
414,113,106,91
435,103,105,94
460,94,98,101
478,87,109,101
489,78,124,105
497,75,129,118
499,70,127,111
504,69,121,106
501,68,128,108
500,67,127,111
499,69,130,119
496,73,130,122
490,80,127,117
482,85,117,115
480,86,120,111
475,91,117,110
473,92,111,108
472,95,107,107
469,96,115,110
460,101,109,105
442,104,111,108
422,109,112,110
410,115,103,103
391,120,105,103
374,124,100,101
361,130,98,100
340,135,96,99
326,136,100,103
318,132,107,106
302,134,105,102
294,133,106,107
293,130,106,111
288,134,102,108
287,130,106,110
291,132,111,109
299,131,108,111
301,130,114,108
305,126,108,111
306,125,115,112
310,126,121,113
319,127,115,116
333,125,120,112
364,126,107,101
419,126,109,99
443,127,118,108
440,123,131,112
441,118,138,104
450,108,133,104
440,102,134,104
424,102,129,107
418,99,137,97
405,94,132,90
393,90,126,96
390,84,119,101
377,85,117,103
368,89,113,89
347,86,114,91
329,81,116,88
314,79,111,93
304,79,107,99
301,84,108,100
296,90,108,102
300,103,108,93
304,109,105,95
306,117,104,96
309,123,103,96
307,127,101,96
310,130,98,94
311,131,98,100
314,132,97,88
316,133,97,93
316,135,99,93
315,134,99,100
315,136,97,95
311,137,101,90
312,132,104,92
315,126,107,88
313,118,110,89
321,107,109,90
316,95,107,91
305,96,110,92
289,94,111,94
286,80,118,92
293,61,120,101
302,48,118,103
307,38,118,106
316,32,119,104
317,29,124,107
327,25,125,111
340,27,127,112
358,23,124,108
369,22,121,113
360,25,115,109
350,27,109,109
333,35,121,114
339,46,114,110
341,65,116,101
347,80,113,101
356,86,107,99
344,86,109,99
334,73,105,98
318,51,107,99
315,29,110,97
325,9,114,95
333,3,111,88
341,3,104,71
356,1,106,62
373,4,96,56
388,4,89,51
405,4,82,53
420,4,86,59
428,4,86,57
433,4,88,61
454,11,89,76
454,17,104,86
450,24,114,92
448,32,110,96
445,42,107,98
441,53,106,97
439,62,110,96
434,70,113,100
434,82,112,96
433,90,109,99
437,95,105,96
433,95,104,102
435,95,109,99
436,96,106,93
436,95,110,97
436,95,107,93
437,94,109,99
436,98,110,97
438,100,107,99
440,102,108,98
444,101,106,99
442,101,108,105
448,105,106,100
448,105,107,100
451,113,108,95
449,112,107,101
455,116,111,100
456,123,112,99
463,129,109,97
471,132,106,98
473,131,109,104
480,135,111,106
488,139,110,98
492,141,111,104
499,144,115,106
502,148,117,104
501,153,115,109
508,159,111,108
506,163,107,104
505,166,107,105
504,169,109,100
503,164,115,107
506,163,109,106
504,164,111,100
507,159,107,98
507,155,114,100
511,153,109,104
513,149,110,106
511,149,114,106
515,148,113,107
519,150,109,105
518,150,111,103
525,150,109,108
521,148,112,113
518,152,103,101
512,151,104,107
503,156,105,99
493,155,102,104
487,154,99,110
482,153,94,115
472,155,102,101
460,160,92,89
449,159,94,91
437,158,90,91
429,155,83,90
420,154,87,94
411,152,88,93
405,156,81,85
395,157,84,89
388,159,83,90
377,163,81,86
371,166,82,89
366,167,80,91
361,169,73,90
363,170,79,87
367,171,78,87
363,172,76,87
366,174,77,86
368,179,77,78
362,169,79,90
366,172,77,85
363,173,76,81
361,170,74,85
361,166,83,90
368,165,75,88
369,163,80,88
373,165,80,81
377,161,77,91
382,165,77,85
381,166,80,87
387,169,81,83
385,179,85,89
384,189,80,83
388,189,79,87
394,192,81,85
399,195,84,86
407,197,76,80
410,191,80,80
416,184,83,92
418,184,85,87
421,183,83,89
421,183,84,93
425,189,81,86
422,191,86,87
430,198,80,79
430,193,81,89
431,192,84,90
430,197,86,89
432,191,87,92
439,194,86,91
442,198,87,87
447,201,87,88
455,199,84,93
461,198,84,97
464,197,88,93
466,191,90,92
491,198,76,79
509,208,72,76
507,206,85,80
513,198,85,79
523,186,97,89
523,174,91,95
525,160,93,93
525,149,101,93
519,139,97,93
522,132,93,98
515,128,96,101
506,128,94,99
492,124,94,96
471,119,103,95
457,111,102,95
449,99,100,96
440,89,97,92
436,81,93,93
430,84,83,86
418,81,88,96
408,85,90,96
394,89,91,93
385,94,86,93
378,94,88,96
367,96,98,97
366,103,92,91
360,103,95,97
342,99,96,99
346,100,98,95
351,99,93,98
359,102,97,100
359,103,99,95
367,98,103,105
379,99,108,113
387,105,111,106
389,104,110,109
375,104,104,107
349,106,102,92
320,104,100,100
294,106,106,95
270,100,113,112
252,96,114,116
224,102,126,103
208,103,128,106
197,103,132,113
219,103,128,108
236,105,125,111
233,110,127,111
209,110,138,107
190,114,139,98
176,110,145,101
165,105,147,112
159,101,149,113
162,103,148,120
158,106,153,114
167,111,148,115
170,116,151,119
174,117,153,114
186,128,153,117
213,139,146,123
228,150,144,119
256,164,140,124
268,183,148,122
282,187,145,118
295,190,155,121
308,186,151,119
312,177,157,114
323,173,158,120
334,167,159,115
348,161,162,115
354,159,168,118
360,160,170,113
366,154,172,111
373,151,169,122
382,155,168,113
372,148,176,112
376,145,174,110
366,139,180,111
374,138,171,110
368,136,175,115
362,137,174,108
351,143,170,115
346,153,164,121
346,158,149,104
308,145,155,101
284,142,161,99
281,143,145,103
266,142,146,103
254,135,146,103
261,162,134,97
246,185,149,102
243,185,161,103
239,185,156,93
205,182,147,92
136,188,156,97
102,199,149,98
82,192,140,98
63,166,153,112
53,156,156,109
52,148,157,107
57,147,156,114
59,149,162,96
101,135,144,84
118,108,141,78
107,84,160,80
125,68,175,88
146,64,168,91
180,54,155,92
200,50,161,92
212,48,164,102
233,48,163,94
264,46,156,93
282,39,155,98
287,34,163,99
288,31,161,99
289,27,159,103
291,31,159,101
296,34,156,95
301,37,150,104
278,37,161,101
267,40,159,104
255,53,157,102
239,63,156,102
221,73,158,108
215,82,152,97
202,86,150,105
188,90,158,99
177,92,154,100
177,93,145,105
176,96,137,103
165,97,140,99
169,94,131,101
167,94,127,106
166,92,129,103
157,89,135,102
156,84,134,101
128,79,154,101
112,76,170,100
117,65,163,109
121,64,156,107
135,62,141,106
142,59,128,106
131,59,138,114
132,61,129,110
125,62,140,112
129,65,130,116
114,64,140,113
103,70,150,118
113,76,140,112
105,76,140,120
110,82,142,118
115,82,136,111
103,82,149,126
112,83,137,117
108,86,144,114
115,91,139,115
111,97,142,118
116,98,136,116
114,106,140,113
107,109,150,126
96,116,164,128
86,129,173,123
75,138,186,118
93,144,165,122
89,149,165,119
102,155,154,113
107,152,144,122
108,152,142,121
111,152,139,117
108,149,140,120
104,149,147,121
104,145,147,125
101,145,147,123
98,142,149,126
99,139,155,122
88,138,169,126
89,138,171,125
97,136,164,127
92,132,161,115
91,121,163,124
77,109,183,135
66,100,191,126
65,88,193,133
60,84,203,120
61,73,201,122
68,61,199,125
70,53,202,128
77,47,196,123
82,42,197,131
88,37,193,124
93,38,192,121
89,36,194,125
95,34,191,129
101,37,189,127
107,37,185,127
108,40,189,127
114,43,183,128
125,47,175,130
127,53,181,130
128,54,173,134
117,66,158,126
89,68,169,137
80,69,174,137
76,78,181,143
89,106,178,133
119,117,162,140
144,124,154,123
159,125,157,134
185,143,150,126
197,152,162,123
213,142,156,119
228,136,151,122
240,132,152,120
247,130,156,126
246,129,158,124
248,129,158,126
255,129,154,124
258,126,153,126
242,126,145,118
226,122,150,128
215,119,146,130
195,119,152,123
165,114,154,115
137,108,145,116
107,98,153,126
110,83,167,126
106,75,170,122
99,58,165,126
99,53,167,133
103,44,174,129
126,36,161,128
139,33,159,129
150,28,160,143
164,37,158,145
168,48,156,137
182,62,146,135
189,68,144,131
202,71,140,127
206,88,143,119
187,100,144,126
176,108,141,131
178,113,140,132
170,122,141,134
163,126,139,135
158,130,138,133
143,135,146,140
139,144,144,142
135,152,137,138
139,154,134,132
138,155,141,136
136,154,144,127
125,142,142,128
119,131,142,128
125,120,140,126
126,112,142,129
123,109,138,120
122,103,141,117
126,92,142,113
136,80,139,109
148,71,136,114
159,62,133,116
175,58,128,117
184,48,128,120
194,44,124,122
201,43,125,124
198,46,121,116
195,39,125,122
200,34,122,122
213,33,123,124
222,35,124,121
228,34,120,120
236,38,116,121
239,42,119,116
243,42,114,120
246,44,112,116
245,44,114,114
249,47,119,116
254,53,120,111
267,55,119,113
280,54,116,119
291,60,117,116
302,63,114,117
309,66,107,113
314,66,110,117
321,72,109,115
326,77,110,115
332,83,111,112
341,89,111,115
349,94,110,114
356,97,107,113
369,99,101,113
373,102,110,111
385,109,111,112
398,112,110,109
412,112,109,111
425,118,103,115
422,121,108,113
422,125,108,111
419,128,107,111
422,121,112,108
430,121,106,104
436,117,112,113
437,112,114,110
444,106,118,112
453,107,119,114
455,111,116,112
458,110,112,107
459,109,118,108
463,106,119,102
471,104,116,102
473,97,122,110
480,93,118,111
490,88,120,107
504,80,124,115
511,82,123,111
516,80,121,117
517,79,119,119
521,82,115,117
514,80,123,118
516,84,118,118
521,89,108,121
508,91,121,116
502,97,123,114
502,102,118,115
493,104,120,115
487,109,126,117
486,116,121,114
484,126,119,115
480,136,122,117
481,156,119,118
470,178,125,115
464,197,123,124
459,221,125,123
456,235,125,116
457,249,124,106
450,259,129,101
451,267,121,96
448,274,121,88
443,276,123,82
438,279,124,82
435,280,124,79
429,284,125,78
429,284,123,76
427,283,126,74
427,287,123,72
423,280,124,80
419,275,129,84
425,266,121,91
425,261,119,97
422,254,120,103
420,246,121,109
419,236,118,119
419,229,113,118
414,222,116,119
412,216,118,115
412,204,117,120
411,193,117,119
409,184,123,115
414,172,120,122
417,164,123,111
424,153,119,101
421,133,126,102
423,108,129,101
435,86,130,103
434,60,146,109
442,34,148,108
447,12,178,112
454,2,164,112
456,5,143,105
462,3,128,89
471,3,118,79
477,6,108,70
481,4,104,72
478,3,108,78
479,5,106,80
481,5,107,87
479,1,114,104
475,3,112,114
463,9,119,118
456,25,116,121
444,39,121,114
431,51,119,117
423,66,112,118
408,80,112,106
388,87,119,109
375,99,111,99
358,104,110,109
342,116,107,97
320,122,114,111
298,134,112,91
281,142,109,96
255,151,121,98
235,156,116,106
220,159,112,114
216,160,103,118
202,163,106,116
194,163,109,123
176,162,111,127
154,166,121,128
132,168,124,126
117,166,125,126
101,165,130,130
94,164,130,136
90,160,135,138
91,158,133,138
97,159,134,136
104,162,134,134
109,163,130,136
113,168,126,134
114,167,129,138
118,168,127,135
120,168,127,135
117,172,136,130
128,177,133,133
138,186,127,137
139,197,130,137
140,206,139,135
149,213,129,135
145,224,134,131
146,233,136,124
152,240,134,118
157,258,134,104
159,267,135,96
165,276,131,87
172,281,131,78
178,290,127,67
178,294,125,64
180,297,120,61
182,299,121,59
189,300,109,56
184,299,111,55
182,292,109,63
169,285,116,74
159,279,124,79
151,269,127,88
144,251,131,105
143,230,126,121
144,214,132,130
141,204,130,136
153,199,124,126
162,190,131,135
170,189,128,130
179,183,126,130
188,180,123,121
200,176,120,111
207,169,121,109
213,161,112,110
213,151,119,111
223,142,114,111
227,139,113,100
233,132,115,109
243,130,114,112
251,132,112,107
253,136,113,109
257,141,112,108
259,145,111,109
261,151,108,106
262,153,109,109
261,153,109,116
265,158,103,107
259,158,110,106
256,153,115,105
258,144,112,103
258,133,113,104
260,125,109,94
262,113,104,91
260,101,110,97
257,89,101,92
256,82,100,86
259,70,105,96
262,65,106,96
266,61,105,96
277,58,104,100
287,68,98,91
297,71,96,94
302,75,95,96
305,79,97,98
310,80,97,101
315,85,94,97
320,86,94,97
325,87,96,93
333,88,98,93
342,89,96,96
349,92,97,95
362,94,93,89
367,97,97,92
373,103,103,92
378,111,100,92
382,119,92,92
379,128,93,92
377,137,89,87
369,145,87,80
353,153,86,81
335,158,83,81
322,157,85,80
305,159,83,80
285,157,91,82
269,159,90,86
248,155,106,93
226,153,111,87
202,147,117,99
187,146,96,92
170,147,100,92
157,149,99,94
140,148,107,101
128,150,109,104
113,149,111,101
100,148,110,106
90,145,111,110
79,145,111,110
70,144,116,113
70,147,115,110
77,148,116,111
94,154,110,96
130,152,105,84
177,148,105,83
186,148,108,82
217,145,113,75
229,145,116,77
268,140,105,80
309,133,97,69
344,122,92,68
374,116,103,69
405,108,110,74
426,103,113,80
445,100,118,92
459,97,110,104
470,99,134,88
484,100,123,100
495,98,113,98
505,94,116,103
516,97,115,101
523,96,115,96
534,99,103,102
548,99,90,102
556,102,85,98
561,107,79,97
563,107,76,100
558,108,78,99
555,109,82,97
545,111,88,98
532,112,97,96
513,111,107,102
493,120,110,89
463,127,108,83
437,133,104,82
412,139,99,91
394,144,95,91
382,146,90,90
370,150,86,87
348,149,91,89
336,152,83,91
321,152,87,90
309,155,92,87
303,153,94,93
302,154,89,88
306,156,90,89
309,161,93,86
319,166,95,90
327,176,92,93
334,182,97,100
346,189,97,101
351,200,96,98
357,212,96,95
351,223,100,94
350,230,100,101
348,234,95,101
339,239,95,96
331,243,94,94
321,242,94,96
312,240,91,96
296,242,97,94
283,244,100,95
272,242,97,90
258,239,102,96
245,236,99,96
236,232,97,100
222,229,100,96
211,223,96,93
192,216,105,99
179,212,105,98
166,202,109,95
149,194,102,93
128,182,103,95
99,167,111,99
85,149,123,106
73,131,122,110
62,116,125,105
64,105,119,94
68,96,119,97
73,91,118,100
76,87,120,101
80,83,121,99
85,76,119,98
90,70,127,91
103,60,118,89
122,51,109,97
136,46,109,93
146,48,111,94
164,49,105,88
183,49,101,93
206,42,92,91
226,37,90,91
245,34,94,89
263,32,90,84
281,29,90,89
296,28,87,89
313,25,85,95
328,24,87,94
347,27,88,90
364,28,95,92
382,32,92,100
395,38,95,97
409,42,95,96
421,46,100,95
430,55,103,91
440,61,104,92
451,68,105,92
459,73,108,96
467,81,103,97
473,90,106,101
478,102,105,96
483,112,109,95
484,123,109,90
485,129,110,96
483,141,109,97
483,149,108,95
484,158,110,94
476,165,115,98
473,173,110,97
463,182,99,81
452,191,89,75
423,204,101,72
401,216,95,73
384,223,89,79
363,227,94,84
353,225,90,94
347,227,96,92
341,224,96,91
341,223,95,92
335,222,95,95
328,223,92,92
320,224,90,93
310,225,88,94
302,224,83,94
287,225,89,91
268,224,98,92
251,221,93,85
225,220,98,87
200,217,94,88
180,210,101,93
168,206,100,94
158,200,108,96
149,194,105,97
139,189,106,94
129,184,109,93
124,176,106,98
112,169,107,94
93,160,111,91
83,146,115,103
76,134,115,96
71,119,115,98
80,111,118,97
91,104,114,100
101,97,114,101
113,92,113,102
127,89,116,88
144,84,106,89
152,78,111,85
166,67,112,83
187,61,98,81
201,57,99,83
224,55,90,86
243,55,88,91
257,62,102,91
274,68,103,88
293,73,102,92
305,79,99,92
320,85,91,86
328,92,86,88
329,100,87,89
331,109,85,89
328,116,83,92
324,123,80,87
320,122,80,90
316,123,77,78
313,121,78,84
315,118,77,84
312,116,81,83
317,113,82,89
323,117,81,87
326,119,82,91
327,126,83,86
328,132,84,84
329,138,80,85
330,143,78,86
330,147,80,88
338,144,81,87
348,140,81,87
351,139,82,90
346,145,82,87
341,149,84,85
334,154,84,86
329,160,80,85
324,170,81,83
320,179,78,82
312,183,81,84
312,187,77,86
314,186,79,89
316,190,79,85
317,193,82,88
319,199,81,86
321,205,83,85
325,210,83,86
328,212,80,85
329,211,85,82
330,207,84,85
333,202,81,85
334,201,81,85
333,198,82,86
333,197,81,87
331,197,84,82
331,194,84,84
327,191,87,81
327,184,89,76
331,172,91,78
338,164,87,76
340,157,89,76
346,154,88,77
359,150,81,78
364,150,88,81
373,153,90,86
379,159,92,87
392,163,86,85
398,166,89,87
404,169,92,85
409,171,90,85
417,174,87,83
422,177,88,83
420,176,89,89
421,178,89,84
422,177,88,81
421,176,92,82
420,174,93,86
421,174,90,89
419,174,88,83
416,171,92,82
419,173,88,83
418,172,89,91
415,174,93,83
419,172,88,84
420,175,85,86
415,172,92,79
419,169,94,79
424,167,90,82
429,162,89,84
435,159,91,80
434,161,96,87
436,163,91,89
435,163,95,91
436,167,93,86
434,168,91,85
430,174,91,84
421,174,94,85
419,169,90,88
414,165,93,90
405,159,88,92
398,158,89,91
380,162,91,87
364,167,81,87
345,164,77,89
325,167,84,92
319,169,79,92
311,167,78,91
302,176,84,92
300,176,82,90
296,172,84,94
296,172,83,91
294,168,87,89
290,161,89,93
291,158,87,96
286,152,88,99
285,151,86,94
285,144,101,84
308,133,91,79
310,116,92,88
310,114,94,94
310,108,97,96
317,100,92,99
315,102,95,99
314,100,96,100
321,106,99,98
325,110,99,102
330,106,99,106
338,111,101,100
339,114,100,105
337,116,103,106
338,120,106,103
344,126,108,107
344,145,113,107
339,158,111,109
340,163,116,124
344,170,115,117
359,184,119,114
367,195,126,117
357,201,122,112
336,205,129,117
322,209,130,121
325,214,127,120
337,220,124,114
332,219,131,124
337,221,129,115
334,224,138,120
330,222,144,125
333,220,141,118
324,218,142,123
321,222,145,126
324,225,146,124
320,228,145,120
323,230,150,122
324,233,149,118
314,228,147,113
304,223,145,123
304,225,146,120
301,232,142,121
291,236,139,110
268,236,140,106
228,233,133,104
182,216,141,110
147,202,154,116
127,194,164,116
105,184,168,100
83,164,177,109
69,146,175,102
61,123,174,103
58,111,165,118
48,127,172,118
49,122,176,114
60,101,179,112
83,92,174,105
90,90,177,101
108,82,172,99
109,80,183,96
88,29,196,111
103,25,190,108
107,21,189,103
101,17,190,110
126,15,185,99
193,25,175,79
255,9,168,88
300,1,178,91
330,6,181,81
357,7,185,109
378,14,190,113
383,23,179,112
365,31,182,111
356,39,181,115
338,45,179,104
321,52,174,107
312,64,169,108
299,75,165,101
281,82,164,101
269,89,169,115
263,95,169,95
260,96,164,106
269,95,153,104
252,94,158,100
240,92,163,103
166,116,165,108
161,120,167,113
163,127,163,109
157,128,173,111
159,130,171,108
159,132,170,116
159,131,167,106
155,133,170,113
153,135,169,104
156,132,164,115
157,133,165,105
156,129,164,114
154,130,167,108
152,132,165,107
153,126,164,114
146,130,170,106
149,128,166,109
142,126,171,116
144,131,168,108
140,131,159,108
129,132,165,104
126,135,152,110
77,135,180,105
56,128,182,107
57,126,175,110
59,118,154,111
41,112,156,114
28,103,157,118
23,96,156,122
5,88,165,125
6,82,153,123
5,76,151,129
1,76,152,127
4,70,155,124
2,66,154,125
7,62,144,124
3,54,155,128
5,48,155,128
5,42,164,126
5,31,163,129
12,24,159,124
13,17,162,125
5,8,173,138
0,4,176,120
8,4,167,104
5,1,180,104
6,1,179,94
5,3,185,92
9,2,186,88
24,4,174,87
32,4,166,88
50,7,152,87
59,4,141,93
59,4,144,97
55,5,148,95
58,5,144,95
57,3,155,102
55,4,154,106
54,5,155,101
54,4,158,111
52,4,162,112
53,6,159,119
60,7,158,127
56,13,163,125
52,19,165,127
55,29,161,125
54,35,166,120
49,41,173,127
52,52,169,126
51,62,175,122
55,70,166,130
51,85,173,129
50,97,172,129
56,104,163,119
64,105,157,123
59,107,154,126
58,108,157,125
52,114,165,129
37,125,184,131
45,137,175,124
53,146,172,119
48,152,178,125
41,161,189,123
48,166,184,113
54,172,178,113
55,173,176,116
43,178,187,120
47,180,184,117
44,185,185,122
45,191,185,114
43,195,181,111
40,202,186,116
42,207,186,119
42,213,184,123
44,216,185,115
53,222,181,117
55,218,178,121
44,224,188,113
49,218,183,119
44,213,187,118
38,206,190,123
41,198,183,118
47,190,175,117
49,185,166,114
56,180,153,110
52,168,155,122
48,161,153,120
39,150,158,131
31,145,159,123
29,136,161,124
15,122,167,133
8,113,167,130
5,101,162,129
2,91,156,127
2,77,148,131
3,71,142,134
-1,64,144,135
-2,63,143,124
-3,56,140,129
-1,53,140,131
-3,50,144,133
1,48,137,137
0,51,142,136
-1,52,147,131
4,57,147,139
7,56,151,140
6,65,161,143
11,76,167,136
22,79,168,140
41,89,164,131
55,91,153,128
50,90,167,133
58,96,168,131
57,99,182,125
62,102,194,124
69,105,198,120
91,107,190,124
100,109,190,117
103,112,194,126
124,109,188,123
126,114,188,120
138,113,190,120
159,111,172,126
160,112,171,125
154,112,186,137
155,110,194,135
169,118,187,126
171,111,193,128
179,109,191,129
188,108,188,130
201,105,184,131
207,106,190,133
215,103,193,130
222,94,194,136
236,101,188,128
246,97,184,137
253,97,191,132
261,94,198,134
274,98,196,126
288,98,188,134
293,99,191,134
299,101,191,136
301,103,193,135
304,104,193,139
320,106,180,133
316,109,186,132
13,96,173,130
19,97,162,127
17,97,157,124
15,94,159,127
8,98,165,129
6,93,157,131
4,91,159,126
4,91,157,129
1,90,163,138
4,90,154,133
3,90,148,131
-1,89,148,129
1,94,144,125
2,94,138,125
0,95,140,128
2,100,142,123
2,99,145,134
4,105,143,129
3,108,147,128
1,114,157,131
7,120,155,128
12,120,156,127
18,125,156,125
23,127,157,125
38,127,144,119
43,129,144,122
45,127,151,122
46,127,155,119
37,126,168,119
41,123,169,120
46,126,168,118
38,122,183,121
42,118,184,119
47,110,185,125
50,113,184,120
60,109,176,118
51,111,189,120
53,107,190,122
51,107,197,128
70,106,179,121
62,107,189,126
62,106,192,121
55,107,205,123
65,111,194,118
68,106,198,122
73,108,191,118
67,105,202,128
71,106,199,119
73,108,199,122
71,111,208,118
83,106,189,119
81,108,195,116
79,101,196,131
72,103,197,122
65,104,198,110
52,103,197,117
50,100,178,117
38,99,172,120
35,99,162,124
15,96,163,134
6,92,152,143
-1,98,133,126
-3,102,116,116
-12,102,92,104
-12,102,92,104
-12,102,92,104
-12,102,92,104
-12,102,92,104
-12,102,92,104
-12,102,92,104
-12,102,92,104
-12,102,92,104
-12,102,92,104
-12,102,92,104
-12,102,92,104
-12,102,92,104
-12,102,92,104
-12,102,92,104
-12,102,92,104
-12,102,92,104
-12,102,92,104
-12,102,92,104
-12,102,92,104
-12,102,92,104
-12,102,92,104
-12,102,92,104
-12,102,92,104
-12,102,92,104
-12,102,92,104
-12,102,92,104
-12,102,92,104
-12,102,92,104
-12,102,92,104
-12,102,92,104
-12,102,92,104
-12,102,92,104
-2,121,85,98
7,126,103,101
15,128,122,105
17,123,149,118
43,117,148,136
57,118,163,115
54,110,190,122
60,100,198,130
68,96,202,134
73,95,211,132
89,95,205,138
94,91,211,143
110,96,203,137
113,100,208,133
118,101,211,133
133,103,200,135
141,106,200,136
140,108,206,131
150,111,200,136
157,112,199,132
153,117,207,137
165,120,196,131
168,126,189,133
167,140,190,127
153,148,185,130
132,153,186,129
125,151,194,133
130,146,185,135
136,151,180,135
151,156,165,133
168,158,164,139
185,164,163,132
209,166,152,119
223,163,154,121
240,155,152,119
255,146,156,116
271,138,156,113
290,135,150,107
301,131,151,106
316,122,150,108
328,118,144,110
336,118,144,120
349,121,144,112
359,123,151,116
371,129,148,131
360,151,146,139
340,162,143,150
334,167,144,133
340,159,157,128
373,147,141,117
386,129,156,124
394,127,152,134
385,135,144,128
373,139,140,113
370,132,141,116
354,117,148,114
352,112,143,119
337,120,141,121
324,127,125,104
297,128,132,110
285,130,133,115
273,134,124,120
253,132,137,115
243,123,138,110
227,118,124,103
195,98,129,104
167,81,133,110
164,54,142,121
160,41,142,118
160,40,136,125
156,40,135,112
145,41,135,125
138,48,137,127
150,56,129,118
147,57,127,121
148,54,125,122
141,57,125,117
130,51,123,124
131,57,127,116
128,62,125,124
124,69,129,121
139,76,121,117
146,84,115,109
137,88,115,112
130,95,118,118
136,107,113,113
141,119,111,112
148,127,110,110
155,132,108,118
158,141,107,111
154,138,102,118
149,143,99,113
148,149,95,113
147,152,100,105
137,147,96,103
117,139,101,106
117,138,104,104
119,144,103,103
128,147,100,107
145,155,89,102
158,162,95,98
169,173,98,94
180,185,93,100
170,201,96,88
170,216,91,93
174,230,91,99
195,239,85,103
211,247,80,98
220,248,79,95
229,250,83,96
238,251,80,94
243,245,83,93
251,238,77,86
258,221,78,77
288,201,84,61
317,189,79,60
343,181,76,52
359,166,75,61
372,156,74,68
373,145,81,76
380,142,79,74
388,134,77,72
401,128,75,77
404,126,76,77
405,120,82,72
420,117,76,73
423,120,80,80
420,126,81,80
418,130,81,81
413,137,80,77
411,140,79,79
406,149,76,80
409,160,74,79
405,175,73,76
404,185,75,77
408,194,78,79
411,202,74,78
413,206,76,78
413,215,74,80
412,222,70,82
413,228,75,84
418,234,73,81
421,240,72,83
422,245,77,79
428,246,74,77
428,241,77,74
440,231,71,68
450,213,73,72
452,203,75,73
451,197,68,77
453,194,70,76
453,191,74,74
457,186,76,74
460,178,86,78
466,170,78,78
476,159,71,82
478,152,70,76
481,149,68,80
477,149,70,80
473,150,68,84
473,152,67,76
474,152,71,81
473,153,70,81
476,154,69,72
479,155,75,74
481,157,71,77
482,160,70,76
479,163,74,76
475,167,74,77
473,169,73,79
473,170,71,78
472,170,73,79
469,173,72,82
467,179,68,76
460,186,71,75
455,187,76,74
451,193,71,74
446,196,75,73
445,198,70,77
443,197,70,80
440,196,71,82
434,196,76,80
428,195,73,77
421,191,74,76
416,188,72,79
409,183,74,76
405,177,76,78
401,174,72,82
396,172,71,79
395,170,70,75
390,167,70,81
385,165,72,82
386,161,76,77
387,160,74,80
386,161,73,83
386,160,77,84
386,162,78,82
388,162,79,86
391,159,82,86
397,159,81,90
404,163,82,88
411,165,80,89
409,171,89,90
419,178,88,90
424,180,91,95
427,182,90,96
431,183,95,98
435,186,94,98
434,182,101,101
441,178,97,104
441,181,102,100
442,184,101,96
442,179,101,102
448,176,102,104
449,178,99,100
445,179,110,100
444,182,112,98
443,184,115,102
444,188,107,103
442,193,108,105
440,194,107,106
440,196,105,105
439,197,104,108
437,196,111,101
438,196,107,98
440,198,104,102
439,198,102,106
434,197,106,98
433,195,102,97
432,192,104,90
431,190,98,87
428,187,93,96
427,190,93,96
425,190,91,95
422,192,89,92
419,190,86,85
412,183,91,81
413,174,95,78
419,165,90,80
427,160,87,85
429,158,86,85
430,160,81,82
428,164,75,84
421,162,81,83
422,157,82,84
428,153,79,83
435,150,81,83
443,147,82,82
453,147,76,81
461,147,79,82
470,147,84,83
482,153,80,83
486,161,86,84
491,169,89,86
497,178,78,87
495,182,83,83
507,178,85,78
522,175,93,83
521,172,83,86
520,167,84,89
517,173,85,86
512,173,86,86
503,167,92,87
489,161,89,83
486,144,93,90
482,133,97,87
471,120,107,70
449,112,112,67
423,105,102,75
396,97,97,85
360,90,95,85
334,76,103,83
301,74,102,80
265,66,110,84
242,63,113,86
205,65,114,93
179,67,110,95
139,82,110,93
104,79,122,104
77,87,117,107
40,88,138,122
24,94,140,125
1,97,138,137
0,93,132,138
3,94,138,138
7,89,143,133
42,91,123,118
57,83,129,111
77,75,121,105
107,67,117,107
134,58,115,105
182,51,99,98
225,44,89,88
262,40,95,77
292,36,100,80
325,38,102,89
356,52,98,73
370,52,97,82
396,60,95,73
406,67,102,78
437,82,110,84
461,99,118,96
486,118,116,102
500,143,95,98
502,155,97,93
484,165,87,77
475,184,78,76
453,200,88,82
447,204,86,89
446,204,86,93
441,205,84,89
438,207,83,82
428,202,83,82
422,196,81,91
415,191,80,90
410,185,85,80
407,168,84,88
403,157,85,83
397,146,83,82
392,135,84,81
388,118,88,82
383,105,88,83
378,96,88,84
377,89,88,85
379,81,89,91
382,74,91,98
385,74,94,88
394,69,94,97
408,71,98,88
424,73,92,88
439,79,101,100
451,85,99,105
464,95,98,101
472,106,102,104
481,121,107,102
486,143,104,92
486,156,98,102
482,175,98,104
484,195,96,93
474,210,98,104
471,227,98,99
469,245,95,98
461,261,100,93
443,281,101,76
418,302,109,56
410,315,108,41
401,324,103,34
392,328,100,33
397,327,97,32
402,322,97,35
402,318,94,35
407,310,87,46
408,301,91,55
412,288,88,64
414,274,88,78
412,258,97,92
417,244,90,99
418,234,92,87
426,218,88,86
428,205,88,80
430,186,88,85
433,170,91,80
440,155,90,76
446,136,88,81
452,114,90,83
457,89,87,77
464,61,91,77
472,34,94,79
476,12,101,80
491,2,106,82
500,2,107,76
506,6,100,63
519,4,90,72
526,3,93,73
530,2,92,85
536,4,94,90
536,7,97,97
546,14,92,102
557,24,82,101
565,34,74,99
587,37,51,103
587,37,51,103
587,37,51,103
587,37,51,103
587,37,51,103
587,37,51,103
587,37,51,103
587,37,51,103
587,37,51,103
587,37,51,103
587,37,51,103
587,37,51,103
587,37,51,103
587,37,51,103
587,37,51,103
579,101,58,104
565,107,68,114
555,114,78,104
545,121,91,98
534,124,96,105
529,133,98,98
519,140,102,100
513,148,109,96
512,156,99,95
508,163,98,93
504,163,104,105
503,172,102,105
500,182,102,103
500,196,105,103
498,216,105,100
493,224,100,107
487,231,109,113
487,240,99,110
488,242,106,108
488,248,101,103
482,251,109,103
486,260,102,95
483,255,106,99
481,256,104,98
482,256,104,98
481,251,103,101
483,251,104,100
486,245,104,102
493,243,106,99
499,237,112,100
517,231,101,112
532,230,99,100
563,233,76,106
587,232,51,99
587,232,51,99
587,232,51,99
587,232,51,99
587,232,51,99
587,232,51,99
587,232,51,99
587,232,51,99
587,232,51,99
587,232,51,99
587,232,51,99
587,232,51,99
587,232,51,99
587,232,51,99
587,232,51,99
587,232,51,99
587,232,51,99
587,232,51,99
587,232,51,99
587,232,51,99
587,232,51,99
587,232,51,99
587,232,51,99
587,232,51,99
587,232,51,99
587,232,51,99
587,232,51,99
577,235,55,97
526,234,73,86
479,227,78,92
451,216,95,98
432,208,92,103
421,200,89,94
412,189,87,96
402,179,91,94
397,170,95,93
393,162,100,92
393,154,100,84
396,142,103,94
396,132,100,100
399,130,100,89
399,124,102,101
399,122,100,94
403,123,97,95
406,128,99,94
406,125,98,98
412,128,98,92
428,126,96,90
449,130,93,85
480,132,95,83
522,143,104,87
554,160,87,97
583,181,58,103
583,181,58,103
583,181,58,103
583,181,58,103
583,181,58,103
583,181,58,103
583,181,58,103
583,181,58,103
583,181,58,103
583,181,58,103
583,181,58,103
583,181,58,103
583,181,58,103
583,181,58,103
583,181,58,103
583,181,58,103
583,181,58,103
583,181,58,103
583,181,58,103
583,181,58,103
587,227,48,105
565,216,58,103
537,220,74,96
507,218,93,86
484,212,107,93
471,203,93,98
458,194,98,104
447,184,95,106
438,178,95,106
430,172,94,106
422,165,100,99
416,155,101,101
411,144,98,99
404,136,98,96
391,125,102,104
385,116,101,106
374,108,103,98
369,96,104,103
371,88,99,100
366,80,99,101
361,73,99,100
353,66,102,100
345,59,109,105
343,51,101,112
337,47,101,110
327,43,105,110
324,37,104,114
322,37,101,110
317,36,103,107
314,30,100,112
308,27,102,118
303,26,104,117
297,27,103,120
287,30,109,116
282,35,106,115
273,36,108,114
264,39,107,106
245,40,122,122
233,45,117,122
223,49,121,116
219,50,121,118
216,52,118,120
212,57,117,114
202,60,120,114
194,61,121,125
189,69,121,111
185,69,125,123
181,73,125,128
175,74,133,132
170,78,133,133
166,87,129,127
157,90,136,133
144,90,138,133
132,91,141,137
114,90,142,137
95,87,149,142
83,85,150,144
73,80,150,152
63,82,150,143
45,76,156,154
37,72,156,153
17,76,172,147
9,68,175,159
8,65,166,165
4,62,166,166
1,66,164,160
3,64,157,166
5,64,159,161
5,59,158,169
5,61,162,161
20,45,174,151
18,44,175,152
11,36,178,154
8,30,179,152
3,24,177,154
7,21,168,148
5,14,174,156
8,14,178,156
16,12,170,161
16,12,182,159
35,23,177,154
50,33,165,149
62,40,160,147
75,49,156,139
84,55,144,143
87,61,152,147
92,70,149,143
91,76,151,148
98,85,149,144
104,90,150,149
111,98,150,147
116,107,147,138
123,116,139,141
128,125,138,137
129,131,138,135
123,143,136,133
110,146,137,139
98,156,143,153
86,167,139,147
80,178,141,140
76,186,147,140
71,189,151,144
68,193,147,146
66,201,147,143
66,202,150,148
62,212,146,141
55,216,155,140
57,226,146,129
53,230,143,128
49,217,155,135
48,221,158,131
50,210,154,134
51,201,158,141
55,198,151,133
57,186,151,137
57,177,153,139
57,163,150,144
58,153,154,142
64,143,151,142
72,138,148,138
82,133,143,137
82,122,147,140
94,114,146,146
102,110,141,146
117,110,138,141
124,108,138,138
135,104,137,140
150,104,131,134
155,99,132,136
165,99,131,130
175,96,130,128
187,92,126,128
191,85,129,127
203,83,125,126
211,75,122,125
220,70,123,127
220,65,128,123
233,59,126,119
248,57,124,111
264,53,119,116
274,47,120,122
292,46,118,123
306,44,114,123
321,50,115,120
333,51,117,122
344,57,120,119
360,62,115,118
368,65,127,123
378,75,133,115
394,83,119,102
399,83,133,121
405,93,134,120
413,105,143,117
418,116,156,113
433,124,136,115
447,129,125,115
446,127,139,123
455,133,129,115
458,132,131,119
473,134,131,112
482,134,129,121
490,133,134,121
494,130,140,119
504,131,130,118
511,128,122,120
514,122,118,116
514,115,123,123
521,108,111,130
520,105,111,121
517,99,118,118
516,93,118,125
507,89,124,127
504,86,130,123
502,87,130,123
497,88,128,127
490,94,126,125
482,102,135,122
475,112,149,117
472,120,133,122
470,127,124,126
469,136,126,123
468,147,133,122
472,150,126,125
472,162,131,121
479,170,127,116
477,173,129,126
480,181,121,128
481,183,123,124
478,185,119,128
479,188,113,123
472,188,115,128
468,190,110,117
456,185,106,116
448,180,105,115
430,173,117,120
424,168,116,120
418,163,111,122
409,162,110,121
399,167,111,119
391,171,111,122
384,178,111,117
373,187,112,116
366,194,112,117
355,202,115,123
348,208,114,125
342,218,112,122
338,222,112,118
317,228,117,120
311,236,115,111
298,237,119,115
289,244,114,108
282,250,117,107
272,247,120,109
255,250,119,111
242,252,118,105
222,245,127,114
212,245,118,116
199,246,120,112
187,250,121,106
163,247,132,112
149,250,133,108
134,242,131,120
112,242,142,119
89,243,152,115
71,243,157,115
62,244,149,114
43,243,159,114
21,229,169,128
5,223,177,133
0,218,171,141
1,216,147,132
7,202,125,142
19,193,97,153
11,176,98,165
1,162,106,168
-1,152,103,164
-1,144,103,156
0,133,91,160
0,119,89,155
2,106,87,156
5,96,83,158
3,84,86,151
2,66,95,152
11,58,96,136
15,44,100,127
35,28,80,129
45,17,81,131
59,10,79,115
75,9,77,107
60,9,82,100
46,4,102,107
66,4,129,103
70,4,145,93
87,4,146,96
110,4,141,103
124,3,139,104
133,4,143,110
143,5,140,113
153,3,129,114
160,2,131,120
173,3,128,123
189,4,124,123
204,10,117,111
218,13,116,112
237,17,112,107
258,22,106,105
274,24,110,114
292,30,107,110
309,37,110,103
322,47,109,100
339,53,107,106
352,59,107,119
359,67,112,110
367,76,115,105
371,88,120,99
384,96,113,107
392,106,114,105
406,114,111,113
409,118,109,107
418,126,113,105
421,127,112,107
435,134,117,112
446,144,115,107
454,148,124,113
463,148,124,121
470,153,125,117
479,151,116,113
485,154,127,116
490,155,133,122
495,155,123,126
497,158,126,125
499,162,128,128
499,167,122,132
497,169,115,124
494,172,111,128
493,176,112,124
488,176,112,114
483,174,111,118
477,172,111,118
471,175,110,111
463,175,111,117
460,177,101,114
452,178,104,112
445,179,104,109
438,181,102,113
429,178,103,118
423,177,100,118
415,181,101,112
402,186,104,111
394,191,99,106
379,196,104,112
364,200,103,113
351,209,106,104
338,218,102,99
327,225,97,100
314,228,96,92
292,229,100,97
273,230,103,94
249,227,108,107
239,228,105,106
224,225,104,112
206,223,109,116
191,219,112,118
181,214,121,124
172,209,119,120
167,200,117,132
163,194,115,122
159,183,117,112
155,172,118,117
149,158,117,106
148,143,118,102
147,129,120,108
144,114,122,108
145,98,122,98
157,84,125,95
171,74,124,91
188,65,125,104
206,62,111,98
226,59,106,100
238,55,102,92
254,52,100,97
268,51,99,97
276,55,100,96
278,60,100,94
285,65,98,92
294,71,89,89
299,75,95,92
307,81,90,93
307,82,87,84
303,79,86,87
301,80,88,87
300,87,84,87
313,94,84,84
323,101,85,88
332,112,89,83
349,119,85,82
362,128,84,77
378,135,88,78
394,138,84,82
415,140,80,75
438,141,79,77
449,143,85,82
468,143,96,68
495,149,109,84
512,154,107,92
527,156,104,97
538,163,98,99
553,169,84,100
563,177,73,94
564,182,73,90
562,183,76,94
558,186,75,90
553,184,79,92
544,185,84,88
533,181,86,93
521,183,98,88
503,181,114,89
486,178,121,88
476,175,112,77
466,173,105,84
454,169,102,81
446,162,88,88
437,156,86,85
434,149,81,80
431,144,82,88
430,144,80,86
430,142,77,87
429,142,80,89
426,140,82,91
425,141,83,90
428,141,83,91
431,140,85,90
435,140,82,96
435,143,86,93
431,145,82,88
420,141,81,80
401,138,85,70
379,136,94,68
359,133,89,79
363,135,75,77
357,132,79,84
352,132,86,83
354,137,87,79
355,137,90,82
361,142,81,80
365,147,90,83
369,154,93,85
378,159,89,81
393,164,86,79
398,168,94,82
415,168,83,90
423,172,90,90
429,175,93,86
433,177,89,83
443,177,90,87
452,176,94,85
452,174,98,86
456,170,97,90
470,167,96,85
474,163,97,89
482,162,97,85
490,164,100,85
499,167,100,86
509,168,97,87
521,172,97,97
523,175,109,97
531,179,103,96
535,182,101,101
535,187,100,102
533,190,100,106
535,188,97,108
534,191,96,100
527,190,102,95
519,188,112,94
518,190,104,86
505,188,104,87
501,186,102,84
494,185,103,91
486,183,98,89
481,185,96,87
472,184,95,86
465,184,97,92
456,188,92,80
437,190,81,86
427,189,83,88
415,188,84,81
398,188,93,94
390,191,88,96
382,194,91,96
379,202,89,91
376,205,89,99
373,200,92,98
374,197,86,88
354,192,94,90
337,179,87,88
332,167,90,84
337,157,89,86
350,144,91,87
361,128,97,98
359,121,93,100
354,121,96,100
351,119,97,97
330,124,100,96
319,129,107,103
329,136,101,93
359,139,105,90
369,133,109,105
358,134,103,95
337,131,106,107
318,140,108,106
297,147,117,108
271,152,112,96
254,158,108,104
240,155,114,109
232,150,119,114
232,142,114,109
243,151,119,108
252,163,121,112
261,162,125,120
269,164,125,108
296,166,112,111
325,167,110,101
362,161,111,105
388,157,130,113
412,148,138,120
430,142,149,120
434,132,154,118
429,121,150,111
416,115,148,116
409,115,145,121
402,115,140,120
395,117,145,120
396,126,150,118
398,123,147,116
391,121,146,121
383,124,152,128
381,132,154,113
377,137,155,116
387,142,153,122
398,143,155,117
444,150,143,122
464,165,160,125
449,155,177,112
436,130,179,126
419,109,180,117
416,87,176,117
409,74,182,115
396,76,168,106
387,81,162,116
368,90,166,103
352,99,166,114
341,117,161,106
323,134,160,117
314,128,162,106
306,116,159,100
298,111,159,109
284,109,156,106
274,115,150,111
261,117,155,102
248,121,150,93
229,119,147,93
198,113,160,97
199,111,161,96
192,107,161,98
185,102,166,103
179,105,160,95
172,99,162,112
173,100,161,102
174,103,167,109
169,107,168,103
173,112,174,95
198,111,160,98
209,111,166,89
232,105,159,86
250,95,165,97
236,81,176,112
239,77,170,114
226,77,179,111
232,83,166,103
221,88,173,104
211,96,176,98
201,101,180,106
199,106,176,100
191,111,167,108
169,106,170,110
151,109,173,110
127,108,178,106
124,104,168,104
87,102,186,114
73,100,191,118
63,99,193,123
58,103,182,114
66,105,163,118
67,106,151,121
59,106,153,130
46,112,162,123
51,116,151,125
47,116,154,130
42,115,152,129
32,114,155,129
21,108,169,131
23,101,173,131
21,99,167,135
19,94,167,126
10,86,181,133
9,79,170,128
7,70,170,133
8,65,175,131
12,60,175,128
10,50,185,122
47,42,183,123
56,38,175,121
53,31,170,120
62,23,167,124
61,26,173,129
61,23,177,126
46,29,192,123
60,35,185,120
65,36,200,125
60,38,201,118
59,42,197,123
63,46,191,115
52,46,197,118
57,50,181,118
48,54,189,124
41,60,188,123
43,63,179,121
42,64,173,122
40,62,176,130
33,63,176,127
28,63,181,128
24,62,179,131
42,61,163,133
30,62,169,134
22,65,184,135
35,67,168,126
23,70,186,129
48,75,168,129
43,76,174,118
45,73,172,123
41,76,181,122
41,77,180,125
44,83,174,120
44,86,172,123
48,94,171,116
45,95,177,119
47,99,174,123
48,112,172,113
49,119,174,106
48,119,174,112
46,116,170,119
39,114,175,112
35,110,173,113
36,106,167,113
35,107,168,118
40,107,163,123
38,110,167,111
45,113,164,121
45,118,169,122
45,118,164,122
43,122,170,122
50,127,163,115
50,127,159,123
46,126,163,124
42,130,166,120
44,130,162,117
46,133,161,120
47,133,160,111
47,135,160,112
52,133,160,122
60,137,162,114
66,136,164,116
72,135,170,112
77,136,166,112
80,134,164,111
79,135,161,109
73,134,162,111
73,132,161,115
69,133,155,111
63,129,156,117
55,125,157,123
51,124,158,122
51,124,156,120
47,125,159,114
48,121,159,125
45,121,159,119
43,120,162,122
48,128,164,116
59,133,157,110
62,131,162,116
63,132,165,118
63,133,159,112
65,131,161,111
71,134,162,110
71,128,159,114
67,126,165,114
70,122,161,116
66,123,165,116
62,116,164,127
64,118,166,117
62,121,159,116
54,116,168,125
53,117,170,117
55,116,171,120
68,122,160,118
64,120,158,121
63,121,161,117
61,121,161,116
63,121,159,114
57,117,165,120
58,116,167,117
60,114,171,113
69,109,165,118
64,105,166,117
62,100,167,118
58,101,167,115
59,101,165,113
54,100,166,116
55,100,165,121
49,96,170,130
47,99,168,122
51,98,166,120
52,98,165,124
51,100,168,118
53,100,165,122
50,97,170,125
54,99,169,119
54,99,167,119
48,97,175,122
55,97,172,119
58,94,167,117
54,92,177,113
56,85,179,111
53,77,180,119
54,75,176,119
55,70,179,122
50,70,185,120
55,80,181,119
62,90,185,125
64,105,181,123
61,119,188,116
68,124,182,118
61,130,185,123
62,136,185,121
73,141,179,116
64,144,187,116
58,154,189,122
53,156,199,125
51,161,193,125
56,166,189,119
54,165,186,114
39,164,189,122
22,170,194,133
15,174,192,137
24,173,168,135
19,174,170,139
14,167,168,141
7,158,174,136
2,147,180,147
4,140,181,146
4,130,183,149
5,120,179,136
13,115,174,139
10,105,175,134
17,98,167,138
22,98,167,131
13,96,176,134
32,97,161,129
21,99,184,141
12,105,199,134
10,113,206,135
27,120,196,138
42,126,190,129
62,128,184,130
87,125,182,119
108,116,181,117
136,101,179,122
160,94,179,105
189,76,169,111
215,61,161,108
237,59,166,99
256,51,172,103
263,34,174,115
287,28,165,121
301,31,168,114
309,30,168,126
306,34,154,131
292,53,151,122
265,67,155,119
224,84,156,122
209,87,160,120
211,92,159,123
211,88,162,119
216,85,157,110
215,82,147,107
203,74,147,119
198,72,141,131
188,74,143,122
190,73,146,119
204,75,138,107
214,72,138,114
225,64,141,110
243,53,133,106
253,49,132,95
266,46,134,112
266,47,135,121
265,48,134,130
267,56,124,124
252,74,121,125
245,66,128,122
252,51,138,124
267,34,133,126
272,41,133,126
270,51,127,126
258,58,112,124
239,59,127,108
218,48,136,116
210,32,129,125
207,17,129,123
227,15,124,109
257,20,114,107
278,23,111,106
298,29,109,110
323,36,116,116
347,46,109,108
366,49,109,111
376,50,111,100
395,42,106,104
415,38,107,108
434,35,105,114
438,40,116,115
449,50,118,115
458,61,115,115
466,75,118,112
476,91,118,115
480,108,120,111
489,124,114,108
499,137,114,113
502,151,112,108
503,161,116,107
507,168,114,107
504,175,121,111
510,182,115,110
508,190,108,109
505,195,108,106
502,196,107,105
497,194,109,103
503,190,108,106
502,188,109,106
503,180,107,112
499,177,111,108
498,170,108,102
497,160,111,106
496,148,115,101
516,136,105,95
521,114,109,103
525,99,112,109
534,94,104,97
541,84,101,109
548,79,94,115
548,82,91,116
545,90,90,109
537,101,101,105
529,114,106,101
521,121,107,103
510,125,108,110
513,132,110,105
513,134,104,113
506,142,109,103
515,144,106,107
511,148,110,106
510,153,112,104
508,157,111,109
514,159,107,112
509,163,107,108
501,169,108,107
500,173,107,105
498,176,104,111
494,178,109,106
493,180,109,108
490,183,110,99
488,181,101,109
481,184,101,103
481,187,100,97
476,183,101,100
477,185,98,102
474,186,101,97
474,185,103,100
472,188,101,95
471,183,103,100
470,185,101,98
470,183,103,98
471,180,104,99
474,180,104,100
473,181,103,102
467,180,107,97
469,180,100,98
458,179,101,96
459,177,102,103
459,178,99,102
460,180,102,102
457,180,99,107
453,183,100,96
455,179,103,97
454,177,102,100
456,179,99,97
454,177,102,98
456,177,98,97
456,174,101,105
454,174,99,98
454,173,99,100
452,172,100,101
452,177,99,96
452,173,97,96
449,172,97,97
444,171,101,98
443,171,100,97
440,173,99,96
433,168,100,100
427,170,103,105
427,173,97,101
420,176,99,102
417,184,95,103
412,191,96,102
405,198,98,104
399,215,96,100
399,222,94,108
397,227,96,108
389,227,95,97
380,225,94,104
370,219,97,101
359,216,94,98
352,212,95,100
344,210,90,99
337,211,92,102
330,209,95,106
319,212,93,99
305,208,94,91
291,204,94,96
277,201,95,103
272,206,99,103
271,206,99,109
269,209,103,116
274,218,104,113
278,223,103,116
288,232,102,112
290,237,101,111
293,240,99,107
290,247,104,102
289,241,101,108
296,242,99,104
306,237,101,96
317,228,106,96
333,215,109,95
347,209,107,95
362,201,107,91
383,187,104,96
401,176,108,100
407,162,117,112
421,153,116,113
432,146,117,113
447,137,118,118
452,135,123,115
443,130,127,113
438,117,122,119
430,118,129,114
408,114,127,108
391,112,132,118
374,108,128,126
357,109,125,114
352,109,120,105
349,103,124,113
344,106,126,109
345,114,125,110
351,123,125,110
363,125,123,110
374,126,123,115
379,128,125,116
388,126,125,118
398,126,125,112
399,129,128,118
398,133,123,112
395,133,120,119
388,135,121,123
380,142,122,117
377,142,124,124
380,143,119,119
382,146,120,119
389,149,120,119
394,152,123,122
401,156,118,111
406,154,120,122
409,152,120,129
412,157,120,117
413,155,121,119
416,154,121,115
416,153,122,125
416,152,120,114
417,156,123,118
417,152,121,117
417,153,125,125
420,152,126,120
417,152,125,114
415,147,127,125
415,145,124,121
414,146,119,117
415,144,123,121
412,143,120,118
407,144,124,120
404,141,123,121
408,142,118,115
406,142,120,126
409,142,117,115
406,141,121,120
406,138,124,122
405,138,123,123
400,138,122,127
401,140,119,116
394,138,114,127
381,142,111,123
375,142,116,127
371,147,106,114
362,150,107,114
365,151,113,113
368,152,105,111
365,152,107,113
368,155,108,109
374,162,103,108
373,171,105,104
372,178,105,106
369,181,102,112
366,189,99,102
359,201,100,96
352,213,96,97
345,225,93,95
340,228,94,103
339,226,96,103
345,224,96,103
344,221,96,109
350,218,96,113
352,220,93,101
357,217,95,105
365,215,97,107
380,216,89,97
392,216,92,98
410,220,94,96
424,223,98,102
447,227,92,97
457,231,107,102
464,232,110,109
473,229,110,111
474,229,109,107
470,230,109,109
471,225,106,115
467,225,110,115
461,223,109,109
455,221,112,114
456,220,109,103
454,219,106,107
451,219,108,107
449,215,109,113
444,214,106,113
438,215,110,116
440,215,109,103
437,216,111,110
436,215,108,103
438,216,107,101
436,212,111,113
434,213,111,103
434,209,111,113
435,209,108,105
432,210,111,102
433,206,113,103
435,208,109,102
433,206,105,107
435,204,107,108
434,207,108,102
436,204,105,103
432,204,110,113
432,204,109,104
431,207,107,103
431,203,105,108
431,205,109,102
429,205,109,108
431,203,107,111
430,202,109,108
432,202,105,106
433,205,109,105
431,205,107,101
427,204,111,103
428,202,112,100
428,205,110,103
424,202,110,108
425,199,105,99
423,198,110,110
421,197,110,107
421,196,111,107
419,197,111,106
420,198,110,104
420,197,109,103
419,198,111,99
419,197,110,108
420,196,107,106
418,196,110,109
420,193,105,109
418,194,110,107
417,195,109,101
417,194,112,102
414,194,111,102
413,194,109,105
412,191,109,108
413,191,108,110
412,194,110,104
414,192,105,107
413,193,105,101
412,191,111,111
414,193,109,106
412,195,112,111
411,195,111,105
411,193,111,109
411,193,113,104
411,192,109,112
410,190,105,108
407,191,107,103
404,192,107,97
401,190,112,102
399,186,109,100
397,184,113,105
397,182,108,104
393,181,114,108
393,179,114,99
390,178,112,102
390,176,114,111
389,174,115,115
391,174,112,111
386,178,116,106
384,178,116,113
383,179,114,111
382,180,115,116
382,178,111,103
381,176,114,113
382,173,117,109
383,176,116,110
381,174,121,105
382,174,122,104
388,173,119,103
393,172,119,102
397,170,119,109
402,170,118,105
403,172,123,109
402,174,121,105
401,176,122,112
403,177,118,117
402,177,119,109
404,181,120,108
403,179,118,114
404,181,121,105
