284,156,113,111
289,150,108,116
291,154,110,113
294,143,99,118
290,154,105,110
293,150,93,113
293,151,91,115
296,147,81,119
294,154,80,114
298,153,69,109
298,156,64,106
298,152,62,106
297,151,56,107
296,150,58,107
298,150,49,104
300,151,43,104
300,146,42,102
300,149,45,104
303,141,40,108
304,139,36,109
415,271,37,99
422,268,34,87
425,271,27,77
324,172,30,66
331,154,26,61
337,164,30,68
337,162,34,69
351,145,32,78
348,139,39,80
230,187,56,83
225,184,75,88
214,182,98,92
205,184,118,89
203,181,130,100
203,181,136,100
203,183,140,96
203,183,149,98
203,184,150,100
204,183,161,104
204,182,164,115
204,181,160,123
207,182,159,125
203,182,163,123
203,182,165,123
200,179,170,133
199,181,169,157
193,181,174,174
198,186,171,171
357,-5,137,153
364,4,118,119
229,186,138,115
222,184,145,117
213,185,156,113
206,182,162,123
201,181,166,131
199,183,172,143
188,186,179,169
192,186,179,166
194,185,175,168
198,185,169,165
202,182,165,164
205,187,159,171
202,183,160,168
193,185,171,171
189,186,171,162
198,182,165,173
196,181,167,176
191,181,172,172
191,180,173,170
190,183,172,176
188,181,174,171
255,28,127,157
266,15,103,137
254,50,95,109
250,62,96,92
222,84,101,71
218,89,103,65
204,94,98,83
210,95,85,79
194,98,89,88
193,98,90,88
177,98,98,86
174,99,99,85
166,93,93,89
168,91,85,91
162,93,90,93
159,92,89,93
157,93,85,102
157,94,85,103
233,190,113,99
228,184,132,109
211,181,146,116
204,183,158,115
139,105,124,90
148,108,104,87
165,96,90,85
177,96,76,86
184,97,74,80
186,103,74,72
192,109,77,72
193,112,75,70
198,112,78,76
198,112,79,73
207,105,71,76
207,106,71,77
210,103,67,75
210,104,69,75
210,107,69,73
209,106,70,74
211,112,71,70
211,112,71,70
214,113,67,77
216,113,65,78
219,115,62,78
216,117,61,75
215,116,63,72
213,115,64,71
211,110,55,73
211,109,54,75
201,104,53,78
204,103,46,76
182,103,51,79
184,102,48,79
161,104,51,76
159,105,51,74
139,105,51,73
138,106,50,73
116,113,55,75
111,113,56,76
82,122,67,76
78,120,70,84
64,126,68,82
63,130,66,81
51,135,70,78
53,137,69,75
52,142,66,77
52,141,64,82
66,147,58,78
65,147,61,80
82,157,58,78
85,157,59,72
104,166,57,69
107,168,58,65
135,172,49,72
142,174,52,75
167,174,38,80
167,174,38,80
167,174,38,80
167,174,38,80
167,174,38,80
167,174,38,80
167,174,38,80
247,180,30,73
247,179,30,75
250,175,29,76
250,174,29,74
248,176,30,70
239,175,35,70
241,175,29,72
225,173,35,78
212,175,38,75
200,176,45,77
194,175,35,81
181,169,36,77
172,167,34,72
163,168,38,65
149,164,39,67
145,164,40,63
134,159,41,67
130,157,43,68
121,154,43,66
121,153,43,66
114,155,49,62
114,156,51,60
113,160,55,55
120,163,54,57
121,165,53,55
130,173,53,57
131,169,57,66
143,183,56,59
146,183,55,63
160,189,68,61
164,193,73,63
182,194,73,66
197,187,75,74
207,187,76,76
218,184,82,84
224,184,85,83
236,185,90,81
239,184,95,77
246,180,109,88
249,178,113,100
252,167,110,113
252,160,104,96
255,159,86,85
253,155,80,80
249,155,81,77
233,152,83,75
221,152,92,67
206,147,89,69
202,143,86,68
188,143,81,64
163,137,80,64
155,135,85,67
135,132,79,61
127,131,87,60
112,126,83,54
107,123,84,54
93,111,85,53
90,107,85,53
80,92,86,54
80,88,85,54
73,76,82,54
76,63,88,55
74,63,86,58
83,54,84,58
86,57,82,54
96,52,76,52
101,53,74,47
117,48,72,46
117,44,72,49
136,39,71,49
155,34,63,47
160,33,60,47
166,28,62,48
172,26,58,49
178,20,57,52
180,19,51,52
191,12,42,49
192,12,39,47
190,3,37,45
188,1,34,40
187,1,31,37
181,2,29,32
181,3,29,28
173,3,27,23
168,5,25,20
164,3,25,19
163,4,22,17
158,6,18,12
152,6,18,14
151,6,14,15
142,9,16,18
140,9,18,21
137,10,19,25
136,10,21,27
133,23,23,31
132,21,23,36
130,28,23,43
125,44,25,48
126,42,24,57
125,53,26,64
125,64,23,62
127,77,26,67
129,84,24,67
130,102,31,71
131,103,33,71
137,134,38,66
136,137,45,68
149,154,51,69
164,166,49,65
168,165,48,65
182,174,60,62
196,176,57,65
216,179,60,71
231,183,53,71
243,185,65,75
265,186,52,74
280,186,57,74
290,189,68,72
293,189,69,77
306,189,69,82
318,195,59,74
327,197,60,75
321,195,64,80
330,203,62,77
328,205,65,78
327,211,66,77
326,213,64,75
321,212,67,76
313,210,67,78
308,212,69,76
298,213,65,76
290,213,70,76
273,210,77,80
255,215,88,77
245,214,92,83
235,207,96,85
214,214,87,74
214,217,67,79
196,211,71,85
186,213,68,88
176,214,76,82
169,205,73,90
167,201,76,90
164,199,72,86
165,195,73,90
167,185,76,95
176,181,79,97
183,183,77,90
198,187,80,86
212,181,80,92
226,181,87,91
247,186,114,91
255,183,107,96
279,173,92,91
307,171,83,80
327,169,85,76
340,168,88,60
360,162,86,59
369,158,89,59
384,153,90,59
390,153,87,55
398,146,94,58
397,145,95,58
402,142,95,62
396,144,92,62
395,144,86,63
382,152,88,63
368,155,92,63
353,163,88,62
346,169,76,57
314,174,84,60
291,173,83,63
265,179,85,62
232,182,96,68
207,177,79,67
182,170,78,68
162,158,73,71
132,152,78,83
123,142,82,91
101,141,80,85
88,140,89,87
73,135,81,90
57,130,83,95
57,130,84,96
49,130,85,102
56,129,86,100
55,137,89,100
55,137,91,100
70,146,95,101
74,151,93,100
107,160,87,98
116,165,83,84
152,171,72,77
181,176,84,80
201,181,92,84
222,184,98,78
239,184,121,90
264,172,98,94
289,177,81,81
306,166,78,69
316,169,73,56
324,165,77,51
331,161,80,56
335,162,75,57
336,167,76,58
333,170,74,58
326,179,71,56
322,180,72,62
301,190,74,63
287,193,74,65
252,204,79,63
228,200,78,68
197,196,84,72
161,186,89,74
148,181,77,77
124,174,76,84
105,168,93,89
81,153,90,94
71,146,95,97
54,133,95,96
48,122,85,94
47,117,79,98
50,116,72,90
51,116,71,90
53,114,74,93
56,116,72,94
60,125,78,98
64,129,76,95
79,147,88,98
83,153,93,91
113,179,88,85
135,184,92,83
166,195,85,77
192,199,87,75
218,205,79,68
243,209,79,65
262,208,73,65
273,190,85,82
281,192,82,83
293,188,81,80
300,192,80,64
303,191,79,62
303,191,78,66
297,191,81,76
286,192,84,82
278,198,80,74
264,208,83,70
249,215,73,64
226,218,75,60
204,223,74,54
172,213,72,65
136,203,74,67
122,198,76,71
93,189,76,74
85,175,75,82
65,158,66,84
61,153,64,83
46,134,61,81
28,116,67,87
26,113,64,87
20,107,66,84
21,106,68,85
24,107,66,86
26,105,67,88
38,117,66,86
51,131,67,84
59,144,81,88
75,156,84,94
93,169,89,86
118,177,93,88
155,192,86,80
194,194,80,81
232,204,74,74
254,205,84,73
280,197,83,84
313,192,73,69
333,187,64,55
343,178,70,51
357,165,69,48
372,162,63,47
381,151,68,47
388,149,63,48
387,145,71,50
389,145,69,50
385,143,71,54
380,141,73,56
362,150,75,59
351,161,68,57
334,166,71,55
314,176,65,57
295,173,60,62
254,182,72,62
219,178,72,61
178,157,76,66
147,151,73,73
122,136,83,84
84,115,95,92
74,111,86,85
56,88,76,90
56,84,67,87
36,65,69,85
39,64,65,79
36,56,58,77
37,54,58,79
39,52,62,80
52,59,55,82
54,65,51,76
69,83,50,75
75,94,61,86
91,113,70,91
107,130,76,88
132,151,72,82
152,160,69,72
201,178,62,67
232,184,66,70
265,180,69,57
294,175,62,47
310,165,70,51
328,151,74,52
336,145,78,55
353,134,81,58
357,126,84,65
366,115,90,73
365,114,91,74
369,110,93,79
364,118,90,78
362,124,85,74
349,142,83,68
347,155,73,60
328,178,65,56
304,186,74,65
268,200,79,73
244,202,66,71
204,201,69,66
171,198,66,65
135,185,67,71
108,177,76,76
88,166,81,85
70,146,71,84
61,134,75,89
46,116,72,88
48,110,67,83
39,93,65,85
38,88,61,78
37,87,62,80
40,89,61,84
41,86,63,85
47,97,70,84
49,101,66,81
62,116,75,90
73,124,91,105
94,149,90,93
114,163,89,97
146,179,72,80
193,195,67,75
228,201,65,69
254,203,72,66
290,191,67,76
316,184,69,66
339,173,64,58
357,175,59,42
369,168,59,44
383,161,61,40
391,150,60,46
392,146,62,49
397,143,62,51
394,141,62,55
386,146,64,53
382,148,65,51
364,167,62,48
355,175,55,47
332,185,60,51
315,192,60,55
287,206,58,48
254,203,65,63
224,201,65,63
194,188,63,73
163,182,52,76
138,176,68,77
125,162,72,85
96,143,83,86
82,120,77,91
81,110,75,91
80,97,65,83
80,92,67,81
81,92,55,73
80,86,59,75
81,89,59,76
80,91,61,75
90,101,55,80
94,110,62,91
108,127,71,91
126,143,77,88
143,166,69,74
180,182,79,71
196,185,70,74
233,189,71,74
253,191,58,74
293,185,54,61
302,173,57,58
309,170,63,48
327,164,64,43
327,158,70,48
334,147,72,51
337,146,73,52
339,144,75,53
338,147,73,50
338,149,69,48
338,151,64,48
328,163,62,45
311,173,59,55
303,175,54,58
280,187,61,57
259,189,58,64
235,202,61,55
209,194,55,67
172,183,61,69
146,178,64,80
136,166,60,79
115,157,56,81
102,151,59,78
87,136,62,81
83,130,61,81
70,118,68,81
69,111,67,85
64,106,65,86
67,106,69,85
71,107,68,90
82,121,69,85
83,117,76,90
99,127,81,99
108,133,82,93
128,149,89,84
148,156,80,75
189,164,80,74
199,171,97,70
226,170,99,68
247,168,97,65
271,166,82,61
289,160,83,56
300,155,81,58
312,150,80,56
315,147,80,56
318,146,84,50
316,144,82,51
313,142,79,52
310,144,80,50
289,149,85,48
273,152,78,52
263,153,80,54
232,153,81,60
210,152,91,64
176,147,87,68
154,140,82,67
125,134,88,84
107,123,98,93
76,110,98,96
54,92,95,98
56,88,82,94
37,70,84,95
38,65,79,95
24,54,82,98
27,52,77,95
19,49,84,94
26,46,84,101
44,54,78,102
49,54,71,97
51,51,51,91
56,48,42,96
201,116,37,83
242,142,50,73
274,145,48,71
299,152,45,62
318,148,44,54
329,148,40,51
349,147,36,47
360,147,39,44
372,142,43,43
375,139,44,43
381,133,47,45
381,126,47,48
381,120,47,49
377,116,44,50
372,115,46,48
355,110,46,47
344,107,50,49
328,102,56,53
313,96,58,58
295,88,54,68
263,81,51,72
247,76,63,70
221,67,59,79
207,68,65,75
179,57,63,77
166,53,68,80
147,49,64,74
144,50,62,69
128,46,59,68
127,47,57,69
110,49,65,67
103,54,65,69
104,57,63,67
103,65,60,70
107,69,58,68
112,83,60,64
114,84,61,69
127,97,60,63
130,101,61,61
146,111,59,59
162,121,58,53
167,127,61,49
183,135,60,46
189,142,62,41
207,150,54,37
217,151,42,33
232,156,46,30
237,158,41,28
258,163,42,25
263,164,49,23
282,168,48,24
282,168,48,24
282,168,48,24
282,168,48,24
282,168,48,24
282,168,48,24
355,185,46,31
369,178,53,36
373,169,61,47
378,161,66,47
394,151,65,42
397,146,65,44
408,131,63,49
408,129,65,48
411,116,65,52
412,113,61,52
406,102,54,55
400,102,53,53
379,96,47,53
347,100,55,49
332,102,45,54
304,101,48,63
266,111,60,65
236,115,62,64
207,120,58,60
170,116,72,59
142,120,69,59
122,119,71,52
82,118,79,49
66,116,79,55
45,113,76,51
48,114,63,51
28,116,60,44
23,118,61,41
17,121,52,35
17,121,46,36
21,121,38,41
27,122,32,40
32,129,35,43
38,137,38,44
39,144,44,40
52,152,47,45
58,156,51,46
73,163,56,55
83,173,57,49
103,183,62,54
108,190,61,48
132,198,62,50
154,204,47,46
158,203,41,46
158,203,41,46
158,203,41,46
158,203,41,46
158,203,41,46
158,203,41,46
158,203,41,46
158,203,41,46
158,203,41,46
158,203,41,46
158,203,41,46
158,203,41,46
158,203,41,46
158,203,41,46
158,203,41,46
158,203,41,46
158,203,41,46
158,203,41,46
158,203,41,46
158,203,41,46
158,203,41,46
158,203,41,46
158,203,41,46
158,203,41,46
158,203,41,46
158,203,41,46
158,203,41,46
158,203,41,46
158,203,41,46
158,203,41,46
158,203,41,46
158,203,41,46
158,203,41,46
158,203,41,46
158,203,41,46
158,203,41,46
158,203,41,46
158,203,41,46
158,203,41,46
158,203,41,46
158,203,41,46
158,203,41,46
158,203,41,46
179,110,41,33
186,102,43,41
196,102,42,46
214,112,45,53
213,114,50,52
230,128,51,48
230,132,53,50
238,138,50,45
241,140,47,45
250,145,48,44
247,150,54,38
252,158,54,33
257,165,51,24
256,171,53,19
256,171,53,19
256,171,53,19
256,171,53,19
256,171,53,19
256,171,53,19
256,171,53,19
256,171,53,19
256,171,53,19
256,171,53,19
256,171,53,19
256,171,53,19
290,142,51,23
290,142,51,23
290,142,51,23
290,142,51,23
290,142,51,23
290,142,51,23
290,142,51,23
290,142,51,23
290,142,51,23
290,142,51,23
290,142,51,23
290,142,51,23
290,142,51,23
231,166,48,23
232,166,42,19
241,161,37,22
239,155,40,27
240,150,40,33
236,143,45,38
237,139,47,43
233,126,51,50
232,120,52,54
231,107,53,57
228,105,58,56
220,94,66,59
216,90,68,60
218,90,66,59
217,88,65,60
218,88,65,59
216,85,65,61
216,84,67,59
215,81,67,59
219,81,63,56
219,79,66,57
221,79,67,53
220,79,66,53
226,83,62,52
226,84,62,52
233,91,54,54
235,95,51,54
240,103,51,53
242,106,47,51
244,110,47,52
247,111,45,51
252,115,41,50
259,121,34,50
262,119,30,52
266,122,27,53
268,124,25,51
272,126,20,52
274,127,19,50
278,130,15,49
278,130,13,49
278,131,13,49
276,130,16,52
275,130,18,52
271,129,22,51
270,129,24,51
263,130,31,46
263,129,30,47
255,126,38,43
255,129,36,39
247,122,42,42
240,117,47,42
238,117,49,40
230,108,55,45
230,108,55,40
223,104,60,40
219,103,64,40
218,99,64,43
216,99,65,44
213,92,67,52
213,89,65,52
213,88,65,52
214,85,66,53
215,86,65,52
215,87,68,51
214,86,68,53
214,86,68,53
216,87,67,55
217,89,64,56
219,89,66,57
218,90,66,56
221,91,66,56
220,90,64,58
223,91,66,59
222,91,64,60
224,90,62,66
224,92,60,64
221,96,61,68
223,98,58,66
224,109,52,62
225,115,46,67
226,114,42,70
221,117,42,77
222,116,39,83
221,121,37,87
223,123,34,88
221,137,31,86
224,142,28,85
227,149,23,89
231,153,18,91
234,158,16,86
235,159,19,88
234,162,22,88
233,168,28,89
233,174,30,86
230,188,38,77
229,192,40,77
229,192,40,77
229,192,40,77
223,227,50,77
217,239,60,73
215,241,65,75
212,247,69,73
210,249,71,73
205,255,78,73
200,258,82,73
199,260,83,75
198,258,83,76
198,258,85,74
194,250,88,74
196,244,83,74
192,230,87,73
192,220,85,77
194,211,85,72
192,207,87,75
192,194,89,81
193,186,89,87
194,178,84,86
195,173,83,84
196,167,88,80
197,159,82,76
200,157,82,69
205,144,84,70
202,143,88,62
209,127,83,65
207,124,80,65
213,105,78,77
212,90,79,76
211,86,80,78
212,80,77,72
213,79,72,72
218,77,68,62
216,75,68,64
218,64,64,61
219,58,61,64
223,47,54,58
227,31,48,55
228,25,45,57
232,11,38,55
234,8,37,54
237,1,30,49
238,3,26,45
240,1,20,40
239,0,21,42
239,1,19,40
240,2,18,42
240,1,18,46
241,7,19,45
241,11,20,46
243,17,21,48
242,17,22,51
242,25,25,54
243,32,24,49
242,41,27,51
240,50,29,53
239,57,33,49
238,67,34,55
237,78,36,52
235,89,37,55
232,104,39,57
231,118,40,53
232,136,42,47
226,153,49,35
225,155,44,30
225,155,44,30
225,155,44,30
225,155,44,30
255,89,37,34
255,89,37,34
254,105,38,31
252,114,32,29
258,122,28,31
258,122,28,31
258,122,28,31
258,122,28,31
258,122,28,31
258,122,28,31
258,122,28,31
258,122,28,31
258,122,28,31
258,122,28,31
258,122,28,31
251,131,34,34
248,125,38,34
243,122,44,36
241,117,42,34
242,117,39,29
240,105,38,33
241,100,45,35
241,100,45,35
241,100,45,35
211,162,41,33
203,162,35,37
204,159,34,31
206,151,29,31
205,149,31,32
209,132,25,36
210,124,24,40
211,111,22,44
212,108,21,42
213,98,24,46
216,91,22,45
223,83,20,44
230,73,16,45
230,66,16,49
236,57,17,50
237,52,17,53
242,41,17,58
244,39,17,58
250,31,16,59
252,26,17,63
257,20,16,63
260,20,20,61
261,20,19,62
263,19,20,66
262,19,21,67
263,21,23,69
263,21,23,71
260,29,27,66
260,30,27,67
258,46,26,59
254,65,31,65
252,69,33,62
249,85,39,69
242,90,46,68
239,103,45,66
239,104,44,66
234,117,48,64
234,116,48,66
229,130,52,57
226,136,55,58
224,135,56,63
223,133,59,61
221,134,60,60
220,131,59,58
223,130,60,60
220,125,65,66
221,125,66,65
220,127,65,65
220,126,65,68
220,133,63,64
217,142,66,64
216,144,67,64
217,149,71,68
217,151,71,67
216,153,73,70
216,152,74,71
218,155,76,69
218,155,75,69
221,157,78,70
220,160,83,67
222,160,78,68
223,164,81,68
222,165,81,69
226,167,80,68
225,169,81,66
228,170,82,64
225,170,83,65
227,169,79,65
225,170,80,65
227,172,79,63
222,173,83,64
223,175,80,62
223,180,76,63
218,181,80,71
212,182,82,83
203,183,92,87
197,184,96,86
200,184,87,88
202,184,83,86
203,186,76,83
201,188,76,78
201,186,70,85
198,191,72,82
196,201,64,76
195,208,64,71
188,211,65,72
187,214,60,67
186,210,61,72
183,205,63,78
187,208,61,71
183,204,56,75
185,201,59,78
189,196,53,80
186,200,54,71
189,190,53,75
193,186,46,77
196,183,50,74
199,178,49,72
202,167,47,76
206,155,47,74
208,155,45,71
214,146,44,68
215,144,43,67
220,137,43,65
220,135,41,66
225,131,41,63
230,121,35,64
231,121,38,62
232,117,38,60
236,111,33,63
238,102,31,63
238,99,31,63
242,93,24,60
241,89,24,58
241,85,22,54
240,82,21,51
240,83,20,51
238,84,19,47
238,83,19,50
232,85,20,51
232,83,20,54
226,83,18,49
229,82,15,46
221,77,18,45
213,74,24,45
214,72,22,46
212,71,18,49
208,73,23,48
206,76,21,46
202,78,27,46
202,77,26,48
202,77,25,50
200,82,28,49
201,85,26,46
202,91,26,50
204,94,27,52
204,98,26,49
207,102,27,50
207,101,26,55
210,107,27,56
210,114,28,51
214,122,29,48
217,130,30,45
223,136,27,44
230,142,28,39
231,141,27,40
238,153,24,39
244,154,21,35
246,163,27,30
246,163,27,30
246,163,27,30
246,163,27,30
246,163,27,30
246,163,27,30
246,163,27,30
246,163,27,30
246,163,27,30
246,163,27,30
246,163,27,30
246,163,27,30
246,163,27,30
246,163,27,30
246,163,27,30
246,163,27,30
246,163,27,30
246,163,27,30
246,163,27,30
246,163,27,30
246,163,27,30
246,163,27,30
246,163,27,30
246,163,27,30
246,163,27,30
246,163,27,30
246,163,27,30
246,163,27,30
246,163,27,30
246,163,27,30
246,163,27,30
246,163,27,30
246,163,27,30
246,163,27,30
218,167,26,26
217,165,26,26
208,157,31,31
205,155,35,31
201,151,37,35
201,149,36,40
195,140,39,41
196,135,39,45
192,121,41,47
189,108,43,48
190,104,42,52
188,100,46,48
188,99,44,48
186,98,45,45
186,97,50,46
186,99,48,43
185,98,51,44
190,94,54,47
202,91,52,47
203,91,53,46
213,90,54,49
217,90,49,49
236,98,43,46
243,104,37,48
257,118,39,43
265,131,43,49
276,136,41,43
295,148,40,48
299,157,36,56
309,170,42,63
314,171,42,76
315,183,49,76
316,186,48,77
317,190,47,76
316,188,47,79
304,188,56,81
299,192,52,74
286,192,51,68
263,188,57,66
257,185,49,71
233,185,57,62
226,185,48,62
205,180,53,63
192,179,51,61
171,180,54,57
161,178,57,58
147,182,58,46
120,180,68,43
115,180,75,42
93,174,85,44
91,175,82,42
83,172,87,44
84,172,87,45
81,170,88,46
84,170,86,46
89,177,92,49
108,186,84,57
115,190,77,51
134,209,77,54
149,218,83,56
172,239,81,44
203,252,73,46
240,257,61,53
281,272,60,41
305,279,58,43
335,272,66,53
363,270,60,67
390,263,69,76
405,252,76,86
425,246,76,89
442,245,78,86
455,239,85,83
468,236,83,84
475,227,95,88
479,226,98,89
488,219,90,99
483,220,96,99
483,222,95,101
471,229,100,96
461,233,118,96
444,241,104,92
431,244,98,92
409,244,96,104
395,250,95,104
368,259,95,81
343,265,93,66
327,261,78,60
294,261,74,52
269,247,66,57
245,235,65,54
217,225,65,51
199,204,62,56
185,188,58,67
162,182,60,56
156,168,58,48
148,162,60,48
139,152,60,46
137,148,59,46
136,144,56,44
137,145,54,45
140,149,55,47
142,149,56,51
150,164,66,50
161,180,60,53
170,187,69,63
210,205,59,63
233,227,49,51
259,255,38,46
296,275,47,40
337,288,47,47
376,296,51,58
419,306,54,49
460,315,60,44
495,317,68,41
537,309,65,46
574,300,63,57
590,300,49,56
601,288,39,65
601,288,39,65
601,288,39,65
601,288,39,65
601,288,39,65
601,288,39,65
601,288,39,65
601,288,39,65
601,288,39,65
601,288,39,65
601,288,39,65
612,231,30,55
596,227,39,53
569,223,48,54
558,225,64,51
514,226,70,60
453,223,87,71
421,213,91,73
370,198,102,73
349,175,84,65
327,165,84,63
298,153,83,48
263,140,87,47
232,126,83,55
210,106,76,56
208,100,71,58
189,87,75,61
181,84,80,63
160,74,84,70
159,74,87,73
147,74,84,81
145,77,83,78
139,91,76,79
143,116,76,74
144,126,77,68
164,158,71,56
168,167,75,62
188,186,76,72
226,213,73,63
262,241,85,50
306,250,86,54
352,249,89,68
388,257,100,76
425,253,108,93
472,244,130,108
503,240,113,106
533,235,101,95
567,207,72,95
567,207,72,95
567,207,72,95
567,207,72,95
567,207,72,95
567,207,72,95
567,207,72,95
567,207,72,95
567,207,72,95
567,207,72,95
567,207,72,95
581,171,56,83
550,181,52,84
513,214,61,74
469,227,67,64
430,228,62,68
396,228,74,67
362,217,63,67
327,214,70,57
282,200,80,62
242,188,80,64
213,158,86,65
192,143,94,62
166,116,113,76
149,94,109,88
148,85,108,97
135,69,112,102
135,65,112,103
128,66,115,102
134,64,112,104
141,77,118,100
142,85,123,96
173,106,111,88
196,123,96,89
242,155,112,76
272,176,113,65
317,178,94,61
360,174,85,64
383,166,87,64
432,150,81,63
475,134,69,69
511,123,61,66
544,109,53,63
568,90,57,71
593,75,43,74
603,71,33,73
604,53,31,76
615,61,26,71
620,53,22,71
611,64,26,60
612,59,24,67
609,49,27,75
598,72,39,72
581,86,49,77
542,98,62,86
498,111,76,100
446,125,90,89
386,139,87,93
354,140,96,91
311,136,83,78
259,124,81,71
212,124,79,61
176,105,92,68
149,95,85,58
128,77,90,57
121,72,83,50
108,55,84,48
104,54,80,45
99,45,78,46
99,46,75,45
98,44,72,48
104,49,71,54
107,52,69,56
117,67,69,54
117,71,79,54
141,93,66,47
153,99,57,45
169,114,63,40
182,119,52,36
209,134,55,31
221,141,61,37
236,141,49,36
277,143,40,34
283,141,47,37
307,134,40,43
309,131,44,48
328,128,36,48
334,123,37,55
351,124,32,56
357,125,33,56
369,127,31,57
385,129,25,58
386,130,26,56
385,129,30,56
384,128,31,56
377,128,36,55
375,127,37,54
359,129,43,49
354,128,44,49
336,124,44,54
311,123,42,57
294,126,42,54
260,124,44,57
231,124,52,57
206,125,53,53
176,124,59,49
144,125,71,44
137,126,70,42
108,125,75,53
89,123,73,64
85,121,76,70
71,128,75,71
72,129,71,74
66,133,72,81
69,137,74,79
75,142,70,81
78,146,68,80
81,153,75,78
86,157,70,72
108,166,61,65
121,172,63,60
129,176,58,55
147,181,52,49
151,183,49,45
167,186,36,40
166,187,37,37
166,187,37,37
166,187,37,37
166,187,37,37
166,187,37,37
166,187,37,37
166,187,37,37
166,187,37,37
166,187,37,37
166,187,37,37
166,187,37,37
166,187,37,37
166,187,37,37
166,187,37,37
166,187,37,37
166,187,37,37
166,187,37,37
166,187,37,37
166,187,37,37
166,187,37,37
166,187,37,37
166,187,37,37
166,187,37,37
166,187,37,37
166,187,37,37
166,187,37,37
166,187,37,37
166,187,37,37
166,187,37,37
166,187,37,37
166,187,37,37
166,187,37,37
242,110,43,40
236,87,51,48
211,83,64,54
192,87,71,49
178,90,72,45
160,85,69,52
156,84,72,55
145,76,72,59
145,76,73,59
143,77,67,49
145,81,62,42
145,85,58,40
151,91,54,36
153,94,54,35
162,102,53,34
163,105,53,35
176,111,49,34
177,111,47,34
187,115,43,38
199,114,41,48
202,113,41,50
212,115,36,48
215,113,36,48
227,111,32,48
229,108,29,52
235,105,29,55
236,103,30,55
242,99,29,55
248,99,24,49
248,98,24,49
250,97,26,44
249,96,26,44
250,97,27,40
250,97,27,42
252,97,24,42
252,99,24,40
254,104,21,42
252,108,21,46
252,108,19,48
251,113,18,52
251,112,17,56
247,123,22,55
246,127,23,53
243,145,21,56
246,150,19,58
247,158,15,56
248,155,15,60
248,156,21,64
247,160,25,66
247,159,27,70
248,162,25,74
249,162,25,76
250,163,26,78
250,163,28,76
248,162,34,73
248,153,34,82
248,146,39,76
252,119,36,66
253,118,41,62
251,84,48,68
252,78,53,61
250,57,59,54
249,49,59,54
253,25,54,60
252,6,55,74
254,3,54,63
254,2,53,53
254,2,48,50
253,2,46,42
253,3,47,43
255,6,47,46
253,10,48,53
253,23,48,53
253,36,44,46
252,53,42,43
250,73,45,42
252,81,40,45
255,92,30,43
255,96,29,39
255,112,28,40
256,114,27,40
256,122,26,47
256,126,26,44
256,132,23,50
256,134,22,48
257,146,19,39
251,154,24,32
251,158,26,30
251,158,26,30
251,158,26,30
251,158,26,30
251,158,26,30
266,101,31,24
266,101,31,24
264,122,36,25
263,127,37,30
267,134,36,33
267,134,36,33
267,134,36,33
267,134,36,33
267,134,36,33
267,134,36,33
267,134,36,33
263,125,38,34
261,119,39,30
261,119,39,30
257,91,43,34
259,78,39,45
259,54,28,47
336,58,33,53
336,58,33,53
336,58,33,53
242,153,40,43
246,135,36,44
247,130,35,42
243,121,38,38
243,117,39,39
239,106,41,39
238,105,42,39
235,99,44,41
235,98,44,43
230,93,48,49
229,93,50,49
226,87,52,53
225,86,56,48
226,85,55,47
224,82,61,45
223,84,62,43
224,82,63,46
223,84,63,45
222,89,68,50
220,93,70,56
218,103,75,56
218,116,79,58
219,118,77,57
219,124,81,57
219,124,81,56
217,125,80,58
215,122,85,62
216,118,78,62
219,118,75,62
218,109,78,56
217,103,75,49
218,101,74,46
222,88,74,50
223,87,68,48
226,83,68,50
226,84,66,50
228,86,63,50
230,89,59,48
232,95,59,48
235,108,57,40
237,108,57,42
239,116,56,41
241,115,56,43
243,122,54,45
243,125,51,40
244,135,51,43
245,138,51,40
246,155,44,29
257,165,44,23
257,165,44,23
257,165,44,23
257,165,44,23
252,98,38,28
244,103,40,32
249,114,31,32
249,119,28,30
248,129,31,30
248,129,33,31
247,130,33,34
248,134,32,32
248,134,32,32
248,124,35,37
248,122,32,36
247,109,35,40
247,102,29,38
245,87,25,38
251,78,31,38
245,64,26,40
243,47,28,43
245,41,27,41
243,25,29,41
243,19,29,42
243,5,29,41
244,5,26,41
244,5,26,41
244,5,26,41
244,5,26,41
238,81,26,36
241,90,20,40
245,83,20,41
245,80,21,42
250,72,19,47
250,70,19,50
254,67,19,56
253,65,19,60
258,63,17,66
260,56,17,74
260,54,17,76
263,45,15,81
261,42,17,84
261,37,16,89
261,38,17,89
260,37,17,91
259,37,18,95
256,48,22,94
256,52,23,97
252,64,28,98
247,80,38,102
245,83,39,106
244,111,44,104
245,119,44,100
244,146,51,89
245,152,51,84
249,172,49,69
249,180,50,67
247,194,56,66
249,201,56,64
249,202,56,70
248,220,56,58
247,225,55,52
248,227,53,54
246,227,55,55
243,229,55,58
243,228,55,60
237,228,56,62
232,228,57,66
230,228,58,71
224,230,63,78
223,228,61,84
222,228,63,91
225,225,60,93
229,216,58,92
229,214,62,87
235,205,59,84
247,200,54,80
246,195,58,83
260,194,48,79
259,189,53,85
270,186,46,89
271,186,46,90
275,190,44,84
277,190,42,80
280,193,39,77
277,195,40,75
278,194,37,75
274,197,36,72
275,199,33,70
268,198,35,73
267,199,35,71
259,200,41,71
248,201,53,75
245,196,61,84
245,197,60,84
241,192,72,95
231,198,95,102
230,199,116,93
233,191,129,106
201,184,163,108
196,182,168,123
192,182,172,118
194,179,171,132
189,182,174,153
202,184,162,135
196,180,167,153
183,187,175,169
186,184,173,164
203,180,154,175
195,179,159,172
195,183,166,177
192,183,167,167
193,183,164,168
194,184,164,169
198,183,160,170
199,182,158,161
191,181,168,175
197,181,159,171
196,174,163,175
197,170,163,176
196,165,159,188
200,163,158,191
203,158,153,196
199,156,156,197
198,161,156,198
197,167,162,192
201,169,158,185
196,173,161,183
201,176,156,179
196,177,162,179
200,179,157,177
199,178,162,176
192,175,168,180
192,169,171,186
190,163,171,193
198,156,158,188
197,155,165,200
193,153,165,207
196,153,166,203
191,146,171,208
197,162,165,196
199,125,162,189
196,139,165,160
201,145,163,135
204,143,158,127
203,146,156,133
206,145,153,132
212,143,147,143
213,148,147,134
220,156,140,132
214,160,150,122
204,172,162,114
200,177,170,116
202,178,169,121
202,181,169,123
199,181,171,129
202,180,167,129
198,178,171,131
195,179,171,138
195,180,167,133
188,181,180,146
201,181,161,127
194,181,171,133
189,181,175,149
188,178,174,171
195,187,169,170
196,184,172,163
195,185,170,163
195,186,170,160
198,185,166,153
195,184,167,166
194,186,172,169
199,181,162,166
208,186,152,170
198,185,164,169
205,184,157,165
194,185,169,158
198,188,162,169
197,185,166,166
197,183,174,152
191,182,185,138
182,182,204,157
189,180,179,155
183,184,176,173
189,182,168,171
195,182,163,172
191,182,168,167
191,183,172,173
197,178,165,171
197,183,163,171
198,180,161,172
195,185,164,169
189,181,170,169
186,186,173,173
191,185,163,165
183,185,176,172
187,185,194,164
198,182,184,153
193,184,170,150
210,187,152,155
189,178,172,157
201,183,160,173
204,183,157,166
204,182,157,149
184,179,180,155
177,177,187,181
179,169,186,180
173,173,186,184
168,172,196,182
175,173,187,185
182,176,180,178
184,176,178,175
195,181,168,167
196,179,167,159
194,183,168,154
198,184,166,133
195,185,171,131
201,181,172,126
197,182,165,132
197,182,166,111
199,182,168,116
200,183,163,129
197,180,166,124
196,182,169,128
186,181,178,156
188,184,173,175
190,185,173,163
190,184,173,161
194,185,166,171
196,184,167,162
191,183,168,171
197,185,163,169
188,181,174,171
192,184,169,168
196,184,163,165
182,184,178,169
192,186,163,169
196,185,171,167
197,183,166,162
198,185,163,162
195,184,166,157
207,181,156,128
204,179,160,131
195,175,171,141
192,181,176,141
183,182,183,172
195,182,172,175
197,179,167,172
194,183,172,170
186,185,181,169
190,183,172,168
192,185,175,174
188,178,180,170
199,178,170,175
202,179,162,173
202,182,159,160
199,183,162,137
190,185,178,153
193,182,182,131
194,182,170,123
194,183,174,144
189,182,169,138
195,182,167,133
193,181,172,143
198,184,165,121
197,181,169,133
198,181,165,112
197,184,168,113
196,183,167,121
198,182,164,130
197,181,168,131
196,180,166,136
191,182,175,140
198,184,163,172
201,184,159,165
198,182,161,156
191,184,167,159
195,181,150,174
193,183,156,171
198,181,176,163
202,179,172,137
198,172,166,127
201,146,164,144
198,179,163,121
196,185,167,124
197,183,171,119
199,185,168,129
201,183,163,118
196,183,169,126
194,183,172,138
204,184,159,151
193,182,170,160
203,184,161,142
200,180,164,120
200,180,164,126
197,182,171,117
198,184,170,127
192,181,177,122
193,182,173,136
176,186,178,172
185,185,163,168
197,185,163,169
195,183,165,166
187,187,173,163
184,184,176,170
187,183,174,167
188,182,173,169
196,184,164,164
190,184,169,171
200,183,158,169
200,181,156,173
195,183,165,171
197,184,163,170
187,181,171,172
191,188,169,171
194,184,157,169
191,184,156,174
191,185,164,167
195,185,170,166
201,183,162,168
203,182,159,171
206,183,155,174
192,178,170,173
182,178,183,176
174,175,189,179
188,183,179,171
194,181,164,172
193,181,172,168
194,181,165,174
197,181,164,168
200,182,161,173
198,180,161,171
196,182,163,172
190,183,173,169
190,180,171,171
195,180,165,175
180,178,181,177
162,172,197,179
164,178,193,171
188,182,177,164
196,182,164,161
193,185,169,170
192,183,168,151
190,183,171,170
187,182,172,167
185,182,174,173
