346,280,43,35
347,279,38,35
346,278,39,35
346,279,40,36
348,278,37,35
346,278,39,36
346,279,40,35
347,279,38,35
347,279,39,35
347,278,40,34
347,279,39,34
346,278,40,35
345,278,42,36
345,279,40,35
347,278,38,35
346,279,40,35
346,278,39,35
346,280,39,35
344,278,42,36
345,279,41,35
346,279,41,34
346,278,39,36
346,279,42,34
345,278,42,36
346,278,39,35
345,278,41,34
345,279,40,35
345,278,40,36
346,279,39,34
346,278,41,35
346,279,40,34
346,279,40,34
345,278,39,36
346,278,40,35
346,278,42,35
346,278,40,35
346,278,39,36
347,278,38,35
346,279,39,36
347,278,38,35
348,279,38,33
347,279,38,34
347,278,38,35
347,279,38,34
348,279,37,34
349,280,37,33
348,281,39,33
348,282,38,31
349,284,37,30
347,281,39,32
346,279,39,33
346,279,39,34
347,278,38,36
347,277,39,37
345,279,39,33
343,273,38,39
342,275,38,35
338,271,38,37
335,269,40,37
331,269,40,34
329,269,38,29
324,264,38,32
320,263,36,31
315,263,36,29
310,263,34,27
306,261,33,28
301,261,34,28
296,257,35,31
292,258,36,29
289,260,35,27
287,260,33,26
287,262,30,25
285,263,29,25
282,263,32,27
281,264,30,29
280,264,31,28
280,268,30,23
280,269,30,23
279,268,31,24
279,269,31,23
280,268,31,23
279,265,32,26
279,267,33,25
280,269,30,23
280,268,30,24
280,268,30,24
280,267,31,25
280,266,31,26
280,265,31,27
280,265,31,26
280,266,31,27
280,266,31,26
280,266,32,27
280,269,30,23
280,269,30,22
280,268,30,25
280,267,31,25
280,263,32,28
279,263,32,30
280,263,31,30
280,263,30,30
278,261,32,32
280,262,31,30
280,266,31,27
281,268,29,25
280,268,30,24
281,269,29,22
280,268,29,24
280,267,30,24
280,269,30,23
281,268,29,24
280,268,31,24
280,267,32,26
280,268,31,25
280,267,31,25
281,266,30,26
280,267,30,26
280,268,30,25
280,268,30,24
281,267,30,26
281,267,31,25
282,270,29,24
282,268,31,25
284,269,30,24
285,269,31,25
287,270,31,24
293,269,29,26
295,269,30,26
299,268,32,27
303,267,33,26
309,268,32,26
313,267,32,29
318,268,34,26
324,270,34,25
330,270,33,25
335,271,35,25
340,271,36,26
347,272,33,27
352,276,35,26
354,278,36,28
357,279,36,29
357,283,37,29
359,282,37,32
359,279,38,36
361,282,38,33
362,284,36,31
363,287,39,28
363,286,41,30
363,282,39,34
361,281,42,36
362,282,40,35
361,281,46,35
359,280,48,37
361,281,51,35
360,279,57,38
358,279,58,38
356,279,60,38
358,280,58,38
358,278,58,39
359,277,60,38
360,274,59,39
364,272,56,44
368,269,54,46
371,264,55,50
371,264,55,50
371,264,55,50
380,244,55,49
392,253,54,40
389,244,54,45
389,244,54,45
389,244,54,45
389,244,54,45
389,244,54,45
389,244,54,45
389,244,54,45
281,254,42,39
287,257,35,36
288,259,34,34
287,258,34,35
289,258,32,35
288,258,33,34
290,257,31,37
289,258,32,33
289,257,31,33
289,256,31,34
288,256,33,33
288,256,32,34
288,255,32,35
287,256,32,35
286,255,32,35
286,255,32,35
287,256,31,35
285,255,33,36
284,254,31,36
285,254,30,36
283,254,32,35
283,254,32,34
283,253,31,35
283,253,32,36
282,254,32,34
283,254,32,35
283,254,31,35
283,254,31,34
283,254,31,34
283,253,32,36
283,253,31,35
283,253,32,36
282,253,32,35
282,254,32,34
282,254,32,34
282,253,32,35
284,253,31,36
284,254,29,35
283,254,32,35
284,255,32,34
284,255,32,34
285,255,32,33
285,255,31,34
287,254,31,35
287,256,31,34
288,256,31,34
289,257,30,34
290,256,31,38
291,257,31,38
290,260,32,36
292,261,32,35
292,261,31,35
293,261,31,35
292,261,31,36
291,261,32,34
291,261,32,35
291,262,30,33
291,261,30,35
290,261,31,35
290,262,32,34
290,261,32,35
291,261,33,34
291,261,31,34
292,261,31,34
291,261,32,34
291,260,32,35
291,260,31,35
292,262,32,34
292,261,32,35
292,260,31,34
292,260,32,34
291,258,33,35
290,260,33,33
291,258,31,35
291,258,31,34
292,257,30,35
291,257,30,35
290,256,30,36
290,255,31,35
289,255,31,34
288,253,30,35
287,250,28,37
286,248,29,39
284,245,32,38
285,242,32,40
287,240,32,40
362,236,37,40
363,240,44,46
358,242,54,47
358,242,63,53
359,242,60,54
360,240,58,53
360,239,55,53
359,237,56,55
358,233,57,58
357,231,58,58
355,228,59,62
354,226,61,63
354,224,63,64
353,223,63,66
351,219,63,68
351,219,63,71
348,221,67,67
346,220,68,71
347,222,66,71
345,224,69,68
344,226,70,69
344,227,69,67
344,226,66,69
344,228,66,69
344,229,66,67
342,229,67,66
344,239,69,53
344,239,70,53
345,240,72,52
347,239,69,57
348,245,66,52
347,244,71,55
328,237,77,66
313,256,89,54
304,252,97,54
299,252,108,60
299,252,113,47
299,252,107,35
296,248,89,39
300,262,84,54
298,262,86,53
298,264,90,50
299,269,90,45
301,272,91,41
301,274,91,40
297,277,100,35
301,282,98,30
321,281,87,29
321,282,84,30
323,283,76,28
332,281,65,29
342,280,54,30
343,280,51,29
351,277,42,31
355,277,37,32
355,278,36,31
356,278,36,29
355,277,36,30
355,275,35,31
355,274,35,32
354,275,35,30
355,277,34,28
355,275,34,31
355,274,33,31
354,274,34,31
356,273,32,32
355,273,32,32
356,273,32,32
355,273,33,32
356,273,32,32
355,273,33,32
355,273,33,33
354,273,34,33
356,273,32,32
356,274,33,32
356,272,32,33
355,273,34,33
356,273,33,33
355,273,33,33
353,273,35,32
354,273,33,32
352,273,34,32
351,272,35,33
349,272,34,34
348,273,33,34
347,273,33,33
346,274,33,32
345,273,33,33
343,274,33,33
342,273,32,34
338,274,35,34
338,274,33,33
338,274,31,34
335,275,35,34
336,275,33,34
334,274,35,34
333,275,36,32
332,274,36,34
330,275,38,32
330,273,38,34
330,271,38,36
331,267,34,42
331,261,37,48
332,257,34,51
330,256,35,52
329,257,36,52
328,262,39,47
328,268,37,40
329,274,34,35
328,274,36,33
329,274,32,31
328,274,36,31
327,274,35,33
327,274,37,33
329,274,41,33
338,275,45,35
340,276,45,35
347,270,42,40
347,271,45,41
333,273,55,36
326,271,67,39
325,272,69,38
325,272,67,37
326,273,63,35
326,272,63,36
325,274,62,35
326,272,66,37
326,271,66,37
326,274,64,36
326,269,69,40
326,274,64,35
325,273,65,34
324,269,67,38
325,273,66,35
324,272,65,34
326,271,67,37
328,269,67,39
329,267,65,38
333,259,63,45
331,256,65,47
330,251,65,48
330,249,61,47
329,247,62,48
328,245,58,47
326,244,60,48
325,243,59,46
326,240,59,49
324,237,64,54
326,238,63,53
326,237,60,54
325,236,64,55
324,237,68,56
327,235,65,56
322,233,78,66
325,239,73,56
328,245,70,46
328,243,70,50
323,242,79,51
324,238,80,59
323,235,80,63
316,238,90,63
310,241,99,59
311,234,95,65
317,223,89,75
317,227,87,69
317,217,85,80
318,216,86,80
322,208,80,87
321,205,79,90
321,206,79,88
316,199,84,97
325,180,65,72
248,268,71,64
324,190,60,56
324,184,59,61
325,183,56,61
323,185,58,58
323,183,53,59
323,180,50,59
322,182,53,57
322,182,55,56
322,180,56,56
323,180,57,57
322,178,59,58
323,177,60,58
324,176,58,60
325,177,57,60
327,176,58,61
328,174,56,63
327,175,57,63
329,176,56,62
329,178,57,61
330,181,55,59
330,184,59,62
329,188,61,60
331,190,60,60
333,196,60,60
333,198,60,60
333,201,60,59
334,203,59,57
334,211,63,53
336,216,62,51
338,226,64,58
341,228,65,65
340,233,68,60
346,234,63,52
346,247,62,44
347,253,64,42
350,250,68,47
351,258,62,45
350,256,68,46
347,265,67,41
347,266,64,41
345,267,67,40
344,269,64,36
343,269,67,37
340,269,66,37
339,269,68,37
339,271,68,35
338,271,67,35
339,273,67,36
339,272,65,38
340,272,67,38
339,272,68,40
340,271,71,39
340,273,72,37
340,272,74,37
338,274,78,33
337,272,74,37
339,272,66,35
340,273,62,34
340,274,58,33
341,273,55,35
340,273,55,33
340,269,57,36
339,268,55,41
339,270,57,37
339,272,58,38
339,272,58,36
340,272,55,37
340,272,55,37
341,273,53,36
340,273,53,35
340,274,55,35
341,274,53,34
340,274,56,35
341,273,54,36
342,273,54,35
342,273,62,32
342,272,64,32
335,273,74,32
341,270,70,35
345,270,70,32
340,270,76,32
347,270,72,29
347,268,71,35
339,268,80,36
344,267,78,38
348,266,76,40
352,267,77,40
354,268,80,37
363,270,77,34
368,270,75,36
376,270,71,39
380,270,70,41
373,273,62,38
379,279,49,34
379,279,44,37
380,280,38,37
378,281,38,36
373,281,40,36
369,281,38,36
361,282,41,34
354,281,42,37
350,282,40,36
344,280,41,36
338,278,43,37
337,278,40,35
336,277,39,36
335,278,39,35
336,276,40,36
337,275,39,37
336,268,44,44
332,266,51,44
338,264,48,47
345,266,45,47
350,265,46,49
357,265,45,46
363,264,45,50
371,264,44,50
378,267,42,45
385,267,41,47
392,268,39,47
398,271,42,46
403,272,45,48
409,274,52,50
415,277,52,48
422,278,57,47
430,280,60,40
430,286,57,38
461,282,53,30
469,286,51,32
479,290,47,25
485,294,46,28
488,297,46,30
439,301,36,36
437,305,34,35
432,305,33,37
425,305,38,38
416,306,44,40
408,306,47,41
399,305,49,46
388,305,52,44
378,301,55,48
370,301,54,45
365,300,49,45
359,298,48,45
354,297,47,43
350,296,47,42
349,296,47,42
346,293,46,43
345,292,47,44
340,292,47,42
338,291,47,41
337,289,44,39
336,288,44,38
334,286,43,38
334,283,40,38
334,282,40,38
334,279,40,36
334,277,39,37
335,277,39,35
338,277,37,35
342,276,36,35
344,276,38,34
344,275,38,34
347,276,37,32
348,275,35,35
347,275,35,35
347,275,37,33
347,276,37,33
347,276,36,33
346,276,37,32
346,276,36,32
346,276,36,33
344,275,36,33
344,275,37,33
342,276,38,32
344,276,37,33
345,275,35,34
344,276,36,33
344,275,36,33
345,275,36,32
344,275,38,33
347,275,38,34
350,276,37,33
353,274,36,34
355,276,35,33
355,276,36,33
357,275,36,32
356,275,36,33
356,275,37,33
357,275,35,32
357,275,35,34
358,274,35,33
357,275,35,33
359,275,34,34
357,276,34,33
357,277,36,31
357,276,36,31
357,276,36,32
356,277,37,31
356,276,36,32
356,276,37,32
357,276,36,32
355,276,37,32
356,276,37,31
356,276,37,32
355,275,38,33
356,276,37,31
357,276,36,33
357,276,36,32
356,277,37,31
356,276,35,32
357,276,36,32
356,275,37,32
355,276,37,33
357,276,36,32
355,276,37,33
355,275,37,34
354,276,38,32
355,275,37,33
355,276,38,32
355,275,38,32
355,275,37,33
355,276,37,33
355,275,37,33
355,275,37,33
356,276,36,32
354,276,39,32
356,275,35,33
357,276,36,33
356,275,37,33
356,276,35,32
356,276,35,33
355,274,37,34
355,275,37,34
355,275,37,32
355,275,36,34
355,276,37,33
356,275,36,33
357,275,35,33
357,276,35,33
356,276,35,34
356,276,36,32
356,275,36,33
355,275,37,34
355,275,37,34
356,275,35,32
356,275,35,33
356,275,35,33
356,275,35,33
357,276,35,33
355,275,38,33
354,275,38,33
356,275,36,33
356,274,36,35
354,275,38,34
355,274,37,34
355,275,37,33
356,275,36,33
355,276,38,32
356,276,37,32
356,276,37,32
355,276,37,33
355,275,37,32
355,276,38,33
355,276,37,33
355,275,39,33
355,275,37,33
356,275,37,34
355,275,38,34
356,274,37,35
356,274,37,34
356,275,37,33
355,275,38,33
356,276,36,32
356,275,37,33
355,276,38,32
354,275,38,33
355,275,37,33
356,275,36,33
356,275,37,33
357,275,36,33
356,276,36,32
356,275,36,32
356,276,36,33
356,275,36,34
356,275,37,34
357,275,35,34
357,276,35,34
356,275,37,33
355,275,37,33
356,276,36,33
357,275,36,33
356,276,35,32
356,275,35,34
356,275,35,33
355,275,37,32
356,277,37,32
356,276,37,32
355,276,36,34
355,276,37,31
356,276,36,32
356,275,36,33
356,275,36,34
355,276,37,32
355,275,37,32
356,276,36,32
356,276,35,33
356,275,36,34
356,276,36,32
356,276,36,33
356,275,36,34
355,276,37,32
355,276,37,32
356,276,36,33
355,275,38,32
356,276,36,33
356,276,35,33
356,277,37,31
357,275,35,34
357,276,35,33
357,276,35,32
357,275,35,33
356,276,36,33
355,275,37,33
355,276,36,34
357,275,35,34
356,275,36,34
356,276,36,32
356,276,37,32
356,275,36,34
355,276,37,32
356,275,36,34
355,276,37,32
355,275,36,35
355,275,37,34
356,275,37,32
356,276,36,32
356,275,37,34
355,276,37,33
356,275,36,32
355,277,37,31
355,276,38,33
355,275,37,33
355,275,36,34
354,275,39,33
354,275,37,34
355,275,38,33
355,276,38,33
355,275,37,32
355,276,37,33
355,275,38,32
354,277,37,32
356,275,36,33
355,275,36,34
355,276,37,32
356,276,37,32
357,276,36,31
356,276,36,31
357,275,36,31
357,276,34,32
357,276,37,32
357,276,35,32
356,276,35,31
356,275,36,33
356,275,35,34
356,275,36,33
356,275,36,33
356,276,35,32
356,275,36,33
356,275,36,33
357,275,35,34
356,275,35,32
357,275,35,33
356,276,36,32
356,275,35,33
355,275,37,34
356,275,36,33
356,275,37,33
355,275,36,33
356,275,35,33
357,276,35,33
356,275,36,34
356,275,36,33
356,275,36,33
356,275,36,33
356,275,36,33
356,274,35,33
356,275,36,34
356,275,35,34
356,275,36,34
356,275,36,34
356,275,36,33
356,275,35,33
357,275,35,33
356,275,35,34
356,275,36,33
355,275,37,33
356,275,36,33
356,275,36,33
356,275,38,34
356,276,38,33
357,275,38,34
357,276,36,33
358,276,36,33
359,276,34,33
358,274,36,35
357,276,33,31
356,275,32,33
356,275,32,34
355,273,33,33
354,271,37,34
361,266,45,38
350,265,56,35
339,262,65,44
340,259,65,42
320,259,79,40
312,254,90,48
307,255,95,49
310,238,89,54
306,242,89,60
307,239,86,60
317,236,73,60
318,236,67,56
324,235,58,53
325,233,52,48
325,232,50,45
323,229,50,55
322,226,51,53
321,226,51,55
320,224,51,55
314,221,60,67
312,222,61,64
316,219,55,62
316,219,55,55
318,215,52,54
317,211,53,56
318,207,51,58
319,202,52,61
316,197,56,66
318,213,61,73
311,194,67,86
311,190,68,88
314,193,68,79
313,197,69,81
319,205,58,76
315,193,64,83
313,200,70,76
316,208,64,71
316,199,61,57
317,208,59,46
315,205,62,44
315,203,61,45
294,183,65,51
309,179,57,56
302,171,55,61
292,162,57,61
295,163,50,58
308,174,50,53
312,175,42,43
312,178,43,39
310,177,43,39
309,178,40,40
307,178,41,41
306,179,38,38
304,180,37,39
302,181,38,40
300,182,38,39
298,184,38,39
296,185,38,41
294,185,40,41
292,187,39,41
291,189,37,40
289,189,35,40
288,191,38,40
287,192,36,41
287,192,37,42
287,194,36,41
286,194,38,42
286,196,37,40
286,195,37,41
286,196,38,42
285,198,38,41
287,197,36,41
286,197,39,41
286,198,39,41
286,198,38,39
286,197,38,38
286,199,38,39
287,199,37,38
286,199,38,39
287,198,37,40
287,199,36,40
286,200,37,39
286,199,37,40
285,199,41,40
286,200,37,39
286,200,39,40
285,199,39,41
285,200,41,40
286,200,42,39
286,199,37,40
287,199,39,40
286,199,37,39
287,199,38,40
287,199,36,40
286,198,37,40
287,199,37,40
287,199,37,40
287,198,40,38
288,197,37,39
287,197,39,38
289,197,37,38
289,197,36,39
289,196,38,39
290,197,33,39
289,198,36,37
290,196,41,38
291,196,37,39
291,195,37,38
293,194,34,38
293,193,34,38
295,192,34,37
297,191,37,37
297,193,31,35
297,191,33,36
297,192,31,34
297,189,36,37
297,187,30,38
298,192,28,34
298,191,29,33
298,192,28,33
299,191,31,34
299,192,27,32
299,192,28,31
299,190,29,33
301,192,25,30
301,191,27,30
300,192,25,28
302,192,24,30
301,191,24,30
301,192,21,30
300,192,25,30
300,191,27,31
300,191,25,31
301,190,27,32
299,191,29,32
299,191,27,32
299,192,27,32
300,191,26,33
299,190,26,35
299,192,25,32
298,192,26,33
297,195,28,31
296,195,27,33
295,198,27,32
295,198,28,33
293,198,31,35
293,200,32,35
291,201,30,34
291,202,31,34
290,203,33,34
290,203,31,35
290,204,33,33
289,202,31,35
290,203,31,35
290,202,33,38
289,202,34,38
288,203,34,38
288,203,35,37
289,202,34,38
289,203,36,37
289,203,33,36
289,201,40,39
288,202,37,39
289,204,36,36
289,203,34,38
290,202,34,37
290,203,33,37
291,203,33,36
290,200,35,38
290,199,36,38
292,198,34,39
292,197,33,38
292,196,34,38
293,195,32,36
294,194,34,36
298,192,33,37
296,192,39,36
297,193,33,34
298,193,30,34
299,194,28,32
299,192,29,33
299,191,27,35
299,192,30,33
299,191,30,35
299,192,28,34
301,193,29,34
302,194,31,34
303,196,38,34
306,201,33,33
308,205,33,32
308,205,33,32
308,205,33,32
308,205,33,32
308,205,33,32
333,248,37,32
340,254,42,36
343,259,49,38
345,265,55,35
347,266,62,36
350,268,58,39
351,269,60,41
352,272,57,38
354,274,57,38
354,275,54,36
355,272,55,40
353,275,57,37
355,277,52,36
355,275,53,39
353,277,55,35
353,277,52,35
354,278,54,35
352,280,57,33
353,279,53,33
352,280,46,32
353,279,42,34
353,279,40,35
353,279,40,34
354,279,38,33
353,279,39,33
355,279,38,34
353,278,40,34
353,279,40,33
353,279,40,33
353,279,40,33
353,278,40,35
353,279,39,34
354,280,38,32
354,281,38,32
353,279,39,34
353,279,39,33
353,279,40,33
354,280,39,32
353,279,39,33
354,280,38,32
354,279,38,33
353,279,39,34
353,279,40,34
353,279,40,34
354,279,39,34
354,279,38,33
352,279,41,34
352,279,41,34
351,279,42,33
353,281,39,33
353,279,40,35
351,279,41,35
350,278,45,34
351,278,42,36
353,279,42,34
357,280,43,34
359,281,44,34
367,282,47,35
373,282,48,36
378,283,47,36
388,286,44,35
394,286,45,37
399,286,46,38
401,284,50,41
413,288,46,38
419,288,45,38
424,287,47,43
428,289,48,40
433,289,46,42
435,289,47,42
436,290,47,41
434,289,50,41
433,288,51,42
435,291,49,39
438,290,45,41
438,290,45,41
439,290,44,40
438,290,44,41
436,289,48,42
437,290,46,41
437,289,46,43
436,287,47,45
434,284,49,47
438,290,44,41
436,289,47,42
433,284,51,46
432,282,50,48
437,287,47,42
435,286,48,44
438,289,44,42
438,290,45,42
438,290,45,42
439,291,44,40
438,290,45,41
435,289,48,43
438,289,45,43
437,290,45,41
437,290,46,43
437,289,46,43
438,289,44,43
436,290,47,41
438,290,45,41
437,290,45,42
436,291,46,39
436,291,47,40
438,290,45,41
438,289,45,42
437,291,47,41
438,290,45,41
435,290,48,42
437,289,47,43
438,289,46,43
437,291,46,41
438,290,45,40
437,291,47,41
437,290,46,40
436,291,47,40
438,291,45,40
437,291,45,40
435,289,49,42
437,290,46,42
438,290,46,42
438,290,45,42
438,291,45,41
436,290,47,40
437,290,46,42
435,285,48,46
434,286,48,44
437,290,47,41
437,291,47,40
437,289,47,43
438,289,45,42
439,290,45,41
438,290,46,42
438,290,44,43
438,290,45,40
438,289,46,42
438,289,45,41
438,290,45,42
438,290,46,41
437,289,47,41
433,287,50,42
430,283,53,47
435,287,48,43
434,286,49,44
434,288,49,43
431,291,52,40
435,291,49,40
436,290,47,40
435,290,47,40
435,291,48,40
437,291,45,40
439,292,44,39
440,292,43,38
439,292,45,39
437,292,47,39
439,293,45,38
439,293,45,37
439,294,43,36
440,293,42,36
438,293,45,37
439,292,44,37
438,292,45,38
440,293,43,37
440,292,44,38
438,291,45,40
438,292,45,37
438,293,45,37
439,292,44,38
437,291,46,38
440,292,43,38
440,293,42,37
441,292,42,39
439,293,43,37
439,293,44,37
438,292,45,38
438,291,44,37
436,290,47,38
435,292,49,37
435,293,48,38
434,291,50,39
435,293,50,36
438,293,47,35
436,291,48,36
438,292,46,37
438,291,44,37
439,292,46,37
438,289,47,41
438,291,50,39
440,292,49,37
438,292,50,37
442,292,46,37
441,292,46,38
439,293,48,36
436,290,48,36
432,284,47,42
431,278,45,54
416,266,50,47
407,262,55,43
395,258,55,42
386,254,53,42
373,251,56,40
364,248,51,39
354,247,50,42
344,241,53,49
336,237,54,47
329,237,54,38
323,235,55,38
318,234,59,39
317,236,58,35
315,234,51,35
315,235,53,34
315,236,50,33
315,234,49,33
314,234,50,34
312,233,54,36
312,232,61,40
308,234,66,38
307,231,68,41
303,230,75,47
304,228,74,60
303,226,77,65
303,226,76,65
303,226,79,66
302,228,80,63
301,227,80,65
304,226,80,65
308,226,75,66
311,224,72,68
304,226,80,66
302,226,84,67
303,225,82,67
303,226,85,66
301,226,83,67
304,227,83,65
306,227,80,64
303,226,82,66
302,225,86,70
306,222,81,71
307,222,81,71
310,222,74,70
319,213,64,64
318,209,67,78
317,207,64,86
317,208,66,85
318,212,66,81
320,212,65,79
322,214,61,76
324,215,58,74
323,220,60,67
323,200,58,83
324,202,58,87
325,207,56,76
323,204,59,79
325,201,53,74
323,200,54,77
323,202,54,71
323,201,54,75
321,202,55,72
321,202,52,72
319,205,60,79
320,204,61,83
319,205,65,85
319,209,60,68
317,215,60,60
316,220,65,60
316,221,63,53
318,220,60,53
316,224,63,51
317,225,61,49
315,223,66,59
316,223,63,58
318,223,61,50
316,226,63,48
314,226,66,51
319,226,57,46
317,226,60,49
319,225,56,48
316,226,62,49
315,227,64,49
314,227,65,49
313,227,67,53
313,228,66,50
316,229,64,49
316,228,65,50
319,228,64,50
318,227,64,51
318,225,62,52
319,223,64,53
317,224,68,53
319,223,61,52
320,222,59,51
321,224,61,49
321,220,59,52
320,214,62,55
321,210,61,61
319,211,62,61
319,210,62,62
318,211,63,61
316,211,65,61
317,211,64,60
318,212,64,59
316,211,64,60
316,210,62,61
316,207,59,64
317,209,63,61
319,211,60,61
317,211,63,59
318,209,59,61
315,206,58,64
315,203,56,64
316,213,55,56
318,202,53,66
316,220,63,56
316,207,59,66
318,202,61,67
312,204,64,75
317,202,56,69
318,203,56,70
315,205,60,75
317,206,59,69
315,208,61,67
315,207,59,68
316,211,59,65
314,211,59,63
315,212,58,64
312,212,61,63
313,213,60,63
313,210,55,66
313,209,53,65
312,210,56,66
312,210,51,65
311,209,60,70
310,212,63,67
309,210,67,70
310,211,65,68
310,210,65,69
310,212,63,67
308,214,65,67
309,216,66,70
310,217,69,70
310,221,70,63
310,224,69,56
310,228,71,54
309,225,70,58
310,226,68,55
309,228,71,58
310,224,70,59
309,221,73,68
309,226,73,55
307,233,76,55
310,229,70,53
310,230,73,56
312,233,70,50
312,235,71,47
312,234,70,49
312,231,71,53
309,234,74,50
309,233,75,51
309,232,73,49
309,221,72,61
310,226,71,60
310,223,69,58
310,222,69,59
311,224,66,55
310,224,69,59
311,224,68,56
313,223,65,56
313,223,64,56
310,225,68,58
310,225,70,56
312,223,67,58
311,224,68,60
314,224,65,56
314,223,66,61
310,213,68,71
315,212,65,70
317,209,60,73
315,211,61,69
316,216,62,65
316,216,62,65
316,218,63,63
314,219,67,63
314,218,66,69
315,215,65,70
315,214,64,72
315,213,64,69
316,217,64,64
315,218,66,67
315,216,63,63
315,215,64,68
313,215,68,71
315,216,65,64
314,218,64,65
313,216,65,67
313,217,64,64
312,217,68,67
313,218,65,67
314,218,63,64
314,219,63,65
314,217,66,68
315,219,64,67
316,218,64,65
316,218,65,68
316,217,69,69
316,220,71,71
317,218,68,64
320,219,67,66
319,218,71,69
322,225,67,65
324,227,69,59
325,232,71,61
328,223,68,65
332,223,64,69
332,224,64,66
333,219,61,73
337,229,64,73
338,233,57,57
344,240,59,63
343,256,61,50
348,248,58,62
348,249,63,62
349,251,64,61
354,250,63,63
353,259,71,55
355,267,78,49
355,272,79,44
352,272,87,43
355,270,86,44
346,274,97,41
350,273,94,40
337,270,103,42
337,275,87,37
338,275,95,37
340,275,91,38
340,278,84,36
343,278,74,35
340,281,64,31
341,281,58,31
352,280,45,31
355,279,40,34
356,278,38,35
356,279,38,34
356,279,39,34
355,279,40,32
357,280,39,33
358,280,40,34
361,280,38,35
362,281,38,35
366,283,36,33
368,283,38,34
372,283,37,35
374,283,40,36
379,284,38,35
385,285,35,37
389,286,35,37
394,286,37,37
397,287,38,37
402,287,38,37
403,287,41,38
404,288,44,37
406,287,41,38
409,288,38,37
411,288,38,36
408,288,41,36
410,288,37,35
410,288,38,35
410,288,37,36
410,287,39,36
411,288,36,37
410,288,39,35
410,287,39,37
410,288,37,36
410,287,38,36
410,289,38,37
410,288,38,36
409,288,39,36
410,288,40,37
409,287,39,37
408,288,41,36
409,289,40,35
409,287,39,38
410,288,39,36
409,287,39,38
410,288,39,38
409,287,40,38
410,287,40,38
410,288,39,36
409,287,39,37
410,287,39,37
410,286,39,38
410,287,38,38
409,287,39,38
409,287,40,37
409,287,40,37
409,288,38,38
409,287,40,36
410,287,39,37
410,287,38,38
410,287,38,37
409,288,40,35
408,287,42,37
409,288,40,37
409,288,40,36
410,287,39,37
409,287,40,36
409,287,40,37
408,287,42,37
408,287,41,37
409,287,40,38
409,287,39,37
409,287,39,38
409,288,39,37
408,288,41,38
408,287,42,36
408,287,41,38
407,288,42,37
408,288,41,37
407,287,41,38
408,287,40,37
409,288,40,37
410,288,38,37
409,289,38,35
409,287,40,36
408,288,41,37
408,287,42,37
407,287,43,37
406,288,42,37
408,287,41,38
408,288,40,37
408,287,41,38
409,287,41,37
408,287,42,37
409,287,40,37
409,287,40,38
409,287,40,38
410,287,39,37
409,287,39,39
409,286,40,37
410,287,39,39
410,287,38,37
409,287,40,36
409,287,39,37
409,287,39,37
410,288,39,35
409,287,39,36
409,289,38,35
410,288,39,36
410,287,38,39
411,286,37,38
411,286,37,39
411,288,37,37
410,287,38,38
410,288,38,38
409,287,39,37
409,289,39,35
410,288,38,36
408,288,39,37
409,287,39,37
410,287,38,38
409,288,38,36
409,287,39,37
410,286,37,38
410,287,37,38
410,287,39,36
409,287,38,37
409,287,37,37
410,288,38,37
409,288,37,37
410,287,38,36
410,287,37,38
411,287,37,36
410,288,38,36
409,287,39,37
410,288,38,37
