234,159,45,48
234,159,45,48
234,157,45,49
233,158,46,47
234,157,45,48
234,155,45,50
234,155,45,49
233,156,44,49
232,156,47,49
232,158,45,47
233,159,44,47
232,160,44,47
233,160,43,48
232,161,43,48
232,161,44,51
232,164,45,50
233,165,44,50
233,166,44,49
232,168,45,49
233,167,44,51
232,168,44,47
230,164,45,50
229,161,45,50
228,154,45,50
227,145,46,52
227,136,46,51
227,125,48,48
227,114,48,51
226,110,49,45
228,104,47,47
227,101,47,49
228,102,46,48
228,105,47,50
229,109,47,51
230,119,43,46
230,131,44,50
229,139,44,51
229,143,42,51
226,147,44,50
225,146,46,50
224,139,47,53
226,131,47,51
226,121,47,50
227,111,47,51
228,104,44,49
229,99,45,50
228,98,48,49
230,99,44,47
232,100,44,49
230,105,45,49
232,112,46,51
234,122,45,53
233,129,44,52
233,135,45,51
233,138,46,51
234,142,45,50
234,145,46,48
236,145,45,49
237,147,45,47
238,148,46,48
239,149,45,49
240,151,46,47
240,151,45,47
242,151,44,48
242,153,46,47
243,153,44,48
243,154,45,47
243,154,46,47
244,155,44,48
243,154,45,50
243,154,45,50
243,156,44,48
243,156,44,47
242,156,45,49
241,155,46,49
241,156,45,49
240,156,44,49
240,156,46,48
239,158,45,48
240,157,44,48
238,158,45,50
239,160,43,48
239,160,44,48
238,162,44,48
237,162,45,48
237,161,44,49
236,160,45,49
236,161,44,48
236,158,44,46
234,156,47,46
233,149,47,47
232,140,48,46
233,139,46,46
232,126,46,50
231,118,44,47
230,107,47,48
232,102,43,46
231,99,44,46
229,96,46,47
228,95,46,46
228,95,48,47
228,97,47,48
228,97,46,49
228,103,45,47
227,108,46,51
226,118,47,51
226,124,44,52
225,127,45,49
225,133,46,50
226,137,45,51
227,143,44,51
228,148,45,49
227,148,47,51
228,152,47,50
229,155,47,49
229,156,47,49
229,157,48,49
229,157,48,47
227,156,48,49
226,156,49,49
223,152,50,50
220,149,49,50
219,149,48,49
214,145,47,47
210,139,47,48
204,135,45,47
196,131,46,47
195,129,46,49
184,127,47,49
179,127,46,47
168,128,49,49
157,133,54,52
157,134,52,53
153,136,49,55
147,138,49,55
142,138,48,58
137,140,49,56
134,142,48,55
129,146,50,52
126,146,49,54
125,148,49,54
126,150,47,55
126,153,49,53
127,156,49,54
127,159,50,55
130,163,49,53
131,165,50,52
132,167,49,50
134,170,48,48
134,169,47,50
134,170,47,50
133,169,49,49
132,168,51,51
132,166,51,51
133,166,50,50
135,164,47,50
134,164,50,52
136,165,50,51
136,165,50,52
139,168,48,53
140,170,50,52
144,173,47,51
144,176,49,51
147,178,50,52
147,179,49,50
149,178,48,50
149,175,50,51
148,168,52,55
148,159,54,56
150,148,53,55
152,135,53,54
156,120,50,54
158,102,52,56
160,90,55,50
165,78,52,52
167,70,52,52
173,65,49,50
177,63,50,51
182,60,50,53
187,64,48,53
189,67,47,54
193,73,46,52
195,85,48,48
201,96,45,50
204,113,47,51
207,123,47,51
211,129,47,53
214,136,46,53
218,143,46,52
221,150,47,49
225,153,46,49
226,154,46,50
228,155,47,49
230,153,46,50
231,150,46,51
230,149,47,48
229,146,48,49
230,147,46,47
228,144,45,47
225,143,49,46
222,139,47,49
217,138,45,46
216,136,45,49
208,135,47,47
200,133,46,48
190,132,48,50
180,134,49,50
178,136,47,49
168,139,48,50
157,145,54,49
150,149,53,51
145,151,52,53
143,152,51,51
137,152,53,56
133,155,52,53
130,155,51,54
127,156,51,55
126,158,51,53
124,158,50,55
121,160,53,52
120,162,53,53
122,164,50,53
121,164,51,53
122,166,51,52
122,168,51,52
122,170,51,51
124,171,50,50
125,171,51,51
125,172,52,50
127,171,50,52
128,170,51,51
130,169,51,50
130,169,50,52
131,168,52,49
135,167,49,50
136,166,52,50
138,165,52,51
140,165,53,49
145,164,51,49
149,160,53,51
156,155,51,51
166,147,48,53
166,145,53,52
176,139,51,51
181,135,55,51
194,132,49,49
206,131,47,48
208,132,47,48
217,134,46,49
221,134,46,51
226,136,45,51
231,136,45,54
231,136,48,53
236,137,47,54
238,138,46,53
240,139,46,55
242,143,49,53
243,144,47,52
245,147,47,51
246,148,46,52
244,150,48,51
246,152,47,50
246,150,44,52
246,150,44,51
246,147,44,51
244,142,43,52
242,142,44,52
239,135,46,52
240,133,44,52
235,122,46,54
232,108,44,58
229,93,44,56
222,82,46,50
215,73,51,50
211,65,51,52
207,62,49,49
202,58,50,52
198,59,49,51
196,61,46,52
194,64,44,54
189,73,48,54
186,84,45,50
182,98,46,49
180,116,42,47
174,136,44,47
167,144,48,50
161,152,52,53
159,157,51,53
156,161,50,54
154,164,48,54
151,169,50,52
150,170,51,51
150,171,51,51
151,170,51,51
153,168,49,51
153,168,50,50
156,166,49,52
156,166,51,51
160,166,50,49
162,165,54,50
169,163,49,50
173,160,54,50
180,155,51,50
187,150,50,49
195,146,49,48
204,144,47,48
209,142,50,49
216,145,51,49
223,146,46,47
229,144,43,51
233,144,44,52
234,146,46,49
239,147,43,51
241,149,43,49
242,152,43,48
243,152,42,49
244,154,43,49
243,157,42,49
242,160,44,48
241,162,44,49
239,164,46,47
236,165,45,48
235,166,46,47
234,163,46,49
233,160,46,49
232,157,46,48
232,153,46,48
231,147,45,49
230,141,46,52
230,136,46,53
227,131,48,53
226,127,45,54
224,121,46,56
223,120,45,57
221,114,43,58
218,112,47,56
217,108,46,55
213,104,48,54
212,103,48,55
211,98,47,56
207,96,51,54
207,91,50,54
209,87,48,53
209,85,50,55
249,158,49,51
248,158,52,53
250,157,50,54
249,156,51,53
249,158,52,50
250,156,49,53
249,179,48,52
248,185,47,51
247,191,47,50
247,192,45,48
246,198,44,45
246,201,44,44
244,206,44,43
244,209,43,42
244,209,42,42
242,212,41,40
240,213,41,41
238,213,39,39
236,214,35,37
235,214,37,36
232,215,34,32
232,212,27,32
230,210,23,32
227,207,19,29
227,207,18,28
227,207,18,28
227,207,18,28
227,207,18,28
227,207,18,28
227,207,18,28
227,207,18,28
227,207,18,28
227,207,18,28
227,207,18,28
227,207,18,28
227,207,18,28
227,207,18,28
227,207,18,28
227,207,18,28
227,207,18,28
227,207,18,28
227,207,18,28
227,207,18,28
227,207,18,28
227,207,18,28
231,196,18,28
233,195,22,32
236,197,26,32
235,194,30,34
239,196,36,32
242,193,41,37
242,197,43,36
240,196,44,39
236,197,47,38
227,196,45,40
217,192,47,43
207,186,48,45
197,178,48,46
192,167,44,46
188,154,45,46
181,140,48,46
182,126,46,46
185,111,48,47
188,96,50,50
190,85,53,51
194,79,52,48
197,72,52,50
200,68,53,52
206,68,52,51
212,70,51,51
217,75,49,51
221,81,51,50
226,91,51,54
231,98,49,56
234,105,49,56
238,112,46,53
236,119,48,53
234,126,48,51
231,130,50,53
229,135,47,52
225,135,47,53
222,134,48,49
218,130,48,49
216,118,46,50
216,112,46,45
213,102,46,49
214,98,47,48
212,96,48,48
212,97,47,48
213,98,45,49
213,102,47,51
212,111,49,47
212,119,49,51
209,130,50,57
208,133,47,56
208,137,48,53
208,137,47,54
207,134,47,52
206,127,48,52
207,119,45,46
207,109,49,48
209,103,48,47
212,99,47,46
213,96,48,47
216,94,45,49
219,98,46,46
221,102,46,48
223,111,47,46
226,121,47,49
225,125,46,52
226,130,43,51
224,133,45,49
222,132,46,49
220,127,47,50
221,125,46,51
219,116,46,47
218,109,48,46
220,102,45,46
220,96,46,48
221,96,44,47
221,94,45,49
221,93,45,50
221,97,46,47
223,99,45,49
222,100,43,50
223,110,46,49
223,119,46,50
223,125,45,50
221,129,45,50
221,131,44,47
217,133,46,48
216,135,44,48
212,138,46,47
209,139,45,50
206,138,49,52
204,142,46,50
201,145,48,51
199,148,49,50
199,150,48,50
198,149,48,50
198,149,48,55
195,148,50,53
195,147,50,51
193,142,49,50
193,140,49,53
192,130,50,55
193,123,47,53
192,111,48,50
188,100,55,50
187,97,55,51
185,88,50,51
185,84,48,49
184,79,48,49
181,81,51,48
181,81,49,48
181,81,48,51
181,83,46,50
180,89,48,49
179,99,49,49
180,100,46,50
178,112,47,47
176,124,47,47
177,139,45,49
178,155,42,49
177,156,44,53
177,167,47,50
179,151,48,47
185,135,43,43
187,121,44,42
186,120,48,42
186,104,51,46
191,93,48,49
195,84,47,48
197,77,50,51
199,75,50,50
202,71,51,51
203,69,52,53
207,68,52,55
211,73,51,53
213,73,51,55
215,80,54,55
220,86,53,59
223,91,51,60
223,93,53,63
227,97,51,62
226,100,55,64
228,105,55,62
227,111,56,60
231,118,52,59
233,125,51,56
231,132,51,59
231,139,49,58
229,146,50,57
228,154,47,54
223,159,50,53
219,164,49,52
215,169,49,51
211,172,47,49
208,169,48,49
205,167,45,48
202,161,46,50
198,151,48,53
195,141,48,52
192,127,49,56
190,114,52,56
190,98,52,55
187,86,52,54
186,77,52,53
186,70,49,51
183,68,51,48
184,65,49,50
183,66,50,50
183,68,49,51
181,75,50,49
181,83,50,50
181,92,50,51
181,108,48,49
181,124,47,51
180,146,48,46
181,168,48,48
176,159,48,46
168,137,47,47
159,119,47,45
151,98,46,49
141,83,50,49
133,68,55,51
128,58,52,53
119,50,52,54
110,45,54,55
100,41,58,55
93,39,56,55
83,40,58,57
77,42,56,58
66,49,58,59
57,61,61,53
48,63,61,60
44,64,62,63
45,66,62,59
49,66,61,62
53,69,61,58
59,72,61,57
68,76,61,56
79,83,59,55
92,87,55,54
103,95,58,55
107,98,55,55
120,106,55,61
133,116,54,62
147,124,51,64
162,137,55,57
166,137,54,56
179,146,50,52
188,151,48,50
196,154,48,46
203,155,48,46
206,155,46,44
211,154,46,44
216,151,44,46
220,151,45,45
223,150,45,45
224,150,44,45
225,149,44,45
227,149,43,45
227,149,44,45
227,148,43,46
227,148,43,46
225,147,43,46
225,146,41,47
219,146,44,46
214,144,42,46
213,144,44,47
204,143,46,45
196,142,47,45
187,141,47,47
176,143,50,48
173,141,52,50
163,142,53,49
160,142,48,50
152,144,47,51
148,145,48,53
146,145,48,54
142,148,47,52
139,150,47,51
133,153,48,52
128,155,50,55
129,157,49,53
126,158,49,57
125,164,49,53
124,169,51,52
124,173,50,51
123,174,51,49
124,174,51,50
124,171,50,50
124,165,50,52
125,156,51,52
125,155,53,50
125,142,55,52
129,129,51,56
132,113,53,57
136,100,52,52
135,99,53,47
139,88,53,51
143,84,53,50
144,79,56,50
148,76,55,49
151,75,52,51
153,76,54,50
156,78,54,50
161,83,51,49
165,90,52,49
168,94,48,47
174,103,47,49
176,112,49,52
175,121,52,50
176,128,48,50
176,129,48,50
174,134,47,51
171,139,49,51
170,142,48,50
167,147,48,51
163,154,45,50
158,158,45,53
152,163,47,52
140,162,51,50
128,161,53,51
120,158,52,55
116,155,54,53
110,153,58,53
103,151,61,51
99,149,61,52
94,146,63,55
91,142,63,56
92,139,61,57
89,134,63,59
90,130,62,60
91,124,61,65
93,119,63,64
95,115,63,67
97,113,66,68
96,111,73,71
105,111,70,67
124,110,59,65
138,114,51,56
147,113,53,61
154,115,54,62
164,118,50,58
169,118,51,58
177,120,51,56
186,121,50,54
193,123,50,53
202,124,51,54
212,126,49,52
222,130,48,48
231,132,49,49
239,136,48,50
244,138,48,52
248,143,51,51
251,145,51,53
253,147,50,53
254,152,48,53
255,154,50,53
259,157,49,54
260,159,49,53
261,160,47,52
260,159,46,53
257,158,46,51
251,155,46,54
241,152,47,52
228,150,50,52
214,148,53,50
196,147,52,49
181,149,51,48
162,148,54,50
149,149,54,50
137,149,55,53
129,150,56,54
127,151,55,51
130,151,53,49
135,151,52,49
143,149,53,49
154,148,55,50
171,145,55,52
189,145,50,54
204,148,54,52
218,153,50,51
219,154,52,50
227,159,50,51
232,164,48,51
233,173,47,49
230,181,47,49
228,181,49,50
224,187,48,49
218,191,45,50
209,195,43,47
198,195,41,44
197,195,41,44
187,189,43,44
179,183,43,45
175,176,41,40
175,176,41,40
175,176,41,40
175,176,41,40
175,176,41,40
171,122,39,36
173,112,39,42
174,109,38,43
179,100,39,46
180,94,44,47
181,91,49,47
184,91,48,46
185,91,46,48
188,95,47,47
189,99,48,55
189,113,49,55
189,117,48,59
189,114,46,64
187,141,46,53
185,152,50,48
184,161,47,47
182,164,46,46
180,163,48,47
181,164,43,44
179,163,43,43
177,161,42,39
180,164,36,30
177,169,38,23
177,169,38,23
177,169,38,23
185,126,35,31
186,117,35,38
184,113,40,43
184,104,42,47
186,101,46,48
187,100,48,47
188,99,50,49
188,100,50,48
191,105,47,47
192,111,45,48
189,121,50,57
187,132,51,55
185,134,53,54
185,144,48,57
183,157,46,51
180,169,49,47
178,172,49,46
178,174,48,46
178,177,45,46
177,176,46,42
176,174,46,42
177,173,41,39
177,174,41,37
176,176,43,29
176,176,43,29
176,176,43,29
176,176,43,29
180,133,38,31
182,128,37,36
188,115,37,42
187,106,40,46
188,101,46,48
188,97,48,50
190,99,46,48
191,101,47,49
190,108,47,56
191,119,46,50
190,123,48,56
190,141,46,51
186,154,48,50
183,164,50,48
183,170,46,49
179,174,48,44
177,174,48,42
174,172,47,39
175,174,36,33
175,174,36,33
175,174,36,33
177,138,41,34
177,130,43,40
178,121,48,42
182,114,44,46
185,109,45,47
187,108,47,46
187,107,49,48
189,109,46,47
189,110,49,46
188,109,47,46
186,107,48,48
187,107,47,48
188,180,50,47
186,183,49,48
186,185,48,47
187,187,50,45
191,183,51,46
198,180,48,46
209,175,50,45
224,170,50,44
240,161,47,47
252,152,51,47
269,143,48,48
284,138,43,45
296,133,47,44
306,128,45,43
315,127,44,42
319,126,44,41
323,125,42,42
322,126,44,45
318,126,44,46
316,128,43,47
310,131,46,47
303,134,46,47
292,137,46,48
281,138,43,47
266,136,50,50
250,136,54,47
247,137,50,47
239,134,46,47
221,132,49,45
203,128,50,48
186,127,50,45
184,127,48,45
165,125,49,48
149,124,50,50
134,125,51,47
123,126,51,50
121,127,50,49
117,129,46,51
112,131,51,52
111,134,52,51
110,137,50,51
111,140,51,48
112,141,52,52
113,142,55,54
117,144,58,54
121,146,59,54
124,148,56,51
135,149,57,50
144,151,56,49
157,151,56,50
171,152,59,55
174,151,60,55
183,153,57,53
206,153,50,53
218,155,50,53
229,159,49,52
232,160,47,51
239,163,46,52
242,169,45,49
244,173,45,47
246,178,43,46
248,179,40,45
248,184,41,41
248,187,42,44
247,192,43,41
247,194,42,40
247,194,42,40
245,196,42,38
243,196,42,39
241,195,40,39
241,195,36,37
242,195,33,37
240,195,28,36
240,195,28,36
240,195,28,36
240,195,28,36
240,195,28,36
240,195,28,36
240,195,28,36
240,195,28,36
240,195,28,36
240,195,28,36
240,195,28,36
240,195,28,36
240,195,28,36
240,195,28,36
240,195,28,36
240,195,28,36
240,195,28,36
240,195,28,36
240,195,28,36
240,195,28,36
240,195,28,36
240,195,28,36
240,195,28,36
240,195,28,36
240,195,28,36
240,195,28,36
240,195,28,36
240,195,28,36
240,195,28,36
240,195,28,36
240,195,28,36
240,195,28,36
240,195,28,36
240,195,28,36
240,195,28,36
240,195,28,36
240,195,28,36
240,195,28,36
240,195,28,36
240,195,28,36
240,195,28,36
240,195,28,36
240,195,28,36
240,195,28,36
240,195,28,36
240,195,28,36
240,195,28,36
240,195,28,36
240,195,28,36
240,195,28,36
240,195,28,36
240,195,28,36
240,195,28,36
240,195,28,36
240,195,28,36
240,195,28,36
240,195,28,36
240,195,28,36
240,195,28,36
240,195,28,36
240,195,28,36
240,195,28,36
240,195,28,36
240,195,28,36
240,195,28,36
240,195,28,36
240,195,28,36
237,180,22,36
236,183,25,38
242,185,27,40
245,191,36,37
242,190,41,38
240,188,43,43
240,185,41,47
235,177,45,51
234,171,48,52
234,161,50,52
235,151,50,54
240,142,51,54
247,138,49,49
252,135,49,49
252,132,51,52
255,131,51,51
256,132,47,49
254,131,49,53
252,136,48,52
247,140,51,54
244,148,48,54
240,156,49,55
238,166,48,51
239,174,45,51
238,179,46,53
236,185,46,52
236,187,46,49
236,192,46,45
237,194,45,41
237,196,43,38
238,191,41,37
237,191,41,37
236,189,41,35
234,184,39,36
233,178,33,39
231,173,27,42
233,174,23,39
232,170,19,40
231,160,18,37
232,167,12,38
232,167,12,38
232,167,12,38
232,167,12,38
232,167,12,38
232,167,12,38
232,167,12,38
232,167,12,38
232,167,12,38
232,167,12,38
232,167,12,38
232,167,12,38
232,167,12,38
232,167,12,38
232,167,12,38
232,167,12,38
232,167,12,38
232,167,12,38
232,167,12,38
232,167,12,38
232,167,12,38
232,167,12,38
232,167,12,38
232,167,12,38
232,167,12,38
232,167,12,38
232,167,12,38
232,167,12,38
232,167,12,38
232,167,12,38
232,167,12,38
232,167,12,38
232,167,12,38
232,167,12,38
232,167,12,38
232,167,12,38
232,167,12,38
232,167,12,38
232,167,12,38
232,167,12,38
232,167,12,38
232,167,12,38
232,167,12,38
232,167,12,38
232,167,12,38
232,167,12,38
232,167,12,38
232,167,12,38
232,167,12,38
232,167,12,38
232,167,12,38
232,167,12,38
232,167,12,38
232,167,12,38
232,167,12,38
232,167,12,38
232,167,12,38
232,167,12,38
232,167,12,38
234,193,17,37
236,193,22,37
241,195,24,35
243,195,27,37
242,200,32,37
242,199,35,43
243,198,35,46
240,197,37,46
235,197,41,46
228,193,43,46
219,185,45,49
208,176,53,50
201,165,51,51
191,151,55,52
186,139,56,49
185,124,54,50
184,108,60,55
184,98,58,58
187,92,54,54
190,85,52,51
190,80,54,52
194,78,55,52
197,76,53,54
200,79,51,53
205,81,48,55
209,88,47,53
209,92,50,58
212,99,47,57
211,104,47,60
211,110,46,58
210,117,47,57
205,120,49,58
204,125,46,56
200,126,50,56
197,124,51,56
195,118,52,56
195,107,50,55
194,96,47,49
191,85,51,49
192,77,49,49
190,70,49,51
188,66,51,51
188,65,48,52
187,67,50,51
188,70,48,52
186,77,51,52
188,86,48,50
186,98,51,55
182,109,53,61
182,118,50,60
182,126,49,59
182,132,48,58
183,138,48,54
184,142,48,53
185,147,48,52
185,152,50,50
186,154,47,47
187,154,49,48
187,154,48,47
188,154,48,46
190,151,48,48
191,150,47,46
192,147,47,47
193,147,46,47
195,145,46,46
195,143,46,47
197,141,48,48
199,140,46,49
200,140,46,49
202,140,45,47
203,139,46,49
205,139,45,50
206,138,45,51
208,139,42,50
210,140,42,49
210,142,43,48
211,141,43,49
213,143,42,47
212,143,44,47
212,144,44,47
213,144,43,47
213,146,45,46
212,147,46,45
213,146,45,46
213,148,45,46
213,148,45,46
212,147,45,47
212,148,46,47
212,147,45,48
212,149,44,49
213,149,45,47
212,149,45,48
212,150,45,47
213,150,45,46
213,151,45,45
214,150,43,47
214,149,42,47
214,149,43,47
214,150,44,47
215,149,43,48
214,150,43,47
214,149,42,47
213,147,43,49
213,146,43,50
211,146,43,50
209,144,44,49
208,140,44,51
205,135,44,53
205,135,43,51
203,128,44,52
201,122,45,50
198,113,47,48
198,101,46,49
196,98,48,53
195,91,49,50
195,87,47,50
195,86,48,48
194,85,48,48
193,86,49,48
194,86,48,49
194,90,48,48
194,98,46,46
193,104,49,53
194,106,47,54
193,111,47,56
192,116,47,54
189,120,49,51
188,121,49,50
188,120,48,50
188,116,46,50
188,110,47,49
189,102,44,47
189,94,44,46
189,89,48,45
191,85,47,47
192,85,47,47
195,85,47,48
197,89,47,48
198,96,47,48
202,104,46,50
201,107,44,55
201,112,45,53
200,117,46,52
197,120,46,51
196,121,45,51
195,117,45,49
194,109,46,51
194,98,48,53
193,88,49,52
194,83,47,49
195,80,47,47
195,78,47,48
196,78,47,48
197,81,46,48
199,84,46,52
199,91,45,54
196,97,47,56
195,107,47,50
193,114,48,51
190,121,47,51
189,128,46,47
186,132,46,48
185,135,45,47
184,132,44,48
182,130,46,48
181,125,44,48
181,116,45,48
182,106,46,47
180,96,52,47
182,93,47,43
182,87,46,45
185,84,45,46
184,81,49,48
186,83,50,48
188,88,48,45
191,94,45,46
193,102,47,48
192,108,46,49
191,111,46,50
189,115,46,49
187,117,46,48
186,115,44,48
184,116,44,45
182,115,46,46
182,114,45,48
181,113,46,48
181,112,45,49
182,112,46,47
183,108,47,49
185,107,45,47
187,105,46,47
187,104,46,45
188,99,46,47
188,100,46,46
188,97,46,47
187,95,47,49
187,94,46,49
186,91,47,49
185,92,49,48
184,89,49,49
183,88,52,49
184,85,51,51
184,80,50,52
183,79,51,51
183,74,51,51
183,71,49,50
180,63,54,52
184,56,49,52
185,55,50,52
189,48,47,53
190,44,50,54
195,42,52,52
205,41,51,54
207,41,51,53
217,41,50,53
226,44,49,52
237,48,46,54
248,54,45,54
249,57,47,52
256,67,48,50
263,76,46,51
267,90,47,50
271,106,44,51
272,108,42,50
271,127,40,44
265,137,45,50
258,149,48,53
251,167,47,50
250,168,42,50
242,179,43,49
236,187,44,49
228,197,46,48
222,205,45,49
221,206,45,50
216,216,44,47
211,222,44,48
206,228,43,49
200,234,45,49
200,236,44,49
194,240,49,52
192,245,48,52
189,253,47,50
188,259,46,49
186,258,48,53
184,265,48,50
183,272,48,48
183,279,47,49
182,286,47,50
182,288,47,49
183,295,45,50
183,303,46,48
183,310,45,46
183,317,45,39
184,318,46,37
183,325,48,33
183,329,46,30
183,336,46,25
185,343,45,24
185,340,45,21
182,348,44,19
182,348,44,19
129,307,48,26
129,307,48,26
129,307,48,26
129,307,48,26
136,321,52,35
136,321,52,35
136,321,52,35
136,321,52,35
136,321,52,35
136,321,52,35
136,321,52,35
136,321,52,35
136,321,52,35
136,321,52,35
136,321,52,35
136,321,52,35
136,321,52,35
136,321,52,35
136,321,52,35
136,321,52,35
136,321,52,35
136,321,52,35
136,321,52,35
136,321,52,35
136,321,52,35
136,321,52,35
136,321,52,35
136,321,52,35
136,321,52,35
136,321,52,35
136,321,52,35
136,321,52,35
136,321,52,35
136,321,52,35
136,321,52,35
136,321,52,35
136,321,52,35
136,321,52,35
136,321,52,35
136,321,52,35
136,321,52,35
136,321,52,35
136,321,52,35
136,321,52,35
136,321,52,35
136,321,52,35
136,321,52,35
188,331,50,28
189,327,47,28
187,313,49,38
187,298,49,48
185,280,50,59
183,260,53,63
182,245,55,60
181,225,55,60
182,197,50,64
181,172,51,59
179,152,55,58
179,133,56,56
179,115,57,54
180,97,55,59
180,86,56,57
181,75,58,58
181,71,57,54
183,67,54,54
185,68,51,55
184,70,52,53
187,71,50,51
187,76,50,50
187,81,51,52
190,92,50,49
191,98,49,54
190,100,47,53
189,106,46,51
188,115,46,50
186,125,48,49
184,134,45,47
184,135,44,47
179,142,45,47
175,146,46,50
173,151,44,48
172,155,44,47
172,155,45,48
171,155,45,48
170,153,45,47
168,150,46,47
169,143,46,49
167,142,48,48
168,130,48,53
171,124,46,47
171,114,45,44
172,102,45,43
172,98,46,45
173,89,47,47
173,84,48,47
175,79,51,47
177,77,49,48
178,76,49,50
180,74,49,51
182,78,49,51
184,83,50,50
188,89,49,49
191,92,45,47
194,102,46,49
194,111,45,55
194,117,45,57
193,127,47,53
191,130,49,53
191,134,49,54
191,139,48,53
190,145,47,50
189,149,46,50
188,149,47,50
187,154,47,50
184,157,49,50
184,161,46,50
182,165,47,50
181,165,48,51
179,169,48,50
179,171,46,50
176,172,49,52
174,171,48,51
173,171,50,50
174,167,46,49
172,162,48,49
171,152,48,50
169,137,47,52
168,136,48,51
166,125,48,49
166,113,49,49
162,101,49,47
162,91,45,48
161,90,48,49
161,83,48,48
161,81,47,47
161,78,47,48
160,78,46,47
160,79,49,48
160,80,47,51
159,88,47,47
160,97,44,46
163,106,42,47
162,116,42,49
162,133,38,48
160,149,41,49
161,168,41,47
165,154,41,47
170,139,42,47
173,125,43,46
177,113,44,44
181,102,44,46
185,93,46,47
189,90,47,43
194,86,45,45
199,84,45,45
205,84,44,46
209,88,46,45
215,90,45,48
221,99,43,48
227,112,43,46
227,118,44,50
227,123,45,49
225,127,45,49
223,131,42,48
220,138,45,51
217,147,43,50
213,155,41,48
207,164,44,44
202,170,44,44
199,173,44,44
196,176,41,44
192,174,43,44
189,172,44,44
187,165,43,46
185,157,44,46
183,146,47,49
182,135,46,49
181,124,46,49
180,114,45,47
180,108,45,45
179,102,46,47
178,100,47,47
178,100,47,45
178,102,45,47
177,106,45,47
176,113,46,46
175,122,45,48
175,134,45,47
175,149,45,45
176,167,44,45
176,159,42,41
175,141,46,43
173,123,47,46
172,110,48,46
174,97,44,45
174,90,45,44
171,81,48,47
171,75,48,48
171,73,48,48
172,73,46,47
170,75,48,48
172,80,47,47
172,79,47,48
171,87,48,48
173,95,46,48
173,107,45,46
174,121,46,47
173,124,48,47
174,141,47,49
174,155,45,45
176,136,47,44
177,112,47,49
179,106,45,48
179,88,47,46
181,75,46,49
180,59,48,54
182,49,48,53
182,48,48,53
184,36,48,51
183,32,51,52
184,25,52,55
186,23,50,54
188,22,48,52
189,22,49,53
190,22,51,56
191,27,52,54
193,33,50,56
196,36,49,54
199,45,48,58
199,53,49,58
203,68,48,56
203,86,49,56
204,90,47,52
202,103,48,53
200,111,51,57
199,123,50,55
199,137,49,51
199,138,50,54
200,150,47,50
199,155,46,53
200,164,45,50
199,169,45,52
199,170,46,50
200,173,46,50
201,174,45,49
201,173,46,49
202,170,45,48
202,170,47,48
204,164,48,48
206,160,48,46
210,153,48,46
215,145,47,46
217,144,45,45
221,138,45,45
224,134,46,46
227,130,49,50
228,129,47,48
229,129,48,48
228,127,47,49
229,126,46,51
225,127,47,50
222,129,47,48
221,129,43,48
218,130,42,48
214,130,44,50
211,130,44,49
210,128,43,49
210,128,43,49
212,126,44,48
212,122,47,46
215,114,46,49
216,111,46,51
219,107,50,50
221,98,49,52
221,91,51,53
221,84,52,53
222,77,51,55
223,72,51,54
223,67,52,55
220,61,54,57
218,57,53,58
212,56,55,57
202,55,57,59
191,57,59,58
178,59,60,59
164,60,61,62
152,65,63,62
144,68,61,61
139,70,63,59
140,70,63,59
139,71,66,57
147,71,64,57
153,71,66,59
163,74,65,59
175,78,61,63
183,87,61,64
191,94,57,66
196,102,59,66
203,113,55,60
204,122,56,57
204,129,56,55
202,133,58,58
199,139,56,57
194,144,58,56
184,149,59,55
174,151,54,56
175,148,56,57
178,146,55,58
178,144,54,58
178,139,57,60
181,136,56,59
184,132,56,57
186,127,57,58
187,123,57,58
188,118,56,59
187,114,58,60
187,111,59,61
189,109,56,64
186,110,60,64
185,112,62,66
185,115,61,65
184,117,65,67
186,119,64,67
187,122,66,66
192,123,66,68
194,127,69,66
198,127,72,69
202,130,67,67
200,134,67,68
195,137,68,69
189,140,67,70
175,145,64,68
174,145,68,70
171,145,72,69
169,144,67,70
168,142,67,69
165,137,68,72
163,135,72,74
159,134,74,74
158,135,72,72
157,134,71,73
154,135,72,73
154,133,74,75
152,134,73,75
151,137,74,73
149,136,74,74
149,136,76,75
149,136,74,75
147,138,80,74
149,138,75,76
145,140,79,75
148,140,73,77
150,140,69,75
150,140,68,77
146,141,74,78
145,142,75,77
144,142,79,79
145,144,75,76
145,144,75,75
144,144,76,76
143,145,75,78
