179,140,128,132
181,138,128,134
184,139,126,131
184,138,124,131
185,142,126,126
186,136,126,135
185,141,129,130
188,137,122,133
188,136,126,131
187,134,125,133
184,136,128,131
183,141,125,123
182,138,125,127
181,131,123,131
172,132,126,138
164,131,128,140
157,132,130,139
149,140,130,138
147,142,132,137
147,145,135,137
150,145,136,140
155,147,133,137
155,143,136,147
157,142,132,140
148,147,135,144
140,148,137,143
132,151,138,143
123,156,142,144
129,154,144,143
134,154,141,143
144,158,142,144
149,152,145,150
157,157,139,149
159,157,144,147
161,157,142,150
166,156,136,145
164,160,142,143
162,169,141,148
161,157,142,148
155,160,142,148
151,164,145,146
146,160,144,151
142,157,149,148
144,161,148,142
148,155,145,143
149,160,144,147
151,146,146,142
150,153,147,152
147,148,148,143
151,153,138,150
150,163,138,148
140,160,150,147
140,163,147,155
137,164,145,151
137,167,147,151
137,174,145,149
141,170,144,145
138,184,149,139
139,169,148,139
143,174,139,152
142,173,145,145
133,177,147,138
132,179,149,144
128,175,147,145
123,173,142,152
114,176,149,153
108,175,150,153
108,175,146,155
102,180,147,153
96,179,147,156
85,174,158,162
76,176,164,162
77,176,153,152
71,166,158,157
63,176,161,160
59,170,164,150
56,171,162,149
57,171,163,151
58,159,157,153
51,154,167,168
49,154,168,169
45,151,171,159
55,152,159,164
48,149,164,165
52,157,161,158
43,152,173,156
46,159,169,155
53,154,162,157
50,157,163,162
43,152,174,155
53,156,162,162
43,147,171,164
47,160,167,163
51,156,161,157
34,151,177,170
47,162,163,167
39,156,171,170
40,152,169,172
35,159,173,177
24,153,186,166
38,161,172,170
27,164,183,168
23,163,187,164
33,160,176,164
23,160,189,168
25,155,183,169
19,164,193,167
21,161,195,173
35,165,179,177
38,162,180,172
52,180,174,163
55,187,182,165
58,179,177,166
70,187,174,173
69,191,182,157
74,188,176,169
79,192,173,161
77,189,177,164
92,190,173,161
107,193,165,158
113,193,165,156
117,198,171,158
122,194,161,159
117,201,159,154
117,197,160,156
114,200,162,161
115,196,164,154
122,190,150,153
119,183,158,156
125,176,155,147
130,168,153,147
134,160,157,142
140,160,148,145
141,153,147,140
145,154,145,140
152,146,141,145
161,144,138,144
169,136,136,133
171,132,139,136
180,126,130,141
178,122,136,134
183,121,132,135
181,122,133,128
183,113,129,134
179,111,130,130
182,105,128,127
177,107,121,129
172,106,123,129
170,106,122,131
165,107,124,126
164,108,121,127
166,110,120,123
164,112,120,125
163,113,120,131
164,114,118,127
164,120,123,123
167,120,120,125
171,127,118,122
173,127,118,124
177,130,116,122
178,134,117,119
180,133,118,120
182,134,115,121
185,133,115,125
186,142,115,122
193,144,113,128
191,148,114,121
194,145,113,119
194,144,112,119
192,143,116,120
193,140,115,123
190,135,116,129
187,139,116,128
183,146,115,130
178,148,120,133
174,154,122,129
171,158,121,132
167,158,116,127
162,159,122,131
158,163,121,132
154,161,121,130
150,164,122,134
151,164,120,132
149,168,118,133
147,173,120,129
146,173,118,129
146,173,117,133
149,170,116,136
145,180,118,131
150,177,120,128
153,172,115,133
157,176,113,123
157,175,113,127
158,174,116,125
159,168,118,129
164,170,115,129
168,168,115,127
172,169,113,123
176,168,110,125
182,163,111,125
185,156,111,123
190,153,113,121
192,153,112,121
203,146,105,121
206,145,103,120
213,141,102,120
220,138,102,119
219,137,107,121
229,134,101,121
229,132,106,123
235,130,103,123
241,129,103,122
242,130,100,126
245,130,104,120
249,134,101,120
252,130,103,121
258,127,99,123
261,127,94,125
261,132,96,120
258,128,99,121
259,124,94,122
252,123,96,124
252,124,99,120
244,121,102,117
245,117,92,120
238,120,90,119
230,126,96,120
229,122,96,124
222,125,98,120
215,123,97,127
209,128,97,123
202,125,96,127
196,126,105,127
191,128,101,124
189,125,101,122
188,118,99,123
188,113,101,122
190,110,98,125
195,107,99,121
197,104,101,122
201,98,107,125
215,89,101,129
215,91,102,124
228,83,103,122
240,77,102,127
254,75,102,125
265,65,100,127
266,67,101,124
272,54,100,125
278,46,96,126
279,34,100,128
276,21,98,130
275,18,97,128
271,7,99,126
272,0,100,125
271,3,107,116
270,0,108,114
275,3,100,111
271,1,98,116
269,3,94,122
266,6,96,123
273,5,95,133
282,5,89,135
290,6,91,135
304,7,92,137
318,13,86,134
330,20,85,132
339,27,84,128
348,35,83,124
355,40,81,126
359,44,77,125
359,50,76,124
362,55,74,123
367,56,72,123
368,56,72,122
368,58,78,119
373,60,72,115
376,53,74,120
381,56,77,120
389,55,79,126
395,59,79,122
401,63,81,120
406,65,76,120
409,68,74,118
412,70,71,119
411,72,78,117
415,79,75,117
412,78,75,117
411,79,73,119
406,84,72,118
403,84,70,114
399,85,70,112
393,79,69,117
389,79,68,113
385,77,68,108
383,77,69,109
389,71,68,116
394,70,67,119
396,75,68,118
399,77,68,110
400,83,66,105
399,84,68,106
401,89,66,102
397,90,68,104
395,88,69,111
392,91,70,112
387,93,79,115
385,98,84,121
384,99,108,128
381,105,128,134
373,109,136,142
383,115,125,156
380,112,122,153
382,115,126,141
377,118,125,127
391,117,125,128
394,119,131,128
391,120,133,135
400,118,140,129
403,117,132,135
416,115,134,134
419,118,133,135
420,118,131,142
417,121,136,132
417,124,133,133
421,125,126,134
415,122,132,134
411,124,134,132
409,126,137,126
406,124,133,127
400,124,138,126
395,122,131,122
394,121,131,120
388,116,127,129
381,122,129,118
371,116,130,125
366,112,128,111
363,111,126,113
350,104,137,114
350,100,122,113
346,97,120,116
344,89,115,119
343,90,116,118
345,89,112,120
346,87,111,120
349,83,110,120
347,90,112,114
346,91,111,112
347,94,104,110
345,96,101,106
342,91,97,111
337,94,91,106
339,94,88,108
331,90,91,116
326,100,88,106
319,98,89,104
314,94,87,109
315,93,86,109
314,94,79,108
309,95,78,108
309,98,76,106
309,101,70,105
306,101,73,97
305,101,79,89
305,102,79,72
303,102,77,67
290,111,66,77
294,101,64,72
286,97,68,69
278,95,72,73
267,90,72,77
258,89,70,74
257,89,72,68
257,89,72,68
257,89,72,68
257,89,72,68
257,89,72,68
257,89,72,68
257,89,72,68
257,89,72,68
257,89,72,68
257,89,72,68
257,89,72,68
257,89,72,68
257,89,72,68
257,89,72,68
257,89,72,68
257,89,72,68
257,89,72,68
257,89,72,68
257,89,72,68
257,89,72,68
257,89,72,68
257,89,72,68
257,89,72,68
257,89,72,68
257,89,72,68
257,89,72,68
257,89,72,68
257,89,72,68
257,89,72,68
257,89,72,68
257,89,72,68
257,89,72,68
257,89,72,68
257,89,72,68
257,89,72,68
257,89,72,68
257,89,72,68
257,89,72,68
257,89,72,68
257,89,72,68
257,89,72,68
257,89,72,68
257,89,72,68
257,89,72,68
257,89,72,68
257,89,72,68
257,89,72,68
257,89,72,68
221,54,74,77
219,65,76,76
218,64,76,86
220,69,80,100
226,77,75,87
229,79,75,83
231,87,74,90
235,89,69,106
238,92,71,115
237,93,76,114
236,95,82,114
237,98,80,114
236,98,81,115
235,98,80,116
234,95,83,120
230,96,85,120
228,96,79,121
222,95,90,122
222,100,87,117
222,97,88,124
221,99,94,124
220,104,94,121
221,106,96,122
227,111,92,122
224,113,100,124
229,110,99,122
230,112,103,124
234,107,103,128
230,106,105,132
228,105,107,127
223,105,103,130
215,101,109,130
210,99,112,132
206,99,107,133
201,100,110,129
197,98,109,131
187,98,114,131
188,96,114,134
184,100,116,130
181,100,120,130
183,96,119,133
186,97,124,137
192,97,120,131
197,96,123,127
207,98,115,128
214,93,115,132
220,95,119,133
221,96,119,132
226,95,125,135
235,97,118,131
240,97,122,131
243,96,126,135
244,97,121,128
247,96,127,132
249,97,124,128
249,96,119,126
251,90,112,127
254,94,96,125
255,92,95,131
256,89,94,131
259,99,91,126
256,95,97,123
261,98,89,128
267,97,90,129
271,100,92,129
273,104,95,130
278,109,95,129
280,110,92,127
280,120,95,124
276,118,99,131
276,130,93,120
274,130,95,125
274,125,95,123
272,125,96,125
272,127,96,126
273,120,102,124
274,116,111,131
275,107,108,139
280,109,106,134
283,103,101,132
285,107,98,127
284,101,104,130
286,102,105,134
285,101,109,134
282,103,122,141
282,100,134,140
288,101,131,143
289,104,132,143
293,108,119,136
288,109,117,137
288,112,132,132
288,112,145,136
290,112,146,137
288,111,152,136
291,109,151,136
294,106,148,136
293,104,144,134
295,101,141,137
293,99,138,135
290,100,144,132
286,101,151,137
289,99,148,140
289,99,153,136
291,100,151,137
296,100,145,140
293,103,157,142
297,104,154,140
297,107,153,141
301,106,153,145
301,107,146,140
299,105,152,141
298,102,155,142
295,99,152,138
299,94,142,138
296,88,154,141
297,83,142,143
297,76,149,144
295,76,141,143
293,72,150,143
290,70,148,144
280,63,165,149
278,59,161,145
269,54,171,147
266,49,169,150
264,46,167,150
262,45,161,149
254,42,172,154
256,40,175,157
256,40,176,160
251,45,183,159
255,49,173,158
251,51,183,165
257,62,169,170
263,81,165,172
268,110,158,169
261,147,159,176
259,184,169,169
257,202,165,153
256,218,162,146
247,237,166,129
251,242,160,117
254,255,154,114
258,258,148,95
262,264,152,100
271,259,141,97
273,259,147,100
276,254,148,98
281,246,148,111
284,235,148,120
291,217,140,133
285,210,148,134
281,201,139,139
280,188,137,132
278,181,135,130
275,177,135,124
278,172,132,124
279,174,128,120
282,172,124,122
283,175,130,122
289,177,120,122
290,179,120,119
292,176,126,118
299,171,116,118
300,172,102,113
299,163,118,116
301,163,112,115
294,158,112,116
297,161,112,117
293,162,94,115
289,155,110,123
285,155,116,118
285,157,110,114
285,157,102,115
282,155,114,115
281,152,117,116
285,152,116,114
286,152,118,118
286,149,102,118
287,149,103,125
288,154,91,121
288,153,91,126
287,162,91,118
290,162,88,120
288,170,94,120
287,172,88,122
286,177,87,122
284,186,84,122
284,186,85,118
285,190,80,124
283,193,83,120
283,196,76,117
279,197,81,117
282,196,80,123
284,198,79,117
287,194,79,120
290,189,80,122
296,183,78,125
298,183,78,125
300,179,79,124
302,173,80,125
302,167,78,122
308,158,76,125
304,158,80,121
303,152,81,126
304,147,80,128
303,150,80,122
301,143,84,127
305,144,80,127
301,136,82,136
307,136,83,135
309,135,84,140
314,138,87,137
316,137,86,141
319,143,83,135
325,140,82,135
324,135,83,135
329,137,74,134
322,136,80,132
315,130,84,133
312,132,84,131
309,134,81,128
310,132,77,130
312,132,73,127
304,135,79,130
307,130,74,135
306,139,73,124
303,134,72,130
302,133,72,133
297,129,84,128
298,122,102,136
284,119,109,134
281,111,106,135
278,105,110,132
276,94,107,137
276,89,105,135
278,84,101,133
276,82,102,132
277,78,100,138
276,76,98,137
273,76,99,142
271,73,100,144
271,77,95,141
270,76,93,139
275,76,88,134
273,78,91,133
277,78,86,135
281,77,81,135
279,81,86,131
278,81,86,134
285,80,82,136
281,80,89,138
291,82,78,135
287,81,86,136
293,86,78,133
294,89,82,131
295,91,87,136
300,96,81,133
306,97,78,135
307,101,74,132
303,98,84,137
303,103,81,133
297,106,86,132
295,107,85,131
293,108,84,131
293,110,79,126
291,107,77,127
289,103,74,126
291,99,70,127
286,96,70,126
283,93,75,126
281,90,75,126
281,88,66,125
275,85,65,123
271,82,64,121
273,77,59,112
270,74,63,91
264,75,61,86
261,76,58,86
254,74,63,88
251,74,61,80
247,74,60,82
249,70,59,85
251,68,55,73
248,61,68,76
252,62,64,62
247,69,61,67
248,63,63,71
248,68,58,78
244,67,62,86
244,69,67,87
248,71,59,82
248,71,63,86
250,71,65,85
256,71,63,75
256,74,60,79
255,77,63,84
259,92,58,79
268,84,55,73
270,82,67,78
271,88,70,73
271,88,71,80
272,96,73,76
278,101,70,77
280,103,75,75
279,103,78,75
282,114,71,82
288,109,75,74
293,109,72,71
287,123,63,96
291,114,66,104
293,110,67,110
299,110,57,110
299,107,60,113
295,108,67,107
296,106,69,110
293,106,73,105
291,107,70,106
288,108,68,105
282,106,64,109
282,107,66,103
278,111,53,101
274,110,62,103
275,109,66,104
267,113,72,100
269,115,66,99
266,118,72,105
269,121,69,101
270,118,70,97
274,114,67,99
276,114,62,98
278,113,63,100
282,112,59,99
283,109,61,100
283,107,65,101
283,109,66,99
283,112,72,100
288,115,65,98
296,119,64,99
303,119,62,101
299,118,67,99
307,120,64,99
311,119,65,101
315,119,63,100
316,122,66,97
314,121,66,98
322,123,60,98
321,120,64,97
321,120,65,95
323,120,66,98
322,121,66,97
325,119,64,97
327,117,57,99
325,116,64,96
326,118,63,97
327,118,57,97
327,118,59,98
329,118,61,90
330,119,56,90
328,120,57,97
327,119,61,97
327,120,61,97
328,119,61,88
329,122,61,79
329,123,65,70
322,135,58,83
322,127,65,97
324,127,60,85
308,128,61,69
292,128,64,66
279,145,65,76
268,133,71,91
267,135,62,95
270,132,64,97
267,135,71,96
272,137,64,96
280,136,70,97
286,136,69,98
296,137,63,97
301,136,66,98
307,137,67,100
309,136,76,102
316,138,72,104
319,138,74,103
323,140,73,102
327,139,74,102
325,140,78,102
324,138,79,103
320,140,76,99
312,137,76,104
305,134,78,103
299,133,81,107
298,133,74,102
293,133,76,104
291,134,80,106
290,134,80,108
289,135,80,102
288,134,81,106
290,136,80,105
290,136,80,103
290,135,83,108
293,138,80,104
292,139,82,104
291,140,82,105
287,140,84,106
286,143,83,101
286,142,81,107
284,144,80,108
281,146,84,106
280,145,82,103
276,148,85,107
276,147,86,108
275,148,88,102
277,147,83,104
276,147,82,106
275,147,82,106
274,148,84,103
274,146,85,111
276,147,85,105
276,147,84,114
274,151,85,107
273,151,86,107
272,152,88,116
271,154,82,109
267,155,88,103
257,157,86,103
247,155,90,110
242,154,87,107
238,155,87,103
231,151,93,106
228,148,92,106
231,144,90,104
230,142,93,102
236,141,88,101
239,135,91,103
246,133,86,103
248,136,81,98
256,133,80,104
259,139,83,104
270,140,89,112
285,146,91,113
290,149,91,106
301,154,86,100
315,153,73,98
328,152,80,101
337,154,71,94
341,152,68,99
346,152,68,101
342,154,72,100
343,156,70,102
344,158,71,100
342,160,79,99
344,161,78,98
349,161,78,98
359,162,75,99
369,163,78,102
370,162,78,104
379,172,76,99
385,170,79,103
397,173,78,103
407,177,79,102
407,177,84,101
420,178,79,103
425,179,82,101
439,180,82,97
452,177,80,98
453,176,85,104
462,174,81,104
459,180,82,100
456,187,79,102
455,194,80,100
456,197,85,96
464,196,83,101
470,195,85,101
469,198,87,110
479,211,88,111
482,212,93,113
500,226,90,109
508,230,92,110
521,240,86,107
522,237,89,111
519,243,90,103
518,237,91,105
516,240,90,102
520,232,89,99
521,221,89,101
522,216,88,104
523,209,93,101
529,204,95,101
538,200,92,103
540,194,90,98
535,189,94,103
520,178,95,104
511,170,91,105
502,166,83,102
500,161,82,98
496,162,86,98
503,165,85,96
499,166,92,97
495,158,86,94
492,142,83,98
492,139,83,96
494,132,83,96
498,130,85,98
504,132,85,96
505,135,86,96
506,137,86,97
509,141,86,100
509,148,91,96
510,151,90,96
513,151,86,97
515,156,95,98
526,156,96,99
531,153,92,99
528,156,92,96
526,160,93,99
525,157,93,101
517,159,89,101
508,161,93,100
501,165,92,97
492,166,89,98
480,171,95,102
469,184,87,97
455,192,89,94
436,199,88,100
417,210,91,102
403,221,87,102
390,225,84,103
385,229,80,98
387,227,86,93
388,220,91,94
393,218,84,93
398,211,87,95
397,207,85,99
390,207,84,98
383,212,87,98
376,213,83,95
364,213,87,97
359,213,83,98
355,211,81,97
356,211,83,98
356,207,82,102
358,211,87,98
362,205,90,99
365,203,91,102
372,205,88,100
373,199,87,105
379,198,92,105
379,197,89,102
375,199,89,102
369,203,90,105
366,213,90,103
359,210,90,101
352,212,96,102
350,209,90,109
350,206,93,105
343,210,94,109
339,213,91,107
335,207,96,112
333,218,92,109
326,214,96,112
320,215,94,111
312,216,93,114
308,217,93,116
306,218,98,115
305,220,94,115
296,221,93,117
292,222,97,119
295,230,98,114
289,224,94,118
278,222,95,117
268,226,92,119
255,228,92,121
245,228,91,119
234,233,97,118
225,241,96,114
221,238,93,117
212,236,94,115
197,237,94,119
186,246,91,116
174,250,96,110
171,253,95,108
161,248,93,111
148,253,96,105
135,256,97,103
130,253,92,106
126,254,94,107
121,252,91,109
113,246,92,108
100,247,94,111
90,254,94,101
86,254,95,104
81,250,97,108
74,245,105,112
66,251,95,104
64,251,92,104
62,251,94,105
59,246,92,106
56,251,85,100
63,263,80,90
58,272,83,85
58,273,88,84
62,280,102,77
65,282,115,80
71,280,126,80
78,275,125,84
80,270,125,87
86,266,138,94
89,261,144,94
104,258,134,89
123,252,131,96
136,250,120,97
149,249,119,93
149,249,124,99
153,253,132,97
153,256,134,93
155,254,131,97
155,252,132,104
170,259,117,92
169,259,118,90
172,255,120,100
173,251,120,105
178,248,118,105
182,251,115,104
190,249,114,107
206,240,107,109
206,239,111,110
217,235,102,116
219,235,104,107
231,228,94,104
234,222,91,102
235,220,86,103
230,229,92,103
230,231,84,101
222,230,86,99
216,230,84,98
214,230,81,102
201,238,83,100
195,244,68,96
191,247,78,98
181,246,87,97
180,244,87,98
172,251,88,106
162,268,90,92
162,268,83,88
162,261,86,92
163,253,85,95
167,247,79,92
168,238,84,90
173,231,81,92
183,223,76,88
185,215,82,88
188,207,84,90
195,197,81,91
198,185,77,87
198,179,77,84
202,173,74,87
199,168,72,89
198,165,76,87
201,162,79,88
204,166,78,84
207,165,76,93
209,167,82,89
211,168,78,90
212,171,79,88
214,171,80,88
215,170,79,90
218,171,78,89
224,170,75,85
229,166,77,87
238,161,65,88
240,154,77,89
243,151,72,88
251,150,70,90
251,151,78,89
256,151,66,86
260,151,69,87
260,148,78,88
262,147,80,86
263,142,80,89
263,142,77,92
264,141,80,87
261,140,82,88
261,137,80,88
258,136,74,88
256,130,76,87
256,129,65,83
255,130,60,81
251,128,66,84
250,129,62,83
245,128,69,86
244,123,69,90
238,125,74,87
234,130,78,83
234,127,77,84
233,125,77,86
228,127,81,85
225,124,80,85
219,126,81,85
220,125,81,85
219,124,79,86
218,126,81,87
217,127,79,84
216,129,79,85
213,128,80,84
212,129,84,89
208,130,86,86
210,132,81,85
207,131,82,84
210,134,75,91
207,135,82,91
204,138,87,91
204,135,83,92
198,141,90,92
197,141,88,94
193,142,92,92
186,143,97,94
188,144,93,92
186,151,94,96
183,151,96,93
184,152,94,93
184,151,95,97
185,150,97,96
185,148,93,92
187,153,95,93
183,148,102,94
186,152,94,94
184,149,98,97
183,153,97,93
181,154,99,97
179,154,100,96
178,153,102,102
178,152,102,99
180,159,104,97
178,158,103,94
178,159,104,96
184,156,102,97
184,160,103,93
188,155,101,97
187,155,103,97
193,157,98,94
196,157,98,95
195,160,100,91
199,157,100,96
201,156,95,98
199,157,98,100
201,153,97,97
202,156,97,97
205,153,95,97
208,155,93,99
208,153,96,91
211,156,96,90
210,153,95,101
217,148,90,100
220,149,86,94
221,148,86,93
221,149,88,93
224,148,84,91
224,148,85,94
225,143,83,93
226,144,86,92
229,144,86,89
226,146,86,89
229,140,83,90
228,145,86,87
231,147,83,87
234,145,81,87
233,147,82,85
233,146,83,82
243,143,71,84
250,145,64,88
241,167,68,62
233,174,76,55
234,155,77,68
234,149,80,74
232,140,83,82
236,135,75,82
233,135,80,81
234,136,77,83
229,132,79,81
230,137,75,81
227,135,75,79
223,137,79,78
224,138,75,82
221,136,81,78
222,136,78,80
223,133,78,81
222,133,78,80
222,131,81,79
224,130,80,82
225,129,79,81
228,130,74,82
224,130,80,82
223,128,78,86
221,133,78,79
220,128,79,81
218,133,78,85
218,131,81,80
217,132,79,82
217,133,82,87
213,134,85,85
211,139,87,84
212,136,86,78
212,136,89,81
216,136,85,83
217,134,85,80
218,133,86,81
221,132,86,86
218,132,91,86
222,131,86,87
222,135,85,85
223,135,85,91
223,134,88,89
222,138,87,94
218,137,93,90
224,140,80,91
217,137,85,91
218,139,85,91
216,143,82,90
214,140,86,93
209,144,85,91
209,143,87,93
207,147,86,89
203,149,89,90
203,150,87,89
201,150,89,90
199,153,88,89
201,150,84,92
201,152,82,92
201,152,82,89
200,160,82,88
201,155,79,87
201,158,83,90
202,156,81,92
203,162,84,91
204,159,83,90
210,158,74,94
204,161,82,90
209,162,84,90
212,167,84,86
214,161,87,93
216,162,93,88
221,164,86,90
221,166,91,89
225,165,92,91
225,162,92,97
228,158,89,102
229,162,93,105
226,172,97,97
231,173,95,95
233,172,90,86
232,166,96,93
235,163,94,100
236,154,95,103
234,160,100,103
235,166,98,97
239,166,97,101
241,162,98,108
243,161,95,105
245,159,98,107
246,156,99,112
243,160,99,108
248,158,97,115
250,160,95,106
249,160,99,108
251,158,97,110
248,166,98,105
251,169,99,102
248,167,100,104
248,169,101,102
250,169,100,97
249,164,102,105
250,172,100,102
243,171,104,94
247,167,100,100
244,169,101,101
242,167,102,102
242,169,100,102
240,169,101,103
239,169,103,99
234,168,105,108
234,170,105,100
226,170,113,99
229,170,105,105
226,176,107,100
219,174,112,101
221,174,105,100
214,165,112,110
213,173,113,101
216,171,103,104
211,181,106,95
212,175,104,99
205,173,109,117
208,165,104,111
205,184,106,108
200,179,108,100
203,173,101,111
197,183,108,109
195,178,108,101
192,179,114,110
190,176,113,108
194,170,109,107
197,181,108,102
198,168,105,109
198,180,109,97
204,182,103,98
202,179,104,110
206,170,107,103
208,172,104,112
212,162,101,107
213,173,103,102
213,163,103,104
216,171,100,103
214,165,100,105
210,170,102,102
210,168,100,99
209,167,100,105
209,161,102,102
209,161,99,107
212,159,100,106
214,158,97,109
217,161,98,104
219,159,99,104
223,158,100,105
222,157,104,100
229,165,100,99
235,160,98,94
242,161,88,95
245,154,91,103
251,158,91,98
256,158,86,91
253,157,93,95
258,155,90,95
266,149,81,101
266,150,84,98
273,146,78,101
275,144,79,101
278,145,79,100
282,146,73,100
287,146,67,95
289,148,68,91
293,142,65,96
295,141,63,94
300,141,61,95
302,138,59,97
303,133,62,100
305,129,61,102
314,130,59,102
310,127,67,104
320,131,87,103
310,131,102,97
318,127,100,100
320,131,101,108
320,128,97,127
318,127,101,130
315,129,105,134
315,126,108,136
311,125,115,126
306,121,122,114
299,129,130,92
294,130,134,92
286,131,101,81
344,139,92,86
359,136,76,91
362,133,71,95
366,136,73,94
368,136,72,91
369,135,74,93
372,133,74,94
373,133,75,94
373,134,80,91
371,134,83,94
375,138,78,92
372,136,80,95
371,139,79,92
375,138,74,93
378,139,71,90
378,137,70,92
377,139,70,90
373,138,73,90
369,138,76,88
369,139,77,89
361,137,83,92
365,139,82,86
351,139,93,85
353,138,93,87
349,138,94,85
347,137,96,88
347,138,94,87
346,139,93,82
345,138,91,82
346,138,88,84
343,138,86,84
341,137,84,84
337,137,84,84
334,137,85,82
334,138,83,79
327,139,85,78
323,139,89,80
319,139,88,79
314,139,90,74
316,141,85,78
311,140,85,84
310,140,83,82
306,138,86,83
307,139,82,83
306,138,83,84
300,136,88,85
300,134,80,83
299,137,72,82
297,135,67,84
297,131,70,86
294,136,70,86
291,133,75,87
288,132,77,82
287,132,74,86
287,131,71,87
286,132,69,82
281,132,70,84
278,133,71,84
274,132,75,83
274,136,73,82
271,134,77,82
267,135,76,81
262,139,77,80
255,140,76,82
250,140,82,80
246,143,76,78
242,145,74,76
234,144,74,78
229,144,74,78
226,144,74,78
220,146,77,77
222,146,66,77
209,149,75,74
209,149,75,74
209,149,75,74
209,149,75,74
209,149,75,74
209,149,75,74
209,149,75,74
209,149,75,74
209,149,75,74
209,149,75,74
209,149,75,74
209,149,75,74
209,149,75,74
209,149,75,74
209,149,75,74
209,149,75,74
209,149,75,74
209,149,75,74
209,149,75,74
209,149,75,74
209,149,75,74
185,156,82,89
185,156,82,89
176,163,89,106
179,171,92,104
181,170,91,100
179,166,94,110
178,160,93,114
179,157,95,115
183,169,99,103
188,169,96,97
194,166,93,105
195,162,94,98
198,163,93,102
198,158,97,102
203,162,93,98
208,164,99,99
211,156,92,100
219,168,92,95
223,164,96,99
226,162,98,102
232,161,96,98
235,167,96,95
240,159,91,103
245,162,90,104
244,168,90,97
246,162,94,100
251,168,89,98
255,163,86,100
258,163,83,101
260,160,79,101
265,156,76,100
267,149,79,104
272,138,79,114
275,139,76,111
278,145,62,101
282,139,74,104
284,138,61,103
290,137,73,100
298,129,87,103
300,120,94,106
303,115,96,110
304,124,99,98
308,122,97,98
310,136,98,83
309,131,103,87
313,124,100,95
311,130,103,88
312,120,103,100
316,123,99,95
315,127,99,88
310,116,96,103
304,130,99,89
299,126,102,94
296,120,103,101
284,131,97,99
279,132,91,102
280,133,84,100
273,134,75,103
267,133,79,105
343,93,74,93
340,96,78,84
339,98,82,77
336,98,84,79
339,97,83,83
342,96,83,82
346,97,81,81
347,96,83,85
349,96,84,86
352,96,85,90
352,98,86,90
352,99,91,89
352,97,92,93
356,102,90,90
359,100,92,93
361,103,88,92
363,103,91,93
364,104,91,91
364,103,95,91
364,103,99,94
366,103,100,98
370,104,97,96
372,101,97,96
373,100,101,101
378,98,98,100
381,98,100,105
383,94,102,102
385,98,102,104
386,98,104,104
384,101,108,104
389,98,107,106
390,99,108,107
390,101,107,107
391,101,111,108
393,101,110,107
391,102,119,109
397,100,115,111
397,101,116,112
402,102,116,112
407,101,115,116
412,103,114,112
417,102,115,121
417,99,118,118
423,107,119,120
424,106,123,119
426,110,123,115
432,110,121,115
436,107,116,119
436,105,122,118
434,106,126,130
434,107,127,123
432,109,131,122
432,107,133,122
437,108,128,126
435,111,131,125
431,112,140,118
442,110,126,124
442,109,127,130
438,111,130,126
443,107,127,126
440,109,133,130
441,107,131,129
439,108,136,131
445,108,129,132
443,109,134,129
441,111,137,129
442,108,140,128
449,111,130,130
451,110,132,128
453,110,128,128
455,106,128,128
448,110,135,125
447,112,129,125
444,112,133,126
444,113,130,127
442,114,132,131
444,114,134,122
442,113,132,125
446,115,130,126
447,116,129,125
442,120,135,124
441,120,135,121
446,120,126,120
441,119,131,120
441,112,132,123
438,115,132,126
439,118,131,119
442,111,130,113
439,110,128,119
439,112,132,121
443,106,122,112
436,106,129,117
438,105,124,116
437,107,126,111
439,107,122,109
435,102,130,111
436,102,129,111
438,100,124,114
436,101,123,112
437,101,124,111
437,98,124,112
439,98,125,111
441,97,117,109
440,99,118,110
448,98,116,112
447,99,118,106
447,97,121,110
448,99,121,108
456,96,115,113
455,98,114,110
454,96,119,112
457,93,118,107
458,94,114,112
458,92,118,114
458,92,116,112
459,91,123,113
457,94,124,111
468,94,111,108
466,94,117,107
470,94,116,108
471,93,118,109
470,94,116,107
473,94,118,110
478,97,108,106
477,95,114,106
480,92,113,109
485,94,115,104
484,92,113,108
482,98,114,102
478,99,116,107
475,103,116,109
470,109,115,105
465,105,116,108
459,104,111,109
448,102,119,112
440,106,117,112
432,110,117,113
423,113,120,113
415,117,117,113
407,121,113,112
392,124,116,108
381,120,119,109
381,119,115,111
373,121,110,110
365,116,112,117
352,125,115,112
351,128,108,108
348,127,107,109
345,128,107,111
342,127,109,110
339,126,106,111
335,127,108,111
334,127,107,111
335,129,105,109
330,131,108,108
328,132,103,110
328,131,104,110
324,135,108,109
323,137,104,110
320,136,107,111
319,137,103,112
317,142,103,109
312,141,106,110
311,144,104,108
308,143,104,111
306,147,105,107
304,146,106,109
301,147,107,110
302,147,104,106
306,149,97,110
297,143,103,109
296,148,101,110
293,148,103,109
293,148,100,109
294,150,96,111
290,151,99,108
294,155,94,107
292,156,95,105
290,151,101,104
291,154,100,106
288,149,104,107
291,148,104,104
289,151,107,105
292,148,102,107
293,149,101,107
293,152,105,104
294,150,104,103
295,148,105,105
297,150,102,103
295,150,107,100
299,151,101,103
298,151,107,99
298,150,108,101
305,145,103,101
300,147,108,105
305,147,105,102
303,148,109,99
312,150,101,97
315,145,99,100
313,147,101,106
316,149,102,99
317,149,101,102
318,143,102,99
321,149,98,104
326,142,96,98
326,147,98,99
326,147,101,95
328,147,102,100
327,149,102,96
326,147,109,98
328,154,107,96
334,153,101,93
337,150,100,95
338,155,99,101
339,151,99,105
335,155,99,103
325,166,111,94
329,172,103,90
326,176,102,88
323,182,105,90
319,177,105,94
317,180,105,91
317,179,104,91
313,183,106,89
313,180,105,93
316,184,95,91
310,182,103,97
311,181,100,94
311,181,100,94
310,178,102,96
308,180,103,92
310,177,99,93
309,179,99,96
306,174,101,93
309,178,99,97
304,176,101,100
304,175,100,97
304,178,98,98
303,178,101,98
303,180,97,98
301,185,101,94
300,179,102,100
299,179,103,103
299,178,102,99
298,189,102,97
296,184,105,96
295,193,106,94
295,192,105,96
298,190,101,92
294,189,106,99
297,191,99,98
297,195,98,97
298,190,96,101
295,196,96,100
291,195,99,97
289,192,99,96
286,195,99,100
285,197,96,95
281,195,98,92
279,198,96,90
274,193,100,93
273,195,98,91
271,187,98,97
264,190,105,102
262,192,101,100
260,194,100,99
256,189,102,103
253,186,106,103
248,187,108,106
245,189,104,110
237,193,112,105
234,194,107,110
233,189,103,116
221,196,105,112
214,193,107,119
205,199,101,124
195,200,110,120
193,207,111,117
188,209,110,115
183,213,110,119
178,210,114,119
171,208,119,122
175,214,118,116
172,210,114,123
171,218,112,116
167,216,120,120
168,213,117,120
164,219,121,117
171,220,116,119
171,215,113,118
171,219,119,117
173,221,114,117
174,222,118,117
174,217,120,116
178,216,117,124
183,214,111,120
183,222,118,119
184,220,114,117
183,225,123,118
186,224,119,120
190,227,120,117
189,231,121,115
188,235,123,114
192,232,123,115
192,236,121,117
195,232,124,116
200,231,119,122
197,225,123,123
199,228,124,124
199,223,121,130
201,224,121,128
200,215,127,138
203,230,125,125
206,224,125,125
204,229,133,118
209,219,130,136
211,224,124,126
207,224,136,128
213,220,128,130
211,217,140,147
212,216,141,144
218,219,140,137
218,208,139,145
220,230,137,130
227,222,128,130
227,226,132,134
229,232,133,125
230,232,135,124
230,232,134,124
234,237,130,123
233,235,135,119
236,236,132,121
234,236,136,116
237,239,135,117
235,237,135,125
241,230,130,127
238,234,134,121
239,235,136,122
241,229,135,128
244,227,132,125
245,229,134,131
254,220,131,130
247,230,139,129
256,223,133,128
271,221,129,129
271,222,130,133
279,223,133,130
280,225,133,128
286,214,136,134
294,216,133,139
296,207,134,145
304,217,128,138
304,210,136,139
307,209,133,145
308,207,136,139
305,211,142,142
310,216,142,131
320,230,131,127
319,227,139,118
318,227,145,123
326,220,135,123
323,220,141,124
320,211,142,134
325,228,136,125
329,224,135,124
332,225,133,128
335,226,132,119
339,229,130,123
342,225,130,125
350,221,129,128
351,222,128,129
351,226,132,124
356,226,137,125
358,225,141,124
362,223,136,127
368,224,134,127
366,222,142,130
377,225,133,123
381,226,133,126
388,219,131,123
391,219,128,122
389,219,132,121
390,218,135,124
390,214,133,123
394,213,130,126
391,211,130,121
392,211,132,127
393,217,130,119
395,215,130,117
395,220,129,116
401,211,125,124
400,213,124,122
401,211,126,126
399,208,128,125
399,213,129,123
402,209,127,124
403,207,127,125
414,207,117,125
413,202,125,125
410,211,127,120
414,207,135,122
420,205,134,127
424,207,129,125
427,202,126,131
433,199,123,130
435,204,127,126
436,209,127,127
435,206,129,129
434,205,129,132
435,204,131,132
437,206,133,132
436,210,136,127
436,208,133,131
439,208,133,131
438,208,134,132
440,208,133,135
439,206,134,136
440,212,137,129
439,209,136,135
438,216,143,129
439,215,140,128
442,210,141,135
440,214,140,133
441,216,143,135
442,214,139,134
441,216,145,135
441,217,146,134
444,216,142,135
445,216,139,136
445,214,144,135
444,220,141,133
448,215,141,140
447,210,143,140
444,213,151,139
444,218,144,136
448,214,145,138
447,219,144,134
448,216,149,136
447,222,144,130
447,216,145,133
440,221,154,134
438,212,141,139
440,210,138,140
432,211,140,137
430,209,139,136
420,205,140,135
415,204,138,135
409,203,137,132
404,205,130,132
396,203,132,131
389,207,129,126
381,200,128,127
378,206,126,123
373,198,123,129
366,198,122,127
361,199,121,125
351,199,118,119
356,200,118,116
353,198,109,121
350,197,112,120
349,196,111,121
348,198,115,114
349,200,112,113
350,199,117,114
351,200,116,109
355,192,113,115
361,188,111,117
362,187,111,115
363,190,113,111
365,189,113,109
368,187,109,111
373,181,110,112
380,180,113,105
385,175,113,106
394,174,109,104
405,171,101,106
409,170,100,95
412,167,99,83
416,166,98,79
419,167,101,72
420,165,102,66
419,162,105,66
426,160,101,62
426,160,101,62
426,160,101,62
426,160,101,62
426,160,101,62
426,160,101,62
426,160,101,62
426,160,101,62
426,160,101,62
426,160,101,62
426,160,101,62
426,160,101,62
426,160,101,62
426,160,101,62
426,160,101,62
426,160,101,62
426,160,101,62
426,160,101,62
426,160,101,62
426,160,101,62
426,160,101,62
426,160,101,62
426,160,101,62
426,160,101,62
426,160,101,62
426,160,101,62
461,163,85,47
466,163,78,48
469,160,74,52
421,173,60,58
421,171,56,58
423,170,52,55
424,166,51,57
424,163,51,58
424,161,53,62
423,160,54,59
424,160,53,62
424,157,51,66
424,158,52,65
424,160,52,65
424,159,53,65
424,159,54,67
466,142,49,57
425,160,53,61
424,156,57,69
424,155,58,69
425,155,54,70
426,158,52,69
426,162,52,65
426,166,53,63
425,171,51,57
423,182,50,48
464,148,56,44
460,148,57,46
460,148,55,48
460,148,56,48
448,147,67,50
447,146,73,55
433,146,86,59
424,146,85,41
418,145,93,43
415,145,94,44
415,145,94,44
415,145,94,44
408,155,99,49
408,155,99,49
408,155,99,49
354,189,91,57
363,182,80,72
363,182,80,72
363,182,80,72
373,169,74,56
366,173,78,46
361,180,77,49
330,235,89,55
330,235,89,55
332,239,77,58
337,178,81,43
308,243,92,49
306,241,83,57
305,231,77,47
298,232,82,49
290,238,75,46
289,239,66,51
281,240,63,52
279,241,52,50
272,243,54,52
266,245,54,51
257,248,60,50
249,252,58,48
248,254,61,47
243,257,56,44
240,256,58,46
235,252,57,47
230,250,55,50
230,249,56,51
226,247,49,54
223,247,50,52
219,247,48,53
216,250,44,50
216,253,39,46
212,257,37,43
208,258,36,39
208,263,29,34
205,263,30,31
204,262,31,32
204,261,25,28
201,259,23,23
201,259,23,23
201,259,23,23
201,259,23,23
201,259,23,23
201,259,23,23
201,259,23,23
201,259,23,23
201,259,23,23
201,259,23,23
201,259,23,23
201,259,23,23
201,259,23,23
201,259,23,23
201,259,23,23
201,259,23,23
201,259,23,23
201,259,23,23
201,259,23,23
201,259,23,23
148,260,20,26
138,255,24,28
135,252,27,28
133,250,30,32
138,247,30,35
137,247,34,33
146,251,33,27
152,254,35,23
160,255,33,24
165,254,31,24
174,254,31,25
174,254,31,25
174,254,31,25
174,254,31,25
174,254,31,25
174,254,31,25
174,254,31,25
206,233,28,19
205,229,29,24
210,227,30,26
213,217,36,33
218,211,38,40
201,201,42,40
195,197,49,40
194,194,51,47
191,189,55,52
187,187,57,57
188,186,66,64
187,187,76,70
182,184,80,72
179,182,94,79
182,171,98,93
177,159,99,109
180,161,99,114
173,162,101,115
168,164,105,118
166,168,106,116
164,171,110,111
162,169,111,116
163,172,111,111
162,171,111,108
161,171,112,108
159,168,117,111
162,175,116,105
162,164,113,112
166,164,110,111
165,159,113,120
167,157,114,117
170,156,113,120
179,157,109,120
184,159,110,120
193,166,99,119
190,167,111,119
185,173,121,119
188,174,117,119
191,175,123,125
199,174,120,128
201,177,124,129
205,177,123,129
211,177,120,130
208,183,128,132
218,182,128,133
220,191,129,130
230,196,129,127
230,191,127,133
238,195,127,130
242,205,122,120
247,197,125,126
255,212,125,109
254,221,128,103
259,221,131,103
262,216,130,106
266,214,134,104
274,200,130,113
275,205,135,112
276,183,135,125
279,184,140,129
286,181,140,130
278,171,148,138
290,166,141,143
298,178,138,129
299,170,138,135
306,163,138,136
309,160,141,137
313,157,134,139
318,152,136,137
322,162,131,132
330,152,129,134
337,152,129,135
326,162,141,123
339,150,130,131
340,159,132,130
344,155,128,133
341,150,136,137
343,151,132,129
354,148,127,136
355,157,133,133
351,151,139,130
348,155,143,133
345,143,152,136
357,150,139,135
359,149,143,143
359,150,143,134
363,154,137,142
360,151,141,134
371,154,140,141
369,153,137,133
371,153,134,139
367,156,141,138
377,152,136,143
380,147,128,140
385,157,127,142
378,152,135,139
386,155,129,138
377,156,137,139
379,152,133,140
378,157,132,143
374,154,137,139
382,159,134,142
374,152,137,140
389,156,125,139
383,155,132,139
388,156,126,140
373,155,143,140
373,158,141,141
387,154,124,148
378,154,133,146
374,151,133,144
383,158,126,141
366,158,138,139
371,156,132,137
374,153,127,139
363,153,137,143
370,157,128,147
359,153,135,136
359,151,132,143
362,154,128,137
367,150,126,137
351,154,141,137
365,145,131,140
365,146,134,140
368,146,135,142
367,140,142,142
369,151,141,138
367,154,150,138
373,152,140,145
376,160,136,147
371,169,134,141
362,173,142,143
357,181,137,141
349,175,146,147
350,179,141,149
343,171,137,148
344,174,137,153
335,170,148,148
325,169,147,152
323,168,150,156
332,166,142,150
318,176,155,149
319,175,158,151
319,169,159,157
327,170,159,157
329,174,152,155
331,180,161,165
332,182,157,159
332,189,161,163
337,188,155,160
329,204,165,156
331,200,165,159
328,203,164,152
326,207,164,150
331,211,154,143
320,203,170,149
315,215,170,145
319,211,170,142
314,209,177,148
318,207,174,145
312,206,177,148
317,216,179,146
315,209,183,149
327,212,173,139
315,207,183,153
314,208,183,149
318,207,190,156
317,211,181,144
320,216,185,148
326,209,176,149
322,213,187,153
316,213,195,147
331,216,186,139
326,221,191,143
322,232,199,129
332,229,192,129
334,238,192,120
342,241,185,117
336,239,192,122
347,247,180,110
347,241,182,115
339,241,190,116
330,242,200,118
345,240,183,118
333,237,195,118
335,245,193,116
337,242,192,116
332,239,193,119
338,242,190,115
327,241,202,119
339,238,188,118
341,243,182,119
344,240,184,118
348,240,176,118
343,244,186,119
343,245,184,113
340,242,186,115
339,245,186,117
336,242,184,111
337,240,183,122
339,239,170,120
336,237,175,125
325,239,173,123
329,238,173,124
323,246,174,114
323,247,164,114
317,244,167,114
314,247,170,113
315,244,163,117
323,244,150,114
309,242,159,111
308,242,155,116
309,246,147,115
303,237,147,117
302,235,145,116
302,234,141,120
298,234,142,122
292,231,144,128
290,225,142,133
296,221,132,137
282,221,138,136
287,216,134,137
284,219,134,140
284,215,131,136
286,217,132,144
283,211,130,134
279,220,135,131
282,208,136,133
284,215,130,129
284,214,128,128
288,209,121,129
281,201,124,138
287,211,120,138
275,204,129,132
279,209,122,132
279,205,119,132
284,207,113,135
269,204,124,135
275,204,110,127
260,203,125,129
261,199,122,129
270,202,113,133
263,196,118,127
258,200,122,131
256,199,118,120
262,197,111,125
261,194,113,123
265,195,113,123
270,197,106,121
263,193,116,123
265,188,118,121
274,192,115,121
271,191,118,112
277,187,118,121
282,189,114,111
286,188,107,115
287,188,112,114
291,188,113,116
294,187,121,114
308,180,114,116
316,179,107,108
313,180,109,107
319,182,106,109
320,180,107,109
322,180,108,112
327,184,101,113
324,184,110,109
320,183,111,106
324,179,106,111
319,182,110,109
318,182,109,110
320,183,107,111
315,185,112,111
311,189,112,111
313,185,109,115
316,193,107,118
310,192,111,113
314,198,107,115
316,200,102,119
301,203,116,120
304,209,115,122
311,215,105,122
296,217,117,123
300,219,112,128
296,225,117,128
291,226,123,131
293,226,119,126
297,233,117,129
287,228,131,131
297,235,118,122
295,239,119,120
295,241,122,117
296,247,125,112
301,247,119,111
298,252,125,104
301,253,122,104
299,257,131,95
306,264,125,98
296,258,136,100
291,267,145,92
294,257,141,94
291,267,150,92
292,258,157,101
302,252,151,105
315,245,141,108
315,237,143,119
314,236,148,120
321,235,141,121
321,231,141,127
314,236,150,118
308,235,157,126
314,235,148,117
316,243,145,117
327,237,133,115
319,245,141,119
305,238,153,115
300,249,158,116
296,248,161,109
301,243,156,113
296,251,161,111
294,254,162,107
291,255,164,105
293,259,164,100
298,262,162,95
301,264,160,96
298,265,162,91
299,264,158,93
315,262,143,94
311,268,149,91
319,264,140,87
314,266,148,91
301,266,159,91
315,267,146,93
308,265,159,89
314,267,152,95
305,260,160,97
305,258,159,100
297,254,164,102
295,257,166,103
297,252,164,105
295,256,169,106
298,252,163,106
298,253,159,110
300,249,159,106
298,258,164,105
298,249,162,109
301,253,157,109
310,248,153,105
301,254,161,111
306,246,152,108
317,252,142,110
313,243,148,108
309,247,149,109
308,245,147,113
301,245,151,113
309,244,141,112
306,244,141,112
303,242,142,116
310,246,132,110
312,243,126,114
304,246,135,110
317,243,120,113
310,248,128,111
318,249,120,107
318,251,115,104
312,252,114,105
313,252,113,101
310,251,115,108
301,252,126,108
305,243,121,112
319,244,106,117
306,244,119,119
312,237,115,119
304,239,118,118
320,240,98,117
302,241,115,118
306,244,107,110
299,245,114,112
294,249,117,105
294,245,112,108
295,240,109,116
302,238,105,115
293,242,114,109
294,235,112,112
295,235,112,112
301,235,108,110
308,234,105,113
306,237,106,109
310,233,105,111
314,227,101,110
318,226,98,108
319,222,94,105
325,213,86,107
316,207,93,111
313,205,92,105
303,203,100,104
311,202,90,105
300,198,99,108
303,197,96,108
300,196,101,107
298,191,105,105
300,191,103,105
305,188,104,106
306,186,103,106
308,186,102,105
307,186,105,105
306,182,105,107
313,184,94,104
314,181,93,103
310,184,98,103
306,181,104,104
305,179,103,103
307,179,100,101
310,176,95,105
305,175,100,103
306,176,102,104
310,174,95,104
305,174,99,102
306,176,101,105
306,173,100,105
308,171,96,107
310,174,95,103
311,172,96,104
312,178,95,102
313,173,99,104
313,173,98,105
313,173,98,103
314,170,100,103
317,172,96,106
315,172,100,104
317,171,100,104
319,174,100,107
318,176,102,104
324,173,94,107
326,179,94,100
326,181,97,104
326,183,98,102
321,187,104,106
326,193,99,103
330,198,99,103
331,201,102,107
332,208,100,105
334,209,99,108
334,214,95,111
334,218,93,112
325,223,101,111
326,227,97,108
329,232,98,111
329,228,96,107
328,229,100,110
332,232,102,110
331,230,100,110
337,232,101,107
339,232,100,112
343,234,96,109
350,239,96,110
348,235,97,117
345,242,103,109
349,239,100,109
352,243,100,108
354,243,100,109
350,241,105,112
354,241,106,111
354,235,110,114
359,233,109,116
360,233,115,116
369,232,108,116
373,228,109,117
383,222,103,122
386,223,109,121
380,223,119,120
382,218,124,118
389,220,117,122
388,219,120,123
391,218,125,122
395,212,120,119
402,216,116,121
395,210,123,125
395,212,130,126
392,215,129,118
399,210,134,126
402,207,125,128
411,207,116,131
412,205,114,128
405,207,124,139
396,203,127,133
400,210,126,132
406,205,115,131
390,209,136,133
395,198,127,138
385,205,127,135
393,200,122,136
379,208,133,140
371,207,136,133
367,205,139,142
361,213,138,138
354,209,141,139
353,209,144,138
350,207,141,145
351,196,138,139
345,209,139,136
346,204,140,139
336,204,144,142
334,202,149,140
332,193,148,143
332,200,147,141
335,196,148,145
331,195,151,151
322,182,164,150
321,196,164,138
335,202,148,140
324,192,157,149
331,201,152,152
343,190,139,147
334,201,156,158
338,206,149,148
332,203,154,156
327,206,150,151
325,208,146,155
324,213,140,148
313,222,143,142
295,218,147,137
277,227,157,132
278,228,141,131
282,234,122,122
259,234,139,126
244,240,144,121
236,245,148,114
230,247,157,110
228,255,152,101
221,258,150,96
223,269,154,87
217,270,156,83
210,276,161,79
204,274,166,79
203,274,165,80
218,268,143,83
214,261,146,87
215,260,146,91
211,256,147,98
214,251,143,106
215,249,141,108
209,249,141,106
215,248,133,107
209,242,139,119
207,231,134,137
198,220,141,128
195,225,143,138
191,221,141,131
192,217,139,141
194,207,137,144
193,215,141,138
196,206,133,134
193,202,133,131
197,194,128,123
192,186,132,131
196,186,129,122
195,176,132,130
201,175,121,127
201,173,117,116
205,178,111,113
207,174,108,113
206,174,110,112
204,179,109,115
203,185,108,112
196,187,110,105
192,189,105,104
199,189,98,108
200,186,97,104
202,188,100,106
199,187,106,101
205,187,102,103
203,190,103,99
207,185,99,102
205,185,100,99
207,185,99,96
209,183,96,99
208,181,105,101
213,180,98,97
213,183,100,97
216,183,98,98
217,182,99,97
217,183,98,97
220,183,98,96
224,181,93,99
224,181,93,101
224,184,94,100
224,186,95,99
227,186,91,99
228,186,93,100
232,186,89,98
231,188,92,102
234,187,92,97
236,189,89,100
238,185,89,100
238,190,91,99
239,191,90,96
241,192,92,97
245,194,88,101
249,193,89,101
250,200,90,102
251,198,91,97
249,202,90,103
250,199,90,99
248,207,92,96
244,208,96,99
244,205,94,98
243,209,92,102
241,208,94,98
239,211,89,96
234,208,92,97
236,210,89,95
233,210,89,98
226,211,94,96
224,207,93,100
221,209,93,103
221,205,93,99
216,207,95,98
214,210,97,101
217,205,91,102
214,213,97,97
218,212,94,98
218,213,91,98
216,210,96,99
215,214,96,99
217,214,90,95
214,218,96,94
214,216,100,91
215,211,95,97
215,211,92,94
215,208,92,97
213,209,96,99
209,208,97,95
209,203,93,98
206,206,95,97
207,205,91,95
204,205,95,96
202,207,95,93
200,205,94,93
199,203,90,95
198,203,92,92
197,201,92,92
198,202,85,92
198,201,85,92
195,201,88,98
193,204,93,94
195,207,88,92
196,208,83,90
195,206,88,91
199,207,83,89
203,208,78,95
202,205,81,88
209,205,80,90
223,204,72,91
233,204,74,87
239,196,76,90
241,188,74,87
245,180,71,88
247,167,75,91
245,156,79,91
238,147,89,90
235,143,80,88
233,138,76,87
226,131,82,85
217,123,88,91
209,120,90,88
205,115,81,89
199,110,88,89
196,109,83,87
189,102,98,91
186,99,92,88
182,92,94,91
183,93,90,84
180,91,84,88
181,95,84,88
180,89,93,89
183,86,90,88
188,84,89,89
191,78,97,88
194,70,95,89
197,66,98,88
202,64,90,89
206,60,87,88
209,58,91,87
211,58,84,87
214,55,87,87
213,52,91,87
212,52,88,87
213,47,89,88
213,45,88,87
212,43,83,88
211,42,84,89
210,43,88,89
212,43,83,89
207,46,89,88
210,49,85,86
211,50,81,88
214,55,83,86
213,56,90,87
214,59,80,87
213,60,78,90
208,61,78,90
208,66,76,85
207,69,74,84
205,73,76,85
205,77,77,85
202,76,78,84
201,79,78,82
199,76,80,78
202,70,74,81
205,63,67,81
206,58,73,79
209,55,76,79
212,55,72,78
204,58,79,78
205,61,80,76
208,64,73,75
211,67,75,75
214,67,75,76
217,67,73,75
220,63,72,76
222,63,70,76
227,57,68,72
231,50,70,73
238,40,72,71
244,26,72,73
245,25,70,73
255,11,70,73
263,0,68,74
268,-1,70,68
274,1,70,58
282,1,64,55
291,1,64,54
296,1,64,56
306,0,63,62
314,0,63,66
315,0,66,66
320,1,67,69
322,1,68,69
327,3,66,66
332,5,65,65
332,2,65,67
336,3,65,68
338,3,65,67
341,2,65,68
344,2,67,66
344,1,66,68
346,2,67,64
347,1,67,64
349,0,66,60
349,0,67,57
350,0,66,54
351,1,65,48
351,0,65,47
349,-1,68,44
348,1,68,37
349,1,67,37
347,0,64,35
340,0,65,32
337,2,66,29
329,0,65,30
327,0,60,30
317,1,60,33
314,0,64,38
298,0,77,49
286,0,81,57
280,0,82,62
268,1,82,69
259,4,82,79
255,15,72,82
251,29,72,83
251,31,74,82
247,44,72,75
244,43,74,81
242,52,75,75
241,56,71,75
241,57,73,73
238,62,71,71
236,63,72,70
231,64,74,74
228,69,73,72
229,69,73,70
227,72,71,70
222,71,73,72
218,75,73,69
212,73,72,74
211,75,73,72
205,74,72,73
201,75,68,72
194,75,70,74
182,77,74,74
174,77,75,71
165,74,76,73
157,74,75,72
148,75,72,72
140,71,73,70
129,68,77,74
126,67,73,73
118,67,77,70
115,61,71,68
110,59,73,71
105,55,74,72
101,54,76,73
101,52,73,73
99,53,71,72
97,54,73,72
93,56,76,73
89,59,77,78
86,68,77,78
82,76,74,79
78,85,78,76
74,90,76,75
72,95,76,76
69,100,75,74
64,103,75,74
59,107,75,74
55,111,74,70
50,114,72,68
42,115,74,68
36,116,76,70
32,118,76,71
30,118,73,69
25,121,73,69
21,119,73,66
16,119,72,67
8,121,78,64
3,120,78,69
2,117,74,67
1,117,72,69
1,115,71,70
1,117,67,71
1,116,64,71
-1,115,62,75
-1,120,60,74
-2,126,58,74
-2,130,54,75
-2,127,45,83
-2,133,41,78
-3,136,37,74
-3,139,36,72
-2,138,34,72
-2,137,34,74
-2,138,35,76
-3,136,39,78
-3,138,43,79
-4,141,46,79
-1,143,48,78
0,147,50,78
1,149,55,80
0,149,62,84
0,152,68,85
0,155,71,82
0,150,75,87
0,150,79,89
2,148,83,91
0,151,87,92
2,150,89,98
2,153,90,98
4,159,91,104
4,168,95,99
8,166,94,103
7,171,96,100
11,178,95,102
12,183,99,97
5,190,110,98
4,187,113,101
5,186,111,103
7,190,112,102
7,186,118,111
15,186,115,113
28,183,102,115
25,182,106,114
26,182,114,114
34,180,113,121
43,178,107,123
48,178,105,121
50,177,103,119
51,173,113,122
53,174,111,120
57,174,112,119
62,176,115,117
62,176,114,114
68,169,111,119
71,173,117,128
70,170,132,128
76,165,125,131
79,175,124,117
79,167,127,120
88,174,118,111
95,172,117,117
104,169,109,112
103,164,112,111
108,161,112,118
113,167,111,117
113,166,113,106
123,162,103,110
121,170,109,107
127,158,108,111
132,156,105,114
135,155,107,115
144,160,103,108
143,158,107,109
153,150,104,112
156,145,109,119
169,152,101,108
176,147,108,115
179,147,104,115
183,147,104,111
191,145,101,115
201,148,93,110
206,147,95,107
208,147,93,106
215,143,92,106
221,141,86,103
227,145,84,96
234,141,79,97
235,138,82,99
239,136,77,97
242,137,76,98
246,135,69,93
247,141,71,95
249,143,64,85
252,138,61,89
258,138,55,90
263,142,49,86
267,137,42,93
271,139,43,90
284,138,57,81
280,135,70,81
282,125,79,97
281,118,97,103
286,123,94,91
284,119,99,105
288,115,94,107
287,121,97,110
285,116,100,110
281,117,106,112
283,127,106,99
277,129,115,97
279,129,117,98
272,124,125,102
273,125,128,97
268,123,133,102
266,121,138,98
264,119,141,100
292,122,118,101
319,126,98,90
322,123,91,91
327,125,90,91
330,120,90,97
335,124,89,93
339,124,89,90
342,126,89,94
344,121,91,96
348,120,91,93
351,121,92,93
355,119,93,91
360,119,92,94
365,115,92,94
371,114,90,89
373,112,94,92
378,114,93,92
382,111,94,91
384,111,96,92
391,109,94,95
395,109,96,96
397,111,98,95
403,115,97,93
407,117,98,94
410,115,100,95
414,120,99,93
419,120,100,94
424,121,98,94
427,124,103,93
434,123,99,95
436,128,100,94
439,130,99,94
442,131,98,94
440,132,100,95
438,131,99,97
435,137,99,95
432,137,96,96
426,137,98,93
423,142,97,91
419,140,99,95
414,139,99,94
410,139,101,90
407,137,96,101
405,141,97,94
407,146,100,95
405,142,98,92
407,142,97,95
407,144,98,93
407,142,100,95
408,141,99,95
409,141,103,94
407,139,101,94
410,143,103,97
409,139,96,94
408,138,101,92
412,138,102,96
407,136,103,94
410,137,101,96
408,136,102,95
409,137,102,98
408,137,102,93
409,137,97,96
410,136,100,95
409,136,99,92
408,132,102,91
408,131,98,94
407,131,101,93
408,127,97,96
406,129,101,92
406,123,98,93
405,125,99,94
407,126,98,91
405,120,98,92
404,122,98,91
405,123,93,91
406,120,95,89
406,117,96,94
407,118,95,90
408,123,95,93
406,117,100,93
407,118,96,89
407,122,96,91
408,118,101,91
408,120,95,89
408,118,101,90
409,117,96,88
411,113,96,92
408,109,100,95
408,111,99,93
413,111,95,89
414,114,94,93
415,110,93,92
411,112,98,91
409,110,100,95
406,116,101,95
405,116,98,96
405,119,98,91
401,123,103,93
401,122,97,97
397,127,99,94
395,136,100,93
396,137,99,93
399,139,95,94
398,143,96,90
402,145,93,94
403,144,93,92
399,147,98,91
398,150,98,92
397,152,99,92
399,156,94,93
395,151,98,91
392,158,100,89
392,159,97,90
389,162,99,93
388,164,96,86
388,163,96,86
386,160,94,87
383,150,93,91
380,146,90,88
378,146,89,84
372,142,93,84
369,138,94,84
370,136,91,89
369,130,93,89
365,124,96,85
365,118,91,88
364,116,91,88
367,112,91,89
364,111,92,85
367,110,90,91
368,110,93,85
373,108,89,87
374,105,91,84
376,100,95,90
382,100,96,85
388,94,95,89
394,90,94,85
398,89,96,89
405,91,95,89
409,87,98,92
415,94,96,94
419,92,97,92
423,98,94,91
425,100,98,91
429,107,96,88
432,108,97,88
434,107,101,91
436,108,100,90
440,110,102,90
445,108,100,93
447,112,99,90
450,114,99,91
451,115,101,92
451,119,101,93
451,122,101,88
452,121,102,91
451,127,103,91
453,125,102,91
452,129,100,95
451,126,96,92
449,132,102,95
452,135,96,90
449,136,97,87
446,135,100,85
449,134,98,89
445,135,101,91
446,135,101,94
445,135,98,97
446,143,94,89
446,147,97,92
445,145,99,95
445,156,96,86
440,159,101,86
441,159,100,89
440,156,98,90
437,157,98,94
437,151,100,89
435,154,102,94
434,149,98,87
429,149,100,88
427,142,97,88
429,140,94,92
428,138,95,91
423,138,98,91
421,137,98,95
418,141,101,95
421,146,94,92
423,147,96,93
420,153,98,95
420,156,96,100
422,168,99,98
424,171,102,99
422,176,99,98
428,181,100,95
429,183,104,97
433,197,101,88
438,197,101,90
436,196,100,96
443,195,101,95
445,195,100,92
444,196,100,93
448,197,98,93
447,201,97,92
445,200,98,93
435,202,102,89
430,202,97,87
425,197,97,90
423,199,96,89
417,197,90,90
410,197,88,88
394,189,96,86
386,183,95,86
382,180,93,87
369,172,90,87
363,172,89,85
355,165,88,82
350,167,86,82
348,166,86,82
341,159,86,87
336,160,89,77
330,152,87,79
327,149,85,81
327,149,84,80
325,145,81,80
320,143,84,79
314,141,82,78
305,141,84,82
307,137,81,82
296,139,79,81
289,141,81,79
285,136,83,79
283,134,80,77
280,134,80,80
279,134,79,77
279,133,78,76
283,129,79,78
284,132,77,77
285,131,79,77
291,131,77,81
291,134,80,80
298,136,79,80
300,139,82,80
304,141,81,79
310,144,78,79
310,148,79,83
312,150,78,78
310,155,79,80
313,161,80,77
311,163,78,79
311,166,76,80
307,175,79,79
300,182,79,81
299,188,77,83
302,195,80,80
302,199,83,84
304,207,76,78
300,208,82,77
300,209,78,76
300,205,80,79
298,210,80,77
296,211,79,78
297,212,80,80
301,215,76,84
299,222,75,79
294,223,76,80
280,228,81,79
271,228,81,82
265,232,77,84
250,238,81,83
241,242,79,89
235,245,78,86
227,252,78,87
227,257,74,87
222,265,76,85
215,266,79,89
219,269,78,85
222,272,78,85
221,270,82,82
219,265,78,84
221,254,73,86
220,248,68,82
220,239,74,83
222,232,68,80
224,226,65,81
223,217,72,83
220,212,76,80
213,208,77,80
212,205,74,79
208,202,75,80
210,200,72,81
208,198,71,80
203,196,73,79
197,191,77,82
198,190,74,82
191,186,75,80
189,183,75,82
191,186,74,82
193,179,72,83
190,184,75,78
190,181,74,82
192,184,73,79
194,184,73,78
194,183,73,79
196,183,73,79
196,181,76,81
197,177,74,82
199,179,71,80
200,178,70,81
201,177,69,81
202,178,67,79
202,176,65,80
198,175,65,81
199,178,65,78
198,174,65,83
196,174,66,85
198,178,64,80
204,183,54,74
208,181,52,77
212,178,48,77
210,174,47,78
209,172,46,77
207,170,47,77
208,171,46,81
209,168,45,79
201,165,53,70
192,162,59,66
178,160,69,64
169,161,76,63
157,159,85,67
154,157,91,72
155,156,89,75
148,156,90,71
147,155,90,75
144,153,89,76
140,154,89,73
133,152,91,77
132,155,84,75
133,154,86,80
125,153,88,77
120,155,91,76
119,154,84,79
112,152,88,78
110,151,86,81
104,147,90,79
102,146,91,78
103,144,89,77
98,139,88,80
94,140,87,78
87,139,92,83
89,139,88,80
81,139,93,77
72,139,93,78
71,139,96,81
69,142,91,79
62,141,94,81
57,143,97,82
55,145,95,79
53,143,98,81
55,143,98,79
53,142,97,80
55,141,94,81
59,139,90,82
57,139,98,79
67,142,93,77
75,145,91,77
89,145,88,77
105,143,83,76
109,144,85,75
124,144,83,75
134,142,84,72
144,139,83,73
154,134,80,72
154,136,81,73
164,133,82,74
176,133,76,70
185,133,76,72
197,133,73,73
198,136,73,72
210,137,74,71
220,139,65,70
220,139,64,69
226,139,61,65
235,138,64,71
236,134,73,77
243,138,69,75
245,144,72,77
249,149,71,77
254,149,72,78
259,152,74,78
266,153,72,75
277,151,72,74
287,147,76,72
306,142,74,70
320,133,75,71
343,124,67,74
350,114,73,77
363,105,74,77
371,97,83,77
384,90,75,78
393,84,75,77
401,81,79,79
411,85,73,74
417,82,76,80
424,84,76,77
431,85,79,79
437,89,80,76
445,91,78,77
449,90,76,82
455,94,73,81
448,102,85,78
455,104,75,82
454,111,76,81
453,115,83,83
456,122,81,81
453,124,82,75
452,124,81,78
450,126,83,77
449,127,79,79
444,130,79,79
441,133,78,77
434,136,78,74
430,137,76,74
423,137,77,75
421,135,74,75
413,135,78,76
410,133,80,75
407,129,77,74
401,130,74,76
386,131,80,76
370,137,82,75
349,149,80,74
332,164,77,72
310,173,79,76
288,182,79,79
274,195,72,70
255,199,77,73
229,203,78,74
208,211,77,74
195,216,77,80
174,224,81,86
158,233,80,88
145,241,81,93
136,251,81,93
133,253,83,95
130,258,76,92
120,265,81,90
112,268,86,88
107,268,87,88
101,270,92,84
101,265,88,87
99,259,88,89
90,250,91,90
81,240,92,88
76,238,94,88
68,230,98,89
62,226,97,87
56,221,100,85
59,216,99,84
65,215,88,85
60,213,92,85
60,214,91,85
59,214,92,86
58,216,88,83
58,216,93,84
60,216,91,86
59,212,96,86
54,209,102,81
52,201,101,87
53,199,102,86
50,194,102,85
56,187,92,84
56,177,91,83
57,169,93,83
56,163,92,88
51,154,97,88
49,150,97,83
50,143,98,88
54,140,92,84
51,136,99,90
54,131,96,86
60,130,92,86
66,128,90,84
68,129,91,80
69,131,93,78
72,131,87,81
76,134,87,86
80,141,84,81
83,143,85,80
82,144,87,80
91,147,85,77
102,149,81,74
107,152,86,70
116,150,81,70
119,150,78,74
123,145,79,75
127,147,77,69
135,145,76,72
144,145,70,69
139,144,76,73
144,145,78,71
149,148,73,69
154,149,73,72
161,154,74,72
163,155,74,69
169,157,73,69
172,159,75,65
181,155,72,68
188,155,71,65
191,153,71,66
194,151,73,67
204,147,65,70
209,145,63,68
213,141,68,68
214,141,70,66
225,139,67,66
231,134,67,67
238,129,67,67
251,128,65,68
254,134,71,71
262,141,66,71
265,149,63,72
259,156,67,68
263,161,61,70
264,163,60,70
264,167,63,69
264,165,62,68
269,166,65,69
272,167,65,68
276,171,62,67
283,174,60,68
281,179,61,69
277,185,63,69
276,192,61,73
277,200,58,71
277,206,56,73
270,210,63,70
273,214,62,68
269,213,65,68
274,210,61,68
276,206,61,71
274,205,65,65
281,199,59,69
281,197,64,67
281,194,64,66
282,193,70,67
284,191,64,66
283,188,65,68
282,188,66,68
286,190,66,69
288,191,66,65
287,191,67,68
287,191,63,66
283,193,66,67
286,195,66,69
283,198,67,66
287,198,64,69
280,196,65,67
283,196,63,68
280,196,67,68
279,197,65,67
279,195,64,66
278,196,66,68
283,197,62,66
285,197,62,66
282,194,66,70
285,195,63,67
285,194,64,69
284,194,67,65
284,191,68,69
286,193,66,67
286,193,67,67
286,191,68,68
289,192,67,67
293,192,62,66
296,189,62,68
294,190,65,68
292,188,65,70
295,188,65,71
294,191,66,64
299,189,66,67
304,190,64,70
309,189,62,71
311,188,61,69
311,189,64,67
315,189,66,69
319,190,64,69
327,193,65,68
332,194,64,66
335,194,65,67
341,194,64,71
350,196,60,73
352,201,64,69
353,204,62,69
351,205,66,67
354,209,62,67
