96,69,136,153
90,65,137,164
94,67,132,157
90,59,139,169
86,65,135,165
91,66,136,160
83,61,144,169
84,61,146,166
87,66,136,165
81,68,139,158
92,61,133,169
85,66,141,161
84,58,139,173
84,63,136,169
84,69,137,164
84,68,140,159
83,71,136,163
85,65,135,168
87,63,132,172
82,69,134,167
78,64,145,179
79,67,145,169
75,72,142,169
79,76,145,165
78,69,142,174
73,67,148,178
72,73,143,171
73,76,145,164
76,74,140,172
71,77,145,167
73,75,139,168
74,72,142,175
72,75,130,167
76,84,137,160
74,75,136,171
71,70,134,181
76,76,133,175
66,75,132,166
68,77,142,167
70,81,131,163
67,81,128,169
67,77,132,170
65,81,134,164
63,78,139,168
60,81,130,170
67,84,131,155
60,81,129,169
70,80,127,161
69,82,126,168
65,75,134,170
67,85,134,157
63,77,135,164
61,76,138,164
70,68,136,165
70,68,132,166
70,59,132,166
75,62,121,163
69,47,130,176
76,48,132,162
73,44,124,162
81,40,130,159
83,37,123,162
85,37,124,156
85,33,123,152
82,27,126,159
82,29,131,147
87,17,132,161
86,14,128,160
91,17,126,152
91,12,128,152
94,10,130,152
93,10,124,146
92,10,124,140
101,7,126,138
98,7,127,139
98,7,126,136
104,9,122,131
104,7,121,133
103,5,123,137
101,11,123,133
104,7,127,133
97,6,129,144
99,6,131,145
102,12,120,140
103,8,129,147
100,15,123,149
101,13,123,154
101,20,127,152
100,20,127,160
93,29,126,160
97,32,134,165
98,34,123,171
93,33,133,177
88,48,135,169
95,46,126,182
95,56,123,182
92,66,128,171
99,78,116,161
91,93,120,153
96,82,118,167
94,85,118,164
88,90,118,162
95,89,118,154
93,80,117,172
89,81,116,166
86,76,121,167
85,83,118,168
80,79,135,168
76,84,129,166
82,83,126,163
86,76,133,179
84,80,135,175
83,88,136,171
90,93,143,165
87,94,145,165
98,101,147,160
105,97,144,168
114,102,144,164
122,103,154,176
122,107,156,165
132,109,147,164
134,103,148,179
150,111,129,171
153,109,136,180
157,115,129,175
166,115,119,165
163,116,122,181
154,120,139,155
143,116,152,167
141,112,154,168
138,113,160,166
128,110,183,172
121,105,184,187
102,112,194,181
111,117,154,176
118,107,117,195
114,114,114,176
115,108,111,178
111,107,114,181
108,105,113,187
106,105,115,189
104,101,112,195
101,99,115,196
98,101,120,188
101,101,111,190
100,99,117,195
99,99,119,191
97,96,121,195
98,96,118,194
101,96,114,191
97,92,115,197
104,98,110,194
101,99,113,187
98,101,115,189
102,103,118,189
107,106,112,192
106,110,115,186
110,111,113,188
108,115,117,182
114,117,115,184
112,115,120,193
117,115,115,194
118,120,114,188
120,119,108,197
126,126,101,184
130,125,100,187
132,124,101,185
137,120,100,190
138,126,96,185
140,123,97,189
212,55,104,161
198,58,115,144
191,58,122,143
185,53,121,150
174,55,126,138
164,49,131,147
157,49,127,152
152,48,124,153
143,48,124,158
133,53,131,153
119,45,137,164
105,59,136,151
95,62,134,160
85,59,134,166
76,73,131,156
66,77,129,159
61,81,129,159
59,75,134,165
58,77,125,168
55,85,128,162
61,86,123,160
54,89,121,155
52,96,129,151
54,89,129,158
56,97,120,148
61,97,125,150
61,92,127,157
72,92,113,153
80,90,114,156
77,77,121,168
82,85,127,154
89,77,122,159
101,82,120,154
104,89,113,151
112,87,119,155
113,94,121,153
125,100,119,156
129,113,117,141
136,116,112,147
145,119,108,153
151,121,106,149
155,128,108,144
162,129,104,150
161,132,104,142
165,134,101,142
169,132,99,144
175,130,93,144
180,133,89,142
176,133,94,141
179,132,91,143
182,134,88,139
177,135,93,137
178,134,92,143
176,135,93,139
177,135,91,141
167,135,102,142
168,134,101,143
165,136,100,143
159,132,103,142
158,131,104,148
156,138,108,139
150,137,108,143
152,140,103,139
148,138,101,141
147,140,107,135
146,138,103,144
141,142,112,134
139,135,103,144
147,133,106,143
142,135,110,146
139,135,106,146
147,133,107,142
143,136,105,146
141,138,101,141
145,135,106,142
141,137,104,147
142,133,102,152
141,138,111,143
141,134,105,154
139,138,109,144
138,140,107,140
140,140,108,139
138,141,106,137
136,136,112,142
140,135,101,138
137,135,109,138
138,137,106,134
140,136,108,130
141,136,111,130
146,137,108,124
147,134,110,130
151,135,107,123
152,134,109,124
156,131,109,125
168,131,101,125
174,131,98,119
176,131,100,118
185,134,90,115
185,133,92,115
187,130,92,117
191,134,89,112
195,135,87,114
203,140,79,111
204,140,77,113
210,143,69,112
213,145,69,113
213,148,70,113
213,152,72,111
212,156,75,111
213,162,71,109
215,167,65,107
216,172,60,105
214,173,60,102
214,170,59,106
210,170,62,103
212,170,58,102
210,169,60,105
208,167,63,108
207,167,62,108
205,168,65,106
205,169,65,108
205,165,64,114
200,172,71,104
202,172,68,110
201,174,70,106
202,172,70,108
203,172,68,108
205,173,68,106
202,171,73,112
205,172,69,111
205,172,68,110
204,171,70,111
204,169,71,113
206,171,69,108
208,169,67,112
209,168,67,110
208,168,71,107
205,166,77,108
205,164,79,108
206,160,79,105
206,158,81,108
204,152,85,114
207,148,85,117
206,148,88,114
210,144,85,115
209,140,85,120
215,139,78,118
214,138,78,118
218,136,75,119
218,134,74,120
220,133,72,125
220,130,76,126
222,132,70,128
223,128,70,134
222,122,72,139
223,126,71,135
222,121,72,137
223,125,68,131
219,124,74,131
217,130,76,125
213,134,78,122
210,134,79,125
205,133,85,136
201,139,87,133
198,141,85,141
195,146,88,138
189,150,89,136
181,153,100,137
168,151,110,143
162,156,111,137
161,159,110,137
159,154,110,146
155,155,107,144
150,153,111,148
147,156,115,136
147,154,111,140
150,149,115,146
150,148,122,139
150,146,123,135
154,141,122,136
165,137,115,129
178,128,106,131
191,121,92,129
199,117,91,127
204,103,99,136
210,93,95,144
217,89,93,144
224,85,85,141
229,80,83,132
231,77,89,125
234,73,90,116
237,64,90,109
238,66,91,102
239,61,93,103
240,60,94,112
241,53,96,112
243,53,97,105
243,48,98,111
245,46,98,109
246,42,98,113
244,40,97,116
247,41,95,112
246,44,92,112
244,42,92,116
244,43,91,120
238,48,95,121
237,54,91,120
232,59,94,116
230,61,92,117
223,72,98,131
219,78,99,152
221,84,91,145
220,91,86,139
217,92,88,146
213,95,89,149
212,108,87,142
212,109,92,149
206,123,94,134
203,140,88,119
199,146,89,120
195,148,92,125
193,150,91,129
190,153,96,129
190,155,95,130
188,156,98,125
190,154,95,127
190,155,95,122
195,153,92,123
199,151,90,117
201,145,89,115
207,135,83,127
214,130,80,122
212,122,84,122
214,111,87,131
215,101,87,131
221,84,97,137
225,81,96,131
226,74,92,124
233,66,87,115
237,58,89,113
238,52,93,112
240,42,95,121
245,39,95,113
244,32,99,120
247,30,99,118
247,32,101,114
251,32,98,116
250,34,98,117
254,37,99,120
252,42,95,116
253,48,96,113
253,54,93,113
251,63,93,110
251,73,85,93
247,82,85,102
238,95,93,115
241,119,88,128
240,112,86,145
234,110,88,143
235,85,82,162
229,96,102,161
237,70,88,190
237,74,102,195
213,117,102,159
220,131,115,141
198,148,90,135
195,154,95,121
193,152,95,124
196,149,89,128
198,147,86,128
200,144,86,126
200,141,90,122
199,134,91,132
206,129,82,141
207,124,89,139
212,122,89,135
217,120,99,135
222,118,99,138
227,118,101,140
230,119,102,141
236,132,114,129
237,120,104,137
237,118,100,144
237,107,94,150
228,110,102,146
226,110,115,145
226,109,112,151
223,107,121,153
220,111,134,149
216,109,135,152
217,113,144,150
216,115,139,149
215,113,130,149
213,115,135,144
211,113,149,150
209,112,145,150
207,120,156,143
204,117,146,144
202,119,163,140
200,128,159,131
202,136,155,124
180,132,149,129
199,128,143,135
201,123,117,139
209,128,92,133
211,126,84,142
209,133,86,140
213,142,78,139
212,151,77,139
207,157,87,161
205,163,83,174
205,169,82,168
214,170,71,165
212,166,78,157
214,169,72,150
215,169,71,148
215,171,74,151
217,173,68,145
215,172,74,150
215,173,73,150
215,172,71,147
212,173,76,138
209,173,75,120
213,174,74,111
213,177,76,92
210,183,77,90
209,177,79,93
206,178,82,87
199,184,90,98
211,179,75,85
208,184,76,83
209,179,72,78
213,181,66,84
214,174,63,80
210,178,70,89
218,170,56,94
214,164,65,87
209,175,70,86
209,165,82,100
213,162,78,122
210,153,83,129
212,146,79,122
216,143,77,103
215,140,76,105
216,137,76,108
218,137,72,107
217,139,72,101
216,133,74,106
218,129,73,116
217,127,74,118
218,124,74,110
218,122,76,126
219,122,75,134
216,117,76,143
217,113,76,151
212,109,83,154
208,106,85,150
203,101,89,158
199,93,94,166
195,86,93,170
189,72,100,193
182,73,108,190
174,73,114,192
160,72,130,185
154,71,135,189
161,69,127,202
161,65,123,210
158,61,124,217
154,56,121,225
152,65,118,220
147,67,127,205
146,64,123,206
139,65,119,202
136,65,114,202
128,64,119,201
124,59,111,208
115,54,117,216
106,57,122,219
100,51,114,229
93,49,123,235
88,64,121,225
76,63,120,225
73,68,117,217
66,79,120,212
59,86,122,201
50,93,126,185
46,88,122,191
37,88,128,199
30,95,129,191
20,94,134,194
30,102,120,182
33,98,116,190
26,104,123,184
22,106,126,194
22,109,121,183
28,111,118,182
32,111,113,183
36,110,108,182
29,114,116,176
35,113,110,174
33,110,109,185
31,116,113,177
18,118,127,181
19,118,123,181
22,119,119,180
19,122,118,170
16,122,124,170
17,120,116,171
20,122,113,173
16,118,118,180
19,118,115,177
14,117,122,179
14,119,119,174
11,113,120,186
6,117,129,182
10,116,123,185
7,122,123,177
8,121,119,174
3,124,120,176
6,129,120,166
5,133,120,164
2,129,125,160
0,126,119,173
0,127,122,172
2,122,116,178
0,125,118,178
-4,128,120,170
-6,130,127,167
-6,130,124,170
-5,138,120,161
-3,137,120,163
-4,140,122,158
-4,143,119,158
-3,146,115,152
-6,149,116,149
-2,155,115,139
-4,154,114,145
-5,155,112,148
-8,158,114,144
-4,169,112,135
-5,169,113,133
-3,173,112,131
-4,181,112,120
-1,194,115,104
-8,196,114,102
-6,201,120,100
-6,203,118,98
-5,210,122,88
-3,211,117,89
0,216,113,74
1,214,106,87
-2,213,116,89
-5,215,120,82
-1,217,116,79
-2,217,119,80
1,219,112,81
0,217,115,80
0,219,115,82
-1,218,117,81
-2,220,118,73
0,219,114,80
-1,218,121,77
0,218,115,82
2,219,114,77
0,220,113,80
0,221,116,72
0,219,113,81
1,222,114,72
0,223,115,72
1,221,113,77
1,222,112,78
0,223,118,76
-2,221,113,79
-1,222,117,76
1,224,113,75
1,222,112,80
0,224,114,73
0,224,118,74
0,224,111,75
-1,223,115,79
-3,224,119,78
-1,224,114,75
0,224,111,78
0,225,110,75
1,225,108,80
2,225,105,79
2,227,105,76
0,227,113,74
-1,228,111,75
1,229,105,74
-1,226,110,77
0,229,110,73
1,230,106,72
0,228,109,74
1,229,106,71
4,228,102,72
1,228,108,74
-1,229,111,72
0,228,108,74
0,227,105,77
1,227,110,76
3,228,107,74
3,228,105,76
2,228,104,75
2,229,106,73
0,228,111,76
-1,229,112,74
0,229,105,75
0,229,110,73
0,228,110,75
0,230,111,73
0,228,110,76
0,228,109,75
0,228,114,75
1,228,111,77
4,226,101,78
2,227,108,77
1,230,110,74
0,228,113,76
0,228,107,78
2,229,108,74
3,230,108,74
0,229,113,74
0,230,112,73
0,228,112,75
0,229,113,73
1,230,112,73
2,228,111,73
2,230,110,73
0,228,113,76
0,229,112,76
0,229,113,72
3,230,105,73
2,230,111,74
3,228,107,76
3,228,107,75
3,230,105,72
5,230,107,72
3,229,107,71
2,229,108,74
0,230,111,74
1,228,112,77
2,229,104,76
4,230,105,72
3,229,108,74
3,229,106,74
2,229,107,75
0,229,112,76
0,228,111,77
1,228,109,77
3,228,106,77
3,229,103,75
2,229,106,75
0,229,106,75
3,227,107,74
3,230,103,74
3,230,105,73
2,229,107,76
3,230,103,75
1,230,108,73
0,228,112,75
0,230,111,75
2,228,109,77
3,229,107,75
8,229,103,76
2,229,108,73
2,228,105,75
1,229,106,76
0,230,107,74
1,229,107,74
2,230,102,75
7,230,99,75
1,229,106,75
0,228,111,77
1,230,111,72
2,229,112,74
1,228,111,76
1,230,108,75
3,230,99,74
2,230,106,74
2,230,109,72
3,229,107,74
0,229,108,74
-2,228,113,73
-1,232,110,73
0,229,107,76
1,229,108,75
-1,230,107,74
0,230,108,75
3,229,105,77
4,230,101,74
0,229,107,75
0,228,110,76
1,229,108,75
0,229,108,75
0,231,108,73
3,230,107,74
6,230,96,74
2,228,108,76
1,230,108,75
1,229,109,74
1,228,107,77
0,230,101,77
2,229,108,74
0,229,111,74
0,230,111,75
1,231,105,75
4,232,101,75
4,229,104,75
4,230,104,73
1,231,106,75
2,229,114,74
2,230,106,76
5,230,103,75
4,231,105,75
2,230,110,75
4,231,107,75
3,229,104,76
4,230,108,72
4,232,104,70
4,232,106,72
4,231,108,75
5,231,104,75
4,230,106,75
5,233,104,72
4,231,109,73
4,232,101,71
5,230,105,70
4,228,104,74
3,228,109,74
4,227,105,74
6,229,105,73
18,229,93,70
4,229,105,76
7,232,103,68
3,230,108,71
3,231,109,72
5,226,110,69
0,236,110,68
1,247,104,59
3,248,100,57
5,249,99,57
5,245,97,60
3,244,105,58
0,240,118,60
4,238,107,65
-2,232,112,68
-11,182,124,67
0,175,113,80
-3,164,121,92
-2,148,121,107
-3,140,129,129
1,134,128,142
4,128,131,151
8,123,134,161
18,118,131,174
29,108,126,185
37,100,127,182
47,99,131,178
56,90,133,178
63,81,139,175
76,72,139,184
83,68,140,192
88,58,143,201
98,60,136,202
120,76,138,189
112,79,153,200
119,87,151,202
121,96,152,200
123,108,155,191
130,104,149,203
135,90,143,220
141,89,139,218
138,79,148,209
140,80,148,214
140,73,152,215
144,78,153,206
146,74,154,203
147,86,156,181
150,84,156,187
149,79,158,182
147,80,164,180
147,71,169,186
146,63,168,185
148,54,167,186
148,47,165,196
145,42,174,209
150,41,168,187
148,49,173,192
148,49,173,192
152,12,166,199
152,7,162,183
153,7,157,166
151,6,157,157
153,5,159,162
152,6,149,158
150,4,148,155
154,4,139,153
153,6,134,144
157,5,127,147
148,3,133,153
144,2,128,155
138,0,136,152
123,6,153,147
117,8,150,141
112,5,154,142
100,4,155,143
94,8,160,133
94,7,151,122
94,6,136,129
94,6,132,133
99,7,126,141
98,8,121,133
99,3,104,141
96,6,102,138
95,6,104,142
93,10,110,141
97,7,105,150
93,7,108,151
93,6,104,161
93,7,102,157
91,6,109,166
89,9,119,156
89,8,119,155
89,16,134,146
87,6,147,164
82,7,162,167
87,5,156,158
87,7,152,156
87,11,148,148
89,6,147,156
90,8,152,158
94,6,151,158
95,8,151,154
100,9,147,150
99,7,146,158
105,7,138,153
108,5,135,155
111,6,132,154
109,6,138,157
112,4,137,156
102,8,148,156
106,7,154,156
110,8,150,153
114,8,146,152
113,7,147,159
115,11,150,155
112,7,152,162
116,11,149,154
114,9,148,156
113,14,145,146
111,15,141,141
105,10,152,157
102,6,150,160
104,9,132,159
99,6,118,164
96,8,119,153
93,8,112,155
91,8,108,146
88,6,109,153
85,9,111,159
83,16,106,145
82,18,101,140
77,17,104,147
78,15,99,145
75,23,99,142
72,16,98,158
73,8,108,161
71,13,139,151
72,12,146,148
67,15,153,142
71,20,154,137
71,17,154,142
67,14,168,153
74,17,150,145
69,12,169,159
72,17,165,146
75,15,165,147
77,13,163,148
75,20,142,134
71,15,127,154
73,10,156,161
70,9,165,154
69,12,171,154
69,12,170,155
72,10,166,158
75,14,160,150
63,11,172,157
70,15,157,148
68,9,159,157
64,17,161,141
67,9,157,143
59,8,163,152
64,11,152,133
53,10,127,155
54,6,129,146
145,123,109,132
152,123,94,129
51,35,77,127
49,46,65,122
152,115,87,133
140,111,103,136
144,116,98,129
145,112,96,131
142,110,103,127
139,103,109,134
135,97,114,136
142,99,114,132
143,95,109,130
63,36,96,135
159,94,104,131
157,94,108,135
170,93,103,133
170,99,102,130
179,96,98,135
181,96,95,140
185,97,98,136
185,99,97,141
186,97,99,144
192,99,94,143
189,102,99,140
193,102,93,136
193,102,94,137
194,95,93,140
193,97,94,140
194,95,92,142
192,96,96,135
191,91,99,141
185,90,105,143
181,89,104,145
183,94,106,140
187,99,97,140
185,99,102,144
180,100,105,149
176,113,109,142
169,117,115,141
164,120,118,144
166,117,116,151
165,109,115,161
173,115,105,154
166,116,108,149
169,118,107,143
168,114,104,146
162,109,109,152
160,110,112,148
160,101,112,154
168,91,103,157
161,82,109,153
170,82,103,145
158,74,111,146
172,70,101,144
161,54,119,146
162,39,120,155
151,28,138,157
158,28,134,153
173,36,123,141
173,39,122,135
175,29,127,147
177,34,123,135
183,26,118,143
185,29,116,133
198,27,106,129
199,24,94,131
205,24,91,132
200,28,89,126
210,34,80,117
208,35,78,118
210,40,69,114
207,44,63,109
205,38,63,122
206,44,59,115
206,48,56,115
205,50,55,121
207,52,53,124
206,59,53,116
199,65,57,108
196,75,61,95
194,78,65,92
192,85,75,85
190,82,81,89
189,78,82,91
188,78,77,91
185,70,75,98
184,82,75,87
186,83,73,81
182,81,79,83
180,84,85,83
181,51,90,111
181,42,87,120
177,41,95,125
171,39,101,127
163,35,108,131
160,39,115,131
156,33,111,132
154,40,119,125
142,40,125,127
134,41,141,130
130,35,143,133
126,36,142,128
120,42,150,124
124,35,150,132
138,37,134,131
142,40,129,131
134,38,137,131
137,35,136,136
121,34,149,134
121,39,146,130
130,34,149,132
134,42,135,125
138,38,134,134
126,34,145,138
127,27,143,144
145,30,129,139
150,30,117,136
154,35,122,128
148,28,126,136
161,33,118,127
153,27,126,135
155,27,125,133
158,26,124,132
137,21,142,139
133,16,149,139
133,10,147,146
144,15,137,137
125,15,158,138
135,25,145,123
124,26,154,129
133,19,153,137
126,20,154,135
135,30,152,129
121,22,158,141
128,31,159,134
114,34,171,129
113,37,177,132
103,34,184,135
98,45,196,127
135,51,164,113
144,38,161,127
146,48,155,122
141,51,159,119
146,50,150,119
67,46,119,141
69,53,95,130
66,55,86,130
61,50,85,137
55,48,91,144
48,48,102,144
43,49,106,146
39,49,116,150
35,49,116,153
30,48,128,159
33,45,126,171
32,49,129,165
36,56,134,164
33,59,136,163
41,58,134,172
49,61,128,177
55,68,126,168
62,68,132,176
65,72,154,188
76,75,145,186
83,80,141,173
88,75,139,177
94,81,139,174
99,81,133,177
101,83,133,179
106,88,134,171
108,92,130,169
115,90,132,170
114,83,123,186
118,91,130,177
108,91,139,177
111,92,134,178
115,98,135,172
114,95,140,178
115,107,137,158
119,103,137,170
116,100,142,167
115,95,139,177
112,94,147,176
116,92,135,178
114,98,136,169
114,97,134,170
112,96,134,171
110,94,136,175
109,95,137,169
106,93,138,181
101,91,139,183
98,93,139,182
92,95,138,182
89,98,135,177
81,101,136,174
76,103,136,169
69,98,141,165
67,100,140,171
62,95,138,184
62,98,131,183
60,107,127,173
56,104,122,179
52,106,115,179
52,108,112,173
49,109,107,181
46,110,99,180
40,120,100,179
30,125,114,174
18,126,120,175
15,126,124,169
14,127,115,173
11,130,118,167
4,130,127,164
5,134,121,161
4,138,127,160
1,138,124,167
-1,149,122,153
-3,158,123,140
-3,163,122,141
-3,161,117,143
0,166,111,140
-2,162,109,142
0,160,108,145
-4,161,111,143
0,162,106,142
-2,165,110,140
0,166,105,140
-2,164,112,141
-2,164,110,139
2,163,101,141
-1,161,109,143
0,162,102,142
0,163,106,138
0,167,104,139
-1,171,118,134
0,167,111,136
0,164,108,140
-2,163,108,143
0,169,106,137
-1,166,110,139
-2,167,111,135
-1,170,109,134
2,162,105,144
-1,159,111,147
-1,167,111,138
0,166,107,140
-1,167,117,138
0,170,107,132
0,163,105,142
0,164,111,141
0,160,107,147
0,161,109,144
0,167,111,138
2,165,100,139
-2,166,111,138
1,168,107,137
-2,160,112,146
-1,157,106,149
0,162,105,142
0,163,107,142
-1,164,107,142
0,162,110,143
-1,160,111,145
0,164,105,142
0,160,108,146
-1,167,112,137
0,163,107,143
2,166,103,138
-2,162,112,144
0,166,105,140
0,165,108,139
1,166,103,139
0,160,109,145
1,163,108,141
0,166,108,139
-1,167,112,137
-1,164,108,141
-1,164,112,142
-1,162,114,143
0,166,107,139
0,165,107,140
0,167,109,138
0,166,107,140
0,169,107,136
0,163,111,141
1,165,106,138
0,165,109,139
0,167,111,139
0,168,108,138
0,165,109,141
0,162,108,143
0,168,113,140
-1,169,112,136
0,168,108,138
0,168,107,139
0,166,111,139
0,158,105,148
0,170,107,135
0,159,107,146
-1,163,109,143
-2,162,110,144
0,166,107,139
0,165,105,139
0,166,107,139
0,160,108,145
0,160,103,144
1,163,98,140
0,164,105,136
0,162,100,142
2,162,96,143
0,157,92,146
2,165,88,138
0,165,91,135
0,163,87,137
0,165,81,134
-1,163,79,142
0,158,57,148
1,143,53,116
1,149,51,106
1,155,46,113
4,158,37,102
4,158,37,102
5,159,37,94
15,159,27,90
18,167,21,86
19,169,24,84
18,174,24,89
17,175,27,85
17,177,26,85
14,176,30,85
15,178,29,80
14,179,31,80
12,183,33,78
8,181,37,81
3,174,41,89
7,164,36,95
7,168,37,101
6,166,38,95
7,172,36,95
3,165,39,105
8,163,45,107
3,167,47,96
1,168,62,92
1,166,76,97
1,163,75,99
4,164,75,91
3,167,67,85
2,165,68,96
3,168,74,90
5,164,64,90
3,168,72,87
3,171,84,85
2,169,88,92
0,168,93,109
2,166,91,119
1,166,92,131
3,169,92,129
2,171,98,114
0,169,104,130
0,174,106,128
2,174,104,131
0,168,104,137
3,169,101,135
2,168,99,136
1,169,96,135
1,170,101,134
0,166,100,137
-1,169,104,134
0,169,102,136
0,165,102,139
3,170,95,133
1,164,97,140
2,164,98,138
1,164,98,138
1,163,95,139
4,166,97,137
2,163,99,140
0,169,104,135
1,169,97,135
7,173,90,130
5,171,93,132
1,161,93,142
4,155,90,150
3,154,90,148
4,151,89,150
6,144,88,157
12,132,80,167
17,125,75,172
14,117,87,172
16,117,87,156
15,112,88,157
8,105,99,165
11,104,96,165
15,105,93,152
18,101,88,152
17,105,95,149
22,107,88,147
29,106,76,143
28,104,76,148
29,107,64,145
48,112,80,145
51,110,97,156
42,107,123,172
31,106,128,179
32,108,119,175
31,110,107,175
30,109,105,170
27,111,99,170
16,108,103,183
8,114,95,177
-1,110,93,190
0,115,87,185
1,136,75,166
1,147,73,156
1,156,72,148
1,149,69,152
2,148,67,152
2,148,67,154
0,150,74,151
2,158,73,145
3,154,70,152
3,150,69,153
4,150,70,157
3,153,74,152
5,162,72,143
52,110,83,152
3,159,66,144
5,161,65,143
5,157,59,151
4,156,57,150
4,156,61,149
5,158,53,147
5,164,66,137
4,152,66,150
5,156,65,147
5,154,63,152
3,150,56,155
4,158,57,147
3,155,58,150
4,156,58,153
3,153,60,152
3,159,59,149
4,154,57,149
4,152,58,156
3,152,59,158
2,158,62,148
4,153,59,152
5,156,58,153
4,158,59,147
5,155,58,149
4,160,59,147
5,154,58,151
6,159,57,150
4,163,60,144
6,159,58,146
5,153,60,155
5,157,58,149
4,158,59,149
4,162,61,144
5,164,59,142
5,159,58,146
5,161,59,144
4,162,60,144
9,169,57,136
6,175,60,130
7,185,58,121
9,192,56,114
5,169,59,138
5,169,60,135
0,154,64,150
4,162,60,143
8,169,57,136
6,176,57,130
7,184,59,121
10,189,54,119
5,175,59,129
7,181,57,126
5,179,59,126
8,188,56,118
8,195,57,111
6,177,58,129
8,192,58,114
8,182,57,118
8,194,57,113
7,170,57,128
7,161,55,146
5,157,59,149
4,152,59,158
4,158,59,148
6,154,57,153
5,155,59,153
4,157,59,151
5,156,58,151
6,151,58,156
6,153,57,156
3,153,62,154
5,153,58,152
5,157,60,150
2,154,64,152
3,156,62,149
2,155,64,152
2,157,62,147
3,159,59,146
3,152,56,134
3,151,56,115
3,163,60,122
4,153,58,109
3,163,63,104
6,186,62,121
2,153,71,117
0,182,77,123
3,162,72,141
4,147,70,158
3,144,69,159
3,155,69,150
2,146,69,158
1,142,74,159
3,135,75,165
6,127,76,161
8,127,75,152
8,120,78,142
7,113,80,143
14,109,74,145
17,102,69,149
22,100,64,151
24,98,61,149
29,99,50,132
29,99,50,132
29,99,50,132
29,99,50,132
28,188,42,111
9,202,53,98
2,197,47,98
1,198,37,100
0,196,23,104
0,196,23,104
43,234,28,112
43,234,28,112
104,172,38,111
36,117,56,98
15,132,74,97
11,130,84,94
10,139,92,111
7,128,107,117
4,134,110,141
2,125,115,149
7,126,115,136
-7,140,119,151
4,127,132,148
-11,128,141,147
0,132,140,133
-26,130,161,147
14,126,142,153
-6,120,124,160
0,119,158,145
-17,117,117,145
0,117,96,115
14,120,82,93
9,118,87,94
17,120,80,107
14,128,82,110
13,115,91,124
8,113,104,145
12,116,102,125
8,118,110,127
10,117,113,137
17,119,106,130
14,128,113,128
10,131,121,143
9,125,128,146
10,133,132,139
-1,140,149,135
13,148,129,134
13,155,134,135
3,161,155,138
4,173,159,123
2,181,158,122
-1,192,169,111
5,190,162,118
10,196,152,108
2,193,158,110
3,192,158,112
10,189,154,114
12,185,147,112
12,181,147,116
11,179,148,116
7,175,144,122
4,177,146,119
1,170,147,120
-2,169,143,125
-4,166,145,125
-2,163,136,139
0,162,133,133
-2,164,136,133
0,164,134,136
0,164,135,132
2,164,131,135
4,164,126,134
5,163,123,137
1,165,131,137
1,163,129,134
4,162,128,127
0,164,130,117
1,164,126,132
2,165,124,130
-2,169,132,131
4,162,121,140
0,164,129,134
2,166,127,130
4,164,120,136
0,160,126,142
2,159,124,144
4,159,121,144
4,162,121,141
1,161,124,141
0,161,126,139
0,163,128,135
3,165,120,137
3,159,116,141
0,162,117,140
2,163,110,136
0,162,104,140
-5,164,109,133
0,164,99,135
-5,164,106,139
-2,159,100,143
-2,163,102,138
-2,163,101,135
-1,161,103,139
-2,162,106,123
-2,162,108,130
-3,158,111,125
0,154,111,128
-1,152,115,123
0,154,117,131
1,154,118,135
0,156,117,137
1,158,119,140
5,163,117,131
5,163,121,135
4,164,123,130
6,163,123,131
3,162,125,130
6,158,121,141
5,166,122,133
4,165,121,129
4,166,122,123
2,165,121,128
1,162,118,130
5,166,111,123
0,165,120,122
0,166,119,120
2,165,115,113
-2,165,119,130
2,168,114,111
0,164,116,115
6,166,107,103
0,165,119,81
2,168,113,66
97,159,123,83
104,158,125,95
109,149,110,121
4,161,106,99
4,164,105,96
5,162,105,83
2,166,108,73
4,166,110,64
0,174,117,70
2,165,115,74
4,162,108,83
3,161,111,80
6,164,112,84
5,163,114,78
3,161,118,98
1,160,120,115
4,160,120,114
8,161,115,118
3,161,121,105
0,161,122,115
2,161,122,123
3,162,121,119
0,161,121,110
5,160,117,117
9,161,114,111
6,163,121,107
2,162,128,123
7,164,125,113
0,163,133,121
2,160,131,122
5,160,128,112
0,162,132,114
5,162,124,119
4,159,125,126
6,160,122,122
1,159,124,118
1,160,124,104
3,160,121,112
4,159,119,122
4,160,118,121
3,162,121,108
3,161,119,108
0,161,120,114
5,159,116,101
2,159,121,117
5,159,121,103
4,161,122,114
5,161,118,104
-1,158,124,116
2,158,121,115
1,157,123,126
5,158,112,112
2,157,114,118
0,157,116,133
3,160,109,121
3,156,103,121
1,157,105,120
0,158,103,131
0,158,100,134
0,155,98,138
0,157,101,129
-5,156,104,130
1,157,99,132
-4,157,104,143
-3,159,105,139
-1,159,103,135
1,158,97,137
0,158,100,139
0,159,104,133
0,157,100,128
2,158,98,138
0,157,99,142
-2,156,104,137
-1,156,100,143
2,157,97,143
0,157,97,146
0,156,98,142
1,154,93,146
0,155,94,143
-2,157,100,138
0,158,98,138
3,157,88,141
-2,159,98,139
-1,155,97,143
3,157,93,139
2,159,93,141
3,160,93,134
-2,158,102,143
1,159,95,138
0,161,99,129
1,161,97,128
-1,158,98,128
1,159,98,126
0,157,97,134
-1,158,99,133
-2,159,100,139
2,158,93,141
6,161,91,128
0,158,100,127
4,161,92,125
0,159,96,135
1,159,95,143
0,160,97,140
1,160,96,133
-1,160,100,140
2,157,94,144
1,156,94,146
5,159,89,135
0,159,99,143
5,158,89,143
0,159,99,141
-1,158,101,138
7,161,89,128
0,158,95,130
0,157,97,128
-1,159,99,120
-1,160,103,118
-1,159,98,124
0,156,98,122
0,157,100,125
-1,157,100,136
-1,161,102,136
-4,162,105,131
-2,160,105,128
-3,159,102,139
-5,162,106,133
0,163,100,134
-2,162,103,137
-4,163,108,130
-5,160,104,138
-1,159,102,140
-5,157,106,143
-1,155,101,146
-1,155,101,145
-5,157,108,141
-1,152,103,144
-2,153,104,128
-1,145,104,132
0,147,104,122
0,145,102,120
3,145,98,133
0,138,103,132
0,138,103,131
6,134,96,137
3,133,97,127
2,129,102,129
7,124,94,104
12,128,91,83
16,126,91,84
21,129,90,93
16,120,95,87
20,129,96,86
18,115,103,89
13,122,110,105
13,109,110,113
30,106,91,98
34,102,89,96
40,101,84,104
25,117,101,111
24,99,112,139
21,91,120,166
18,84,127,202
16,75,135,210
15,77,136,205
17,73,140,210
24,70,135,213
30,72,132,210
23,78,142,197
45,65,113,214
40,72,132,199
39,73,130,196
42,70,136,200
48,69,122,203
51,71,124,199
51,75,123,190
53,77,125,188
52,75,119,197
51,79,119,182
52,78,117,189
52,80,117,187
50,80,116,185
51,78,115,191
48,77,117,191
48,80,121,193
43,79,124,202
42,81,127,201
42,83,129,198
40,77,129,201
44,74,120,209
43,76,121,202
29,79,132,193
23,77,135,197
20,81,133,188
19,78,137,199
21,79,134,196
19,80,133,205
12,86,137,189
17,81,128,199
13,81,125,197
10,82,127,202
15,79,125,208
18,80,124,205
13,84,131,202
15,89,133,197
8,89,134,198
11,87,131,199
11,88,132,201
11,89,130,199
16,89,122,201
17,94,118,192
23,92,115,194
21,95,114,188
25,89,109,195
25,90,110,195
23,93,113,194
24,94,115,199
26,94,111,198
25,93,113,199
28,94,106,191
23,89,122,201
24,92,118,194
28,93,114,194
28,92,115,204
29,95,111,190
21,87,126,209
23,88,119,195
19,83,124,207
18,85,121,198
20,86,126,197
19,83,122,195
20,79,119,196
22,77,118,199
23,76,115,201
25,77,112,199
22,78,115,192
16,78,119,194
19,77,121,199
19,76,126,206
17,75,128,206
13,76,128,202
10,80,138,201
8,76,133,212
6,76,131,201
5,82,133,192
4,84,137,186
7,81,128,198
9,84,125,201
9,88,125,202
14,91,123,191
17,93,119,185
16,91,122,193
12,90,119,196
10,93,122,184
9,92,126,187
4,92,134,190
6,88,132,201
2,89,137,201
15,92,122,195
12,93,129,190
14,93,126,193
17,89,125,197
18,93,124,188
21,90,122,193
16,92,134,194
25,87,125,201
30,87,125,193
35,82,121,208
42,87,116,193
50,87,114,192
55,88,115,196
62,89,112,197
66,90,113,190
71,94,112,194
77,96,108,188
77,91,136,203
86,70,161,221
86,64,157,221
94,63,149,224
97,65,138,219
87,68,138,216
92,68,135,211
85,63,136,227
74,68,151,219
68,73,150,198
57,79,156,164
52,84,148,161
44,90,141,155
36,90,142,155
31,94,140,156
25,99,141,153
26,98,136,161
29,100,126,161
32,101,126,166
30,99,133,174
35,104,128,163
36,109,131,163
43,110,128,155
50,112,157,157
46,112,180,160
49,105,172,175
52,104,168,175
53,106,165,174
51,106,168,169
54,105,167,173
59,102,154,171
62,103,148,167
64,105,140,158
81,100,133,167
80,96,134,176
83,95,138,177
85,100,143,164
80,95,158,173
66,97,185,167
59,96,208,160
27,97,252,163
15,91,266,175
30,90,254,172
13,91,276,171
8,86,285,182
-9,74,293,204
17,84,283,180
9,78,297,191
-5,72,323,201
-39,62,355,202
9,65,316,196
-8,36,314,230
7,5,298,252
-55,34,271,249
-16,28,246,235
10,4,253,248
-50,74,225,207
-19,69,194,222
5,78,168,210
7,75,165,219
9,74,119,217
7,76,120,222
8,80,124,224
2,80,133,220
8,79,130,224
-2,83,145,220
9,82,138,205
5,86,155,204
3,90,154,202
18,89,147,205
28,88,143,212
39,90,137,216
42,92,149,212
52,92,160,217
60,90,164,221
70,94,155,213
76,93,150,225
83,102,151,203
93,99,149,210
94,97,153,209
92,99,163,208
93,98,168,202
84,101,181,193
70,96,199,198
56,103,215,184
48,101,230,185
42,100,238,187
13,96,272,178
16,100,271,177
4,99,253,157
11,105,275,151
-4,100,246,155
2,105,282,142
-20,103,294,153
1,106,287,150
-13,109,304,148
-26,117,299,135
1,114,280,138
-20,115,305,148
7,118,285,160
20,112,262,177
29,110,253,169
52,109,223,185
59,107,214,187
74,104,197,198
83,106,188,191
91,111,170,195
95,117,165,185
106,116,151,188
118,120,135,186
120,120,130,188
113,121,133,194
107,120,132,198
103,118,133,202
98,118,136,198
94,116,143,204
92,113,141,219
89,113,144,210
80,106,148,231
70,100,159,220
66,104,145,212
65,108,139,209
63,103,135,215
60,96,133,219
54,97,138,213
49,97,141,211
49,93,135,220
49,94,131,223
45,93,130,222
43,96,128,217
34,100,133,207
35,99,125,201
31,99,124,205
32,101,116,195
26,107,116,165
28,104,106,178
14,107,116,181
13,106,115,178
10,110,111,181
3,112,120,181
0,115,120,176
0,122,116,175
0,125,111,172
-4,129,115,169
-8,132,116,167
-6,133,110,167
-5,140,111,156
-4,146,105,146
-5,141,107,151
2,133,89,161
5,107,85,144
2,101,93,159
9,104,92,178
-1,100,105,198
1,105,98,197
10,108,81,196
8,98,76,204
6,106,71,202
3,107,72,188
0,111,79,168
-1,122,85,175
-2,148,86,150
-1,154,84,151
0,159,87,139
4,172,74,122
1,177,79,126
1,179,79,125
2,179,77,116
-1,179,84,123
2,175,76,121
2,174,78,131
0,177,82,123
1,176,77,115
0,174,79,113
0,167,84,133
3,172,80,126
0,172,87,128
0,165,87,133
0,154,85,145
3,146,80,154
6,142,74,161
8,137,74,166
5,137,80,166
3,140,82,162
0,136,85,168
2,138,83,166
0,131,85,173
2,134,85,171
0,125,88,179
1,131,85,174
3,127,81,175
2,129,84,175
1,127,85,176
0,138,87,162
1,131,84,173
2,134,84,167
1,131,83,172
0,137,88,168
0,133,88,172
0,136,86,168
1,134,84,169
4,139,82,164
4,132,80,172
7,143,79,160
3,140,85,164
6,131,78,172
4,136,81,164
3,139,85,160
1,142,86,160
3,133,81,172
3,131,83,173
