179,140,128,132
183,142,124,131
186,142,120,124
185,141,125,132
185,141,125,130
186,143,120,133
186,135,128,134
186,140,124,129
186,144,128,125
184,139,124,130
187,137,122,132
185,139,120,130
182,134,125,132
181,135,121,134
172,130,124,138
167,134,123,136
156,139,130,135
149,146,126,135
149,143,131,132
147,145,135,139
151,149,134,137
157,150,130,139
158,147,130,136
155,144,133,141
149,151,135,139
141,150,129,142
135,151,132,146
127,154,137,145
129,159,138,139
134,157,143,141
144,168,143,137
149,166,143,135
155,164,139,144
157,161,147,144
163,167,142,141
163,161,144,138
163,167,142,140
163,165,140,142
159,166,141,140
155,166,140,143
150,157,147,143
143,162,142,148
147,158,140,140
143,161,144,149
147,152,145,141
148,156,145,141
149,156,146,141
154,151,138,144
147,159,145,139
149,161,137,142
146,160,140,142
141,165,146,148
146,156,134,151
133,171,147,152
132,173,151,144
135,181,149,143
142,178,139,144
138,179,149,140
138,178,146,143
139,179,150,138
138,173,145,144
132,175,145,149
134,177,144,142
133,174,136,150
127,181,141,139
117,176,146,150
110,183,146,147
106,179,150,149
99,185,151,158
96,183,155,149
87,183,152,151
79,177,158,150
80,179,153,152
71,175,154,152
61,167,163,155
60,174,163,154
54,167,165,151
53,166,167,155
67,161,148,159
54,162,163,152
49,154,158,159
54,149,163,159
49,157,172,161
49,154,163,163
51,156,168,156
47,152,165,157
48,153,163,167
57,157,158,158
44,154,173,161
50,148,162,167
48,152,167,175
51,157,161,161
51,153,163,162
38,161,175,167
34,165,185,159
49,163,160,161
30,160,180,166
37,162,175,167
34,157,175,170
32,160,179,168
34,162,177,167
42,156,167,168
41,158,167,175
28,159,181,172
36,154,174,176
28,161,183,181
30,163,182,172
24,163,188,172
30,170,184,173
25,161,197,180
43,174,182,173
55,183,184,173
63,177,177,172
66,188,179,167
68,194,180,161
75,190,180,169
78,193,169,162
81,190,178,163
94,194,169,164
111,188,164,156
112,195,167,161
119,190,164,163
115,202,160,155
121,199,163,153
118,203,157,151
117,193,158,158
116,198,161,156
115,190,156,150
124,181,157,149
125,178,160,142
131,168,150,144
135,159,143,151
139,160,149,146
142,152,143,144
150,155,137,145
155,148,139,146
159,148,147,132
167,139,144,135
172,136,138,134
178,139,138,130
181,129,130,131
182,125,131,130
181,118,133,131
182,122,129,131
181,109,128,137
184,101,117,137
179,102,119,135
173,107,121,130
166,109,126,128
163,107,125,126
165,112,120,129
166,117,118,123
163,119,118,120
164,122,113,120
165,127,119,118
167,129,118,119
170,122,115,124
172,126,113,128
177,126,113,121
177,134,115,122
180,135,113,122
181,132,115,125
184,139,114,118
185,139,114,123
186,144,114,122
191,151,117,119
191,147,112,126
191,146,117,118
194,142,112,126
195,142,110,126
191,139,114,124
187,141,120,123
187,143,114,128
185,149,116,123
182,156,116,124
176,158,117,127
175,155,112,133
171,157,115,129
166,157,117,131
160,163,120,132
156,163,121,131
152,170,119,129
154,162,114,136
150,170,116,134
150,173,118,130
149,175,114,132
148,177,120,129
150,175,113,133
150,179,115,131
152,180,116,129
155,174,110,133
158,173,110,131
158,179,112,126
162,172,112,126
164,173,111,127
168,172,109,128
172,171,111,124
173,173,107,128
178,170,110,124
183,166,108,125
190,163,104,118
196,155,103,122
200,154,102,124
203,151,102,121
207,147,107,121
215,143,103,118
224,136,98,124
228,135,99,124
230,135,101,123
232,137,103,124
235,129,105,123
242,133,100,120
243,129,99,126
247,134,102,120
252,133,101,120
254,130,98,121
259,127,98,127
257,132,101,124
260,129,98,125
260,131,94,124
258,125,93,124
255,124,93,122
256,119,95,126
249,121,98,121
245,121,94,121
240,119,93,124
233,124,94,124
228,125,96,126
225,123,93,125
217,128,95,125
210,127,95,128
204,130,95,124
199,130,98,124
195,128,96,124
188,125,100,126
188,119,99,127
190,116,98,125
190,113,99,127
197,105,99,129
199,104,99,127
208,98,97,130
215,92,103,130
219,91,104,126
230,80,103,131
243,78,100,130
255,76,101,125
265,69,101,129
268,68,103,127
273,54,100,130
281,46,94,129
281,35,93,130
277,20,94,136
278,13,92,138
274,5,93,131
278,2,92,126
276,5,97,118
277,5,98,110
277,3,95,113
273,0,96,122
268,2,94,124
271,6,87,125
281,8,85,130
288,10,83,131
294,7,87,136
307,11,84,136
319,16,84,136
333,22,84,131
342,26,83,135
349,32,82,131
357,39,76,129
361,45,75,128
360,51,74,127
361,52,76,131
371,56,68,125
367,52,74,127
371,52,73,128
376,53,69,124
381,53,68,123
387,55,70,125
393,56,73,126
401,59,74,126
406,65,72,118
414,68,66,117
413,67,67,119
416,72,68,118
414,72,69,119
420,79,68,117
416,78,71,119
413,80,68,115
408,84,72,119
404,80,72,120
401,81,68,120
396,80,66,117
391,77,68,118
387,75,70,118
390,70,62,119
394,72,62,117
398,69,63,124
399,74,65,119
402,75,64,115
402,78,65,115
402,86,63,105
401,83,65,109
399,84,66,112
397,85,67,118
395,91,65,116
391,94,66,117
388,101,68,116
383,104,76,120
385,105,71,130
380,115,73,118
384,119,59,124
384,124,57,117
386,125,60,117
387,130,63,110
393,122,62,124
396,123,66,122
401,124,61,123
406,122,62,124
411,126,63,118
418,124,65,121
421,126,65,124
421,124,62,126
421,130,61,122
421,133,62,120
419,135,62,119
418,132,59,121
416,139,59,115
412,138,61,114
410,134,60,118
403,129,62,117
400,134,57,111
398,129,57,115
389,123,60,120
388,134,49,106
377,129,49,108
372,117,44,113
367,114,53,115
361,117,46,104
354,114,43,103
351,108,37,102
348,109,36,97
347,111,37,92
347,110,35,92
347,105,38,96
351,102,35,98
350,103,32,98
350,103,32,98
348,112,33,88
346,112,33,88
345,114,31,86
339,116,30,83
338,116,32,82
331,119,33,80
326,120,32,83
319,121,32,82
313,121,31,82
314,122,30,80
310,120,28,80
308,124,26,79
308,124,26,79
308,124,26,79
308,124,26,79
308,124,26,79
308,124,26,79
296,132,27,77
292,130,32,70
300,101,42,72
291,99,48,72
281,96,59,70
269,92,61,74
269,92,61,74
269,92,61,74
269,92,61,74
269,92,61,74
269,92,61,74
269,92,61,74
269,92,61,74
269,92,61,74
269,92,61,74
269,92,61,74
269,92,61,74
269,92,61,74
269,92,61,74
269,92,61,74
269,92,61,74
269,92,61,74
269,92,61,74
269,92,61,74
269,92,61,74
269,92,61,74
269,92,61,74
269,92,61,74
269,92,61,74
269,92,61,74
269,92,61,74
269,92,61,74
269,92,61,74
269,92,61,74
269,92,61,74
269,92,61,74
269,92,61,74
269,92,61,74
269,92,61,74
269,92,61,74
269,92,61,74
269,92,61,74
269,92,61,74
269,92,61,74
269,92,61,74
269,92,61,74
269,92,61,74
269,92,61,74
269,92,61,74
269,92,61,74
269,92,61,74
269,92,61,74
269,92,61,74
269,92,61,74
269,92,61,74
269,92,61,74
269,92,61,74
269,92,61,74
269,92,61,74
226,75,72,86
226,75,72,86
234,84,73,82
235,98,72,87
237,109,69,91
232,105,75,100
236,96,81,112
238,95,82,116
237,96,82,119
234,95,84,119
233,95,85,120
229,95,88,120
227,95,85,120
222,94,96,123
225,93,88,129
221,94,90,128
224,96,90,124
225,100,88,131
222,105,99,125
225,111,98,122
227,109,99,128
233,112,96,124
233,110,96,122
235,108,102,126
231,106,104,132
229,102,103,130
222,108,106,126
213,106,109,123
212,102,109,125
203,102,114,125
200,100,116,127
194,98,116,138
187,97,117,130
186,101,119,139
184,103,118,132
185,97,118,133
182,98,113,132
188,99,120,136
190,98,122,134
203,95,118,132
207,96,121,133
213,95,119,133
222,95,122,136
223,98,117,135
230,94,118,134
234,95,122,133
239,96,122,135
241,94,125,134
243,96,121,136
249,94,113,127
251,98,102,130
252,93,95,130
259,91,87,129
256,90,95,130
256,88,93,132
255,90,97,134
262,90,88,137
261,95,90,130
262,99,90,128
269,99,86,130
273,99,89,129
274,100,94,137
279,107,99,132
280,107,95,136
283,116,92,131
280,120,95,128
279,128,93,126
277,124,93,125
277,125,92,130
276,125,90,138
275,121,96,134
277,116,96,134
278,110,99,138
277,117,99,127
280,112,101,127
285,107,95,132
284,105,104,134
290,98,95,132
290,102,93,132
285,103,105,134
282,103,110,133
286,105,101,137
289,101,112,141
289,104,124,146
290,105,129,139
289,102,139,145
291,112,109,141
291,109,115,145
292,110,124,139
290,106,132,139
294,104,138,141
296,104,144,138
292,102,148,139
295,99,144,141
292,97,141,142
294,98,140,141
292,95,140,144
289,100,150,140
291,97,142,143
294,98,149,143
298,99,137,144
300,101,144,146
299,106,151,146
298,106,150,143
302,106,146,145
298,106,147,143
299,104,153,145
297,101,155,144
296,98,151,144
297,95,161,141
297,89,152,145
295,81,154,148
297,80,146,144
297,73,155,149
291,71,161,148
287,64,160,152
282,64,161,145
281,57,153,153
273,53,161,155
267,49,162,152
267,44,166,160
261,43,173,158
256,40,175,161
256,41,172,161
258,40,176,162
253,39,174,168
256,41,165,167
257,49,167,173
262,61,154,171
263,77,157,179
268,110,157,177
265,145,156,179
260,181,161,166
258,209,164,152
250,226,164,137
251,241,160,123
250,249,159,116
254,260,153,101
262,258,150,101
263,265,151,101
269,260,149,101
271,257,151,103
276,251,145,107
280,237,147,119
286,230,145,125
289,224,139,128
289,211,137,138
282,200,139,140
283,190,138,132
283,185,131,130
279,177,130,128
278,172,128,129
279,171,125,128
280,171,125,123
283,175,124,126
286,177,127,126
293,178,107,120
293,172,105,120
299,168,102,124
300,165,105,121
300,164,111,122
300,161,112,119
300,158,97,119
300,157,88,122
294,157,90,121
291,154,89,120
288,156,80,121
287,155,79,118
285,157,80,117
284,155,81,115
285,153,81,115
289,154,78,116
290,152,77,118
289,153,79,116
293,154,74,117
293,157,77,116
290,156,83,122
292,162,79,122
293,162,79,122
293,167,77,126
291,173,79,125
290,179,80,125
291,185,75,121
288,189,78,119
287,193,77,121
284,194,80,121
284,195,76,126
284,194,76,120
283,198,76,117
288,194,76,122
286,193,77,121
290,189,79,125
294,187,79,123
296,183,77,128
300,178,74,128
304,178,77,121
302,165,81,129
306,155,78,131
304,154,81,130
305,150,76,131
309,144,75,134
305,142,77,133
308,137,73,138
304,136,80,138
302,133,83,143
304,139,83,135
309,135,83,141
313,138,86,141
317,136,82,142
323,137,83,145
323,135,85,141
331,134,76,141
328,135,74,135
323,133,79,137
318,127,80,138
319,125,75,141
316,127,73,137
313,126,72,138
311,127,75,138
311,134,70,131
312,130,68,133
310,137,67,128
306,131,68,136
308,129,66,136
301,132,65,127
296,124,68,134
292,114,96,139
284,107,95,135
282,109,109,127
278,91,103,135
277,89,106,129
278,85,105,135
277,80,102,131
276,77,106,136
277,74,99,140
275,73,97,138
271,78,102,133
273,74,95,138
271,75,96,139
275,74,91,137
272,75,95,135
273,73,94,140
278,78,87,135
279,77,89,136
279,78,85,138
282,78,84,138
287,80,81,137
286,80,85,133
290,80,83,134
292,85,82,133
294,87,84,135
297,91,87,133
299,94,85,136
304,95,81,136
304,100,83,131
303,100,83,132
301,101,89,133
298,105,87,131
296,106,87,128
294,106,84,129
292,107,85,128
290,105,83,128
289,101,82,127
287,96,85,131
285,92,80,127
283,90,84,130
281,90,76,126
280,88,76,123
274,85,74,122
270,80,74,124
270,75,69,126
269,73,65,128
263,73,66,123
260,74,60,117
252,72,65,125
252,71,56,121
249,71,54,124
247,69,57,116
247,64,59,124
249,59,60,129
249,59,60,128
246,60,60,128
249,60,60,125
246,65,63,123
243,63,71,128
243,66,64,129
246,67,57,131
246,68,59,128
251,69,59,128
253,70,63,127
257,69,69,127
256,71,66,131
260,71,66,133
261,76,74,124
262,79,76,124
261,81,81,119
264,84,76,124
264,93,81,123
270,100,82,120
276,105,80,121
275,102,79,122
280,108,81,118
284,108,81,117
287,107,80,118
294,106,76,118
291,106,78,113
296,107,77,114
295,107,79,110
295,103,80,115
293,105,82,110
294,101,79,116
294,102,75,110
289,107,77,104
285,106,74,106
281,106,77,106
280,103,74,111
277,104,71,106
273,108,77,103
271,108,77,103
267,109,74,105
268,112,72,101
266,115,75,107
268,120,73,100
268,114,75,100
275,113,70,101
274,111,72,101
280,111,66,102
283,107,66,104
284,107,64,101
284,107,67,102
285,106,66,105
287,111,68,103
290,112,67,104
296,118,66,103
302,120,63,99
301,119,69,98
305,120,70,97
311,121,66,96
316,118,64,100
320,118,63,102
319,120,65,98
323,119,64,100
325,119,63,99
323,119,68,97
328,118,64,91
327,120,63,88
328,117,61,97
329,116,63,97
327,117,65,97
329,117,63,98
329,117,60,97
329,117,62,97
330,118,60,99
330,119,60,96
330,118,61,97
330,118,60,97
330,119,59,96
328,119,62,96
329,120,64,92
327,122,63,98
329,125,61,95
327,126,63,90
324,127,61,81
305,131,64,90
288,130,67,97
287,130,63,95
275,130,61,96
267,132,68,96
267,132,71,99
269,134,72,98
272,135,74,98
281,137,72,100
287,135,71,97
295,136,72,99
303,136,69,100
306,136,73,99
309,136,80,104
316,135,76,105
319,137,76,105
324,137,75,104
326,139,79,106
325,135,82,103
327,136,75,104
321,135,78,106
315,136,79,102
306,133,77,101
304,132,74,106
299,131,79,105
294,132,78,107
292,132,82,103
292,134,79,108
291,133,77,101
291,133,76,105
293,133,76,108
293,134,78,105
292,132,80,110
294,135,78,105
294,139,81,103
294,139,78,103
291,141,78,101
289,140,79,103
285,144,83,102
285,142,82,108
282,144,83,107
282,143,82,103
280,146,79,106
279,147,82,106
277,148,82,103
276,146,83,102
276,148,83,105
274,147,85,103
276,146,82,103
277,145,84,108
277,145,85,109
277,148,81,108
276,149,84,105
274,151,86,107
274,152,85,110
271,152,88,107
270,154,83,104
260,155,81,105
251,154,88,105
242,155,90,102
235,154,94,104
234,151,89,104
229,145,92,107
232,143,90,105
234,141,90,104
236,139,89,102
240,133,88,103
249,134,80,103
249,132,85,104
258,134,71,110
261,137,72,106
272,142,72,108
286,149,75,106
290,150,70,108
304,154,69,103
317,153,71,102
331,154,69,98
342,152,64,99
346,152,61,100
346,152,67,103
345,152,68,105
343,156,70,105
343,157,72,104
344,158,73,105
346,160,74,103
353,160,74,103
359,160,74,105
372,161,70,108
372,162,76,105
382,168,74,106
385,170,77,106
397,173,80,105
409,177,76,107
409,175,81,110
420,178,78,107
429,179,78,105
439,177,81,106
450,177,80,106
455,177,80,103
464,177,77,103
461,180,78,105
458,185,74,109
455,194,78,105
459,194,81,102
466,196,84,103
470,193,84,110
473,200,82,108
481,210,86,115
485,210,88,117
498,224,87,115
511,229,85,117
523,237,85,113
524,241,87,106
522,243,88,105
519,241,87,103
518,241,85,103
518,232,88,104
523,220,90,103
523,220,88,103
525,210,88,105
531,208,90,101
543,202,86,103
542,193,88,101
535,188,94,105
522,181,90,102
511,172,93,101
501,165,88,101
499,162,83,100
496,163,86,101
502,166,87,100
499,163,89,100
495,160,87,93
495,147,80,92
493,141,81,97
495,132,84,96
499,131,86,94
505,132,85,99
506,136,86,98
508,137,84,97
508,143,88,98
511,148,87,100
511,151,89,99
512,152,88,101
521,156,87,101
530,158,91,100
531,155,91,100
528,157,90,100
528,160,90,102
526,156,89,103
518,160,86,103
511,160,86,104
502,167,88,99
496,167,85,100
483,173,85,105
469,181,86,106
457,187,85,107
439,197,87,107
421,211,83,104
405,220,85,104
392,224,81,107
384,225,80,103
389,227,83,96
394,219,82,99
397,215,83,99
399,215,87,94
400,210,80,96
393,209,84,98
386,214,81,96
375,216,82,96
367,215,80,96
359,213,83,99
355,209,82,102
353,213,85,96
358,213,82,96
362,210,84,99
366,206,85,102
369,206,85,100
373,206,84,100
375,206,86,100
380,204,86,100
381,200,83,102
372,200,86,105
369,204,85,110
368,210,86,108
360,206,89,107
352,211,90,104
355,210,92,106
351,209,89,105
345,209,91,111
342,209,91,110
340,210,89,111
336,218,90,109
325,213,90,116
325,216,87,110
318,218,87,112
312,220,91,112
308,220,93,116
306,220,90,118
303,221,88,118
299,221,92,120
296,229,88,118
289,227,92,115
282,222,90,121
271,228,91,118
259,228,93,121
248,227,91,124
235,233,92,123
228,239,87,120
227,240,88,115
210,235,90,120
197,240,93,118
189,249,92,114
180,249,89,110
173,253,92,111
159,248,96,110
149,250,95,111
138,256,91,106
129,249,92,110
129,248,91,113
121,246,91,111
114,244,92,114
106,246,87,112
91,248,93,112
87,250,96,110
83,247,92,115
77,247,89,114
69,249,86,112
64,244,93,115
63,247,93,114
60,245,88,113
59,249,78,102
62,259,80,93
61,270,84,87
56,270,91,85
58,281,85,79
65,282,76,78
83,277,98,80
85,276,111,80
69,276,137,78
91,267,135,88
102,259,135,96
109,256,138,93
125,251,139,96
135,255,129,95
148,248,125,98
146,247,130,98
155,256,134,96
163,257,125,90
168,253,120,96
175,254,113,95
178,255,112,95
175,260,117,88
178,254,117,99
182,254,115,100
188,250,110,106
187,250,112,106
194,253,106,103
208,242,107,108
209,240,107,110
220,234,103,114
221,236,101,104
237,229,83,102
235,219,90,105
236,219,86,104
231,225,88,104
232,230,87,104
224,230,85,96
217,228,85,98
216,231,82,101
202,239,70,99
192,244,82,97
189,246,83,98
184,245,84,98
183,243,84,101
178,255,78,102
168,267,81,92
162,272,86,86
163,266,84,89
164,255,83,97
168,243,83,99
172,237,81,98
175,230,81,95
182,221,82,95
187,214,79,93
192,208,70,89
198,197,80,92
200,184,74,90
199,177,73,90
202,173,80,88
197,166,81,91
200,166,77,88
203,165,78,84
204,166,80,84
206,166,81,87
211,168,80,88
211,169,80,85
214,172,78,87
216,172,79,85
217,170,77,85
219,171,78,90
227,170,77,86
233,166,76,86
239,161,75,87
242,154,77,89
245,151,75,88
251,151,76,87
254,152,76,88
258,151,75,86
261,152,76,85
262,149,77,84
265,147,77,85
264,141,77,88
265,140,75,88
267,140,76,90
262,138,81,89
260,134,81,88
259,133,76,87
257,128,75,87
257,131,61,86
255,127,61,84
253,129,59,87
248,127,67,87
244,128,70,86
243,128,70,89
238,130,73,84
235,127,77,86
232,127,78,88
231,125,78,85
230,126,77,87
226,120,79,89
222,127,76,85
219,124,81,87
220,125,78,86
218,126,81,88
216,125,81,88
213,126,86,86
212,128,82,89
209,130,86,87
209,129,85,88
209,129,84,89
208,132,81,90
205,133,85,91
202,137,89,90
199,138,91,89
201,140,90,95
199,143,86,87
197,141,90,90
193,145,91,92
188,144,93,94
190,149,91,97
184,150,98,95
184,150,96,97
183,149,96,100
185,149,95,97
185,149,95,95
184,150,99,97
190,151,91,96
185,150,98,101
181,149,100,98
182,150,100,99
182,152,99,100
177,154,104,98
176,153,103,100
177,156,106,98
175,155,103,100
177,160,106,95
179,155,101,98
181,156,102,98
183,158,109,100
181,157,104,94
184,159,104,95
189,158,103,96
190,154,102,100
194,153,101,99
193,153,102,100
197,153,100,101
199,157,101,98
199,155,98,99
204,151,98,103
201,157,95,99
207,155,98,100
209,154,93,97
210,161,91,95
213,151,92,99
214,154,92,96
212,152,96,97
216,150,92,96
217,151,90,98
218,148,89,95
221,151,86,92
221,148,88,96
222,145,87,91
224,145,91,93
227,143,86,92
226,145,90,95
229,145,87,87
228,145,83,87
230,145,82,95
229,143,85,92
233,147,82,88
235,146,80,84
242,144,75,89
244,141,70,89
237,154,75,76
234,162,76,67
233,156,82,71
235,146,77,78
236,138,77,81
231,136,82,83
233,136,78,83
229,133,80,85
228,133,80,85
227,132,79,82
224,135,81,85
224,135,76,85
221,133,80,84
221,130,79,91
221,134,79,84
220,132,81,84
220,130,81,86
219,129,83,88
220,127,83,83
221,128,82,87
222,126,82,84
223,133,81,81
223,131,77,84
221,132,77,85
219,133,78,82
214,129,84,86
216,131,81,86
215,127,82,86
215,128,83,92
214,137,81,87
213,140,84,85
212,138,85,81
215,138,83,80
215,135,85,81
216,132,86,83
219,134,84,84
219,133,87,83
221,131,86,87
222,132,85,87
222,132,86,87
224,135,83,91
224,136,83,90
221,138,87,88
222,140,84,91
219,140,87,89
219,141,84,90
217,144,85,87
215,143,85,87
211,142,88,90
210,142,88,93
208,145,87,95
205,150,90,88
205,150,86,90
204,151,85,87
204,152,84,89
202,147,84,92
201,155,85,85
197,153,90,92
195,154,86,91
195,157,88,90
199,156,82,92
201,157,80,91
201,160,85,89
204,163,82,87
204,163,85,87
202,165,91,85
204,165,86,89
210,163,83,92
212,157,86,99
213,160,91,96
216,162,91,93
219,164,91,91
221,166,90,91
225,165,91,94
225,160,94,96
226,160,92,104
227,168,97,94
228,162,94,98
229,168,97,96
229,162,98,96
230,168,97,92
232,159,99,102
233,152,99,112
236,157,96,108
236,154,101,112
239,156,98,113
242,163,96,103
240,156,100,112
241,157,99,107
242,159,101,108
242,157,102,110
245,159,101,115
245,153,101,112
250,155,99,117
246,166,103,107
246,164,105,103
247,173,103,100
246,170,104,101
248,168,103,105
248,166,103,106
247,167,103,101
246,168,104,103
245,170,104,103
244,167,104,106
237,172,109,101
244,173,104,100
242,174,102,102
236,176,105,98
232,173,110,95
235,176,105,102
236,178,105,94
236,173,101,96
228,173,109,100
223,176,109,105
217,171,114,107
217,175,113,103
214,164,113,110
214,175,112,107
212,177,107,104
212,185,106,98
210,183,106,98
206,179,110,105
205,184,107,98
204,183,106,103
205,179,102,110
202,171,105,111
195,180,110,111
193,179,112,110
192,170,114,112
192,175,115,118
188,174,117,113
190,182,117,106
200,187,109,101
202,176,106,102
204,182,107,111
204,172,106,105
204,182,109,103
209,178,105,97
212,180,103,97
212,166,103,104
213,178,107,99
208,169,108,98
211,169,102,100
210,162,101,106
209,164,103,111
209,162,102,101
209,163,103,111
209,162,101,106
211,158,102,106
214,164,98,102
217,161,99,100
218,164,101,103
220,157,105,104
220,163,107,101
227,157,107,99
220,159,120,105
234,153,108,101
242,163,101,92
245,160,100,96
248,155,99,95
253,154,93,97
252,153,96,96
258,150,91,102
253,147,100,101
264,151,89,98
272,149,83,97
276,144,78,99
281,146,73,100
284,151,70,92
289,147,65,95
291,142,65,100
293,138,66,103
296,137,65,104
299,134,62,107
302,132,61,105
310,131,58,105
310,130,59,102
319,133,72,102
315,129,88,112
320,127,91,131
319,130,98,129
322,129,95,128
319,128,95,134
319,125,95,137
314,125,103,140
311,129,110,136
310,121,114,143
305,124,116,140
301,126,122,137
296,128,128,141
290,128,136,136
284,128,145,134
280,125,122,143
279,130,151,139
268,134,168,124
213,140,159,89
299,137,150,96
344,137,143,95
345,138,117,96
363,135,92,93
372,136,85,92
378,136,76,95
380,136,75,93
375,138,76,94
373,139,79,93
376,139,75,92
373,138,76,94
375,141,77,90
371,139,79,90
370,139,76,92
367,138,79,91
362,138,85,93
368,139,79,89
356,137,90,92
346,138,97,86
348,137,98,88
346,139,97,88
346,139,97,87
343,135,94,91
343,139,90,82
344,136,93,93
338,138,87,88
338,137,89,90
334,139,89,84
332,138,87,85
328,140,88,79
329,140,84,79
324,138,88,80
320,137,88,85
315,140,88,78
313,139,88,85
310,138,86,88
308,138,83,87
307,136,84,88
304,137,85,86
303,136,86,85
302,136,86,86
299,136,82,86
297,134,76,88
298,134,66,91
296,131,73,86
293,133,71,87
290,128,75,88
289,131,70,86
287,131,70,85
286,133,69,85
283,134,69,85
282,134,70,84
278,133,72,85
275,135,73,83
276,135,72,83
271,134,75,84
266,138,81,79
261,137,76,84
253,138,78,83
249,137,81,84
245,141,78,82
239,142,77,82
232,142,75,84
230,142,73,84
232,143,67,83
222,147,73,72
215,146,74,70
209,149,73,61
199,152,76,49
196,155,77,51
196,155,77,51
196,155,77,51
196,155,77,51
196,155,77,51
196,155,77,51
196,155,77,51
196,155,77,51
196,155,77,51
196,155,77,51
196,155,77,51
196,155,77,51
196,155,77,51
196,155,77,51
196,155,77,51
196,155,77,51
196,155,77,51
196,155,77,51
196,155,77,51
196,155,77,51
196,155,77,51
196,155,77,51
196,155,77,51
196,155,77,51
196,155,77,51
196,155,77,51
196,155,77,51
196,155,77,51
196,155,77,51
196,155,77,51
196,155,77,51
196,155,77,51
196,155,77,51
196,155,77,51
196,155,77,51
196,155,77,51
196,155,77,51
196,155,77,51
196,155,77,51
196,155,77,51
196,155,77,51
196,155,77,51
196,155,77,51
196,155,77,51
196,155,77,51
196,155,77,51
196,155,77,51
196,155,77,51
196,155,77,51
196,155,77,51
196,155,77,51
196,155,77,51
196,155,77,51
196,155,77,51
196,155,77,51
196,155,77,51
286,156,76,66
295,146,87,79
295,136,102,85
297,123,104,97
306,112,97,112
304,117,103,107
310,123,102,99
310,123,102,99
315,119,98,102
313,111,102,113
313,109,102,117
318,115,99,107
318,107,94,112
318,115,92,106
306,117,100,106
298,126,103,100
290,132,107,94
321,98,86,101
336,97,77,87
349,101,63,72
341,99,73,81
332,97,86,87
338,97,81,83
342,96,78,82
338,95,82,83
337,95,85,86
338,95,87,88
344,94,82,85
344,94,84,90
346,95,88,86
352,93,83,89
351,94,86,92
352,94,85,94
353,97,90,92
356,96,90,96
357,95,88,97
357,97,90,98
356,102,94,94
359,103,97,92
362,102,94,94
362,104,98,93
363,104,100,95
367,103,99,96
369,104,102,96
371,105,99,94
377,100,97,99
376,103,99,99
381,99,102,99
383,101,103,106
378,97,114,105
384,101,109,102
386,98,105,106
389,102,109,104
388,100,111,109
390,101,109,108
390,100,116,109
391,102,116,111
393,103,117,114
398,102,118,109
398,106,117,109
403,104,110,113
406,105,114,115
412,106,118,115
416,105,117,117
416,107,119,116
419,107,128,115
424,111,120,120
426,108,125,120
428,111,127,118
428,109,128,119
432,109,126,120
428,105,135,122
428,111,133,121
433,114,127,124
434,108,132,127
433,109,133,125
432,113,137,121
434,113,135,121
435,111,135,125
435,114,135,123
432,108,144,127
434,109,141,128
436,109,139,126
441,108,133,131
441,108,136,130
440,110,133,132
442,112,134,132
445,110,135,128
446,111,137,132
443,110,139,129
447,109,135,133
446,112,139,127
447,108,139,129
449,111,133,127
444,111,136,125
441,113,133,130
441,113,134,131
439,111,137,131
442,118,131,123
438,119,132,122
441,119,137,123
439,123,138,120
442,123,134,119
440,120,136,121
441,122,135,116
442,121,130,120
436,114,142,117
436,118,136,120
439,114,133,121
434,115,138,118
438,113,135,116
434,108,136,117
436,108,130,116
433,109,131,116
435,109,129,111
437,108,128,112
433,107,130,111
436,103,127,114
436,106,128,108
436,100,128,112
439,102,124,112
438,101,124,110
438,102,123,113
442,102,121,108
439,97,121,107
440,97,124,114
443,98,123,109
446,97,122,109
444,98,123,110
451,99,114,109
453,97,118,110
454,96,116,112
453,97,118,112
454,96,122,111
456,93,120,111
457,95,116,109
457,93,118,113
460,94,119,109
461,97,119,107
462,94,120,109
465,93,118,109
467,95,118,107
471,94,111,111
469,96,114,108
472,96,116,107
472,96,117,109
474,95,119,110
480,92,116,110
483,96,116,106
487,94,115,105
483,95,114,108
477,97,119,113
475,104,111,109
470,106,114,109
470,107,108,106
455,101,117,113
446,103,119,114
436,108,117,114
428,110,117,114
427,114,115,113
415,121,113,110
405,122,115,112
393,123,118,111
381,120,120,113
377,123,120,111
369,121,117,107
358,122,119,109
353,125,114,114
349,126,107,114
348,135,109,105
343,130,108,110
342,129,108,108
336,131,108,109
335,126,104,113
334,128,109,113
332,130,105,113
331,130,105,113
327,133,108,112
327,132,104,114
327,135,105,112
322,136,105,111
320,137,107,113
317,140,104,111
314,141,107,110
312,141,106,111
311,144,105,109
306,147,112,105
306,144,108,106
299,150,109,107
303,144,106,114
295,149,111,110
295,148,110,113
296,152,103,105
293,153,105,107
291,149,104,110
295,151,98,108
292,151,97,108
292,155,96,107
292,154,99,103
292,161,99,102
288,154,103,105
289,154,105,104
286,149,108,108
291,151,106,107
289,149,106,109
292,150,105,107
289,151,110,105
292,152,107,108
291,148,107,105
290,146,110,112
294,151,107,103
297,150,107,104
295,148,108,102
294,151,108,101
299,150,109,105
299,153,109,98
303,147,108,103
302,149,108,104
309,145,105,99
306,152,105,102
309,155,105,97
313,149,102,97
314,149,104,102
313,153,107,96
318,152,103,98
322,147,100,99
322,150,102,100
320,147,106,96
321,147,108,98
324,151,105,100
322,146,111,98
326,150,109,98
329,153,108,99
325,150,112,97
324,148,116,98
315,152,125,101
333,151,109,103
336,157,101,102
328,152,108,108
329,164,102,96
323,172,108,101
321,172,108,96
318,175,108,98
316,182,107,92
316,182,106,92
317,182,100,93
311,181,107,94
311,182,104,97
309,182,104,94
311,182,106,98
308,177,106,98
307,176,107,97
305,173,108,99
306,176,106,98
307,176,104,97
306,174,100,100
305,176,107,98
303,174,103,101
304,176,103,102
302,176,105,107
298,170,104,105
302,177,102,102
300,176,103,104
298,182,104,100
297,181,105,101
296,185,104,98
295,185,105,99
295,187,107,101
294,188,108,98
293,186,109,99
294,192,106,97
296,194,104,92
297,193,100,98
296,193,101,99
294,199,100,96
295,196,96,98
290,197,99,99
288,194,98,101
285,195,100,99
283,197,99,96
283,189,96,101
280,191,94,101
276,190,96,101
273,191,98,99
267,188,103,102
266,184,101,106
259,186,105,103
259,184,100,109
254,180,103,113
252,182,105,110
249,196,105,105
247,191,103,109
239,193,111,107
235,193,105,109
232,199,105,104
224,205,103,107
215,196,98,118
205,203,102,120
193,206,112,118
192,205,108,116
185,206,114,119
180,209,113,122
179,217,112,117
173,211,118,119
173,212,116,125
170,214,118,119
169,218,118,120
170,217,115,117
166,220,120,120
169,219,117,119
169,216,117,119
169,218,120,120
172,224,117,115
174,216,116,117
173,221,118,119
173,219,119,116
177,222,120,121
180,220,116,119
184,215,116,126
182,220,117,123
183,225,122,118
183,225,121,117
190,229,119,119
191,229,121,119
189,231,125,114
194,235,115,115
192,231,122,125
195,228,121,127
198,233,123,117
195,225,123,128
194,228,133,125
196,225,130,125
198,230,122,126
201,221,126,128
201,219,130,131
211,226,120,121
206,225,127,124
209,217,129,138
212,217,126,133
211,218,129,139
215,228,126,131
212,212,141,147
214,214,139,145
216,215,139,143
218,216,137,142
214,214,143,144
224,220,135,137
225,205,133,149
223,220,142,146
227,225,134,135
231,226,134,135
226,233,140,128
232,223,133,138
232,226,138,131
234,225,133,133
235,222,131,138
235,229,137,129
235,218,134,140
235,225,136,135
237,228,136,131
243,231,134,125
240,224,137,132
244,212,133,138
253,214,130,145
255,215,130,139
263,223,129,139
268,221,130,129
273,220,133,126
276,223,134,132
282,221,138,128
281,222,135,132
287,217,140,131
296,218,136,133
301,216,135,134
300,207,138,147
299,199,144,152
294,213,152,141
311,216,138,136
317,219,134,134
318,220,138,135
316,216,144,130
314,220,148,130
326,217,139,133
325,216,138,134
319,206,144,139
325,220,140,146
330,207,135,139
330,215,135,144
331,211,137,135
343,213,125,136
340,224,133,131
347,213,130,135
353,227,128,127
352,225,135,125
359,238,132,112
360,233,135,115
362,236,138,116
366,230,137,123
369,226,142,122
374,215,137,134
373,215,143,134
376,228,146,119
386,218,136,123
378,213,149,130
386,217,140,122
392,220,133,121
390,220,136,116
386,216,139,117
387,214,136,122
389,214,140,124
391,213,136,119
392,210,135,123
396,212,132,122
396,212,133,120
402,210,127,122
401,213,129,123
400,213,133,118
401,212,131,123
403,207,133,121
413,211,122,122
422,207,116,125
424,203,114,128
423,203,119,127
425,204,127,128
425,201,128,129
426,205,128,129
427,205,134,126
432,208,131,127
434,203,128,131
434,204,131,134
432,204,135,129
436,207,130,129
433,207,142,129
440,209,130,129
435,210,134,130
438,208,136,133
437,212,135,132
437,208,141,132
440,208,139,135
440,206,136,135
441,207,140,138
439,211,140,137
442,210,137,135
440,214,146,135
436,211,148,131
440,219,146,131
442,216,140,134
442,216,144,135
444,218,144,132
443,216,142,134
442,220,147,136
440,219,148,133
444,223,146,131
450,219,136,134
445,216,145,138
443,220,152,133
440,224,152,133
445,219,154,129
447,214,147,137
447,219,150,135
446,221,150,138
445,212,147,143
442,212,148,143
440,213,144,135
436,212,144,140
432,208,141,134
429,211,139,134
421,211,140,131
411,208,140,131
408,210,135,129
401,206,132,127
390,207,133,130
384,204,130,128
375,207,135,125
377,204,126,125
371,202,126,125
366,199,119,128
356,201,124,121
355,197,120,123
353,200,118,121
346,196,115,126
348,196,116,114
350,199,109,122
348,201,114,112
347,198,113,120
351,195,116,119
353,199,113,113
356,191,114,118
363,186,109,118
359,187,112,119
366,187,109,112
365,188,114,110
367,185,112,115
372,185,114,109
378,180,115,108
390,176,110,109
404,173,96,111
418,172,92,108
434,170,76,108
429,167,82,107
421,165,93,95
411,162,110,95
413,159,110,87
425,158,98,80
428,156,97,73
428,156,97,73
428,156,97,73
428,156,97,73
428,156,97,73
428,156,97,73
428,156,97,73
428,156,97,73
428,156,97,73
444,143,117,83
444,143,117,83
444,143,117,83
444,143,117,83
444,143,117,83
444,143,117,83
444,143,117,83
444,143,117,83
444,143,117,83
444,143,117,83
444,143,117,83
444,143,117,83
444,143,117,83
444,143,117,83
444,143,117,83
444,143,117,83
444,143,117,83
444,143,117,83
444,143,117,83
444,143,117,83
444,143,117,83
444,143,117,83
444,143,117,83
444,143,117,83
444,143,117,83
444,143,117,83
444,143,117,83
444,143,117,83
444,143,117,83
444,143,117,83
444,143,117,83
444,143,117,83
444,143,117,83
444,143,117,83
444,143,117,83
444,143,117,83
444,143,117,83
444,143,117,83
444,143,117,83
444,143,117,83
444,143,117,83
444,143,117,83
444,143,117,83
444,143,117,83
444,143,117,83
444,143,117,83
444,143,117,83
444,143,117,83
444,143,117,83
444,143,117,83
444,143,117,83
444,143,117,83
444,143,117,83
444,143,117,83
444,143,117,83
444,143,117,83
444,143,117,83
444,143,117,83
444,143,117,83
444,143,117,83
444,143,117,83
444,143,117,83
444,143,117,83
444,143,117,83
444,143,117,83
444,143,117,83
444,143,117,83
444,143,117,83
444,143,117,83
309,189,109,103
308,180,100,115
310,169,91,134
298,163,105,134
297,162,95,149
290,175,97,147
282,175,97,151
277,179,101,149
267,176,107,128
266,178,101,124
257,178,97,129
249,179,96,124
247,179,99,129
242,182,97,122
234,184,102,123
231,187,96,119
224,190,95,113
224,190,92,114
219,195,95,105
218,196,92,106
211,195,96,106
210,188,81,113
212,185,73,118
209,184,85,119
205,183,94,118
201,182,104,113
202,179,103,101
200,186,108,103
201,183,104,95
194,187,109,75
197,186,104,64
202,188,92,72
195,187,95,72
195,185,97,67
191,186,99,61
184,183,103,57
181,184,103,65
180,184,102,51
179,181,100,60
178,183,102,68
166,175,109,67
169,182,101,69
172,184,94,49
172,184,89,37
160,201,93,30
165,189,92,38
157,186,93,27
157,193,85,30
147,185,96,32
145,177,101,41
141,183,106,39
136,179,102,33
128,173,105,38
132,177,106,45
141,188,99,52
144,180,97,53
143,184,100,67
167,176,97,65
173,178,92,55
181,176,87,47
185,179,92,48
190,176,90,40
192,174,97,40
196,170,98,41
202,165,92,41
205,162,93,40
208,161,95,41
209,159,91,38
213,156,88,34
216,153,85,31
214,150,84,28
206,145,75,26
205,142,69,25
191,196,74,32
186,192,72,40
183,190,80,53
192,187,86,65
182,183,100,74
175,182,104,76
175,184,105,77
175,180,105,84
181,169,96,97
174,162,105,113
170,169,106,111
168,170,110,111
163,172,106,114
163,174,114,113
161,171,111,114
162,171,112,116
162,174,112,108
160,171,113,113
160,168,115,114
165,169,109,113
163,166,111,115
167,164,111,114
165,161,113,117
168,161,113,116
169,160,114,117
174,161,118,120
183,164,114,117
180,167,115,119
180,171,121,122
182,170,126,122
188,174,125,122
188,175,127,126
195,174,123,131
197,176,129,130
199,176,131,134
205,178,127,132
209,178,127,135
213,183,133,134
221,185,130,133
225,191,134,130
227,191,135,134
232,196,135,128
243,191,124,136
245,194,131,134
254,200,133,127
256,199,129,130
254,199,135,127
260,201,133,124
263,194,142,126
266,186,146,130
266,181,143,137
276,182,137,128
276,176,144,135
280,171,146,138
280,179,144,125
290,182,142,128
299,179,136,127
300,171,140,134
294,172,153,125
311,164,140,129
315,166,130,129
312,159,141,135
321,159,137,127
318,162,142,133
330,160,136,123
334,165,136,127
332,159,138,122
335,156,138,129
341,155,132,135
349,152,127,131
345,157,136,131
345,148,141,136
352,152,131,136
353,150,138,133
350,149,141,135
352,151,140,146
360,153,143,135
362,148,135,143
362,143,143,142
366,150,133,138
371,146,137,140
367,153,134,142
376,146,131,142
375,155,128,139
389,156,123,140
385,149,128,139
375,154,138,142
382,148,129,140
390,155,126,143
375,150,136,143
382,152,138,142
380,159,135,138
370,161,146,138
373,155,139,141
374,156,145,144
376,160,144,135
378,160,137,145
380,151,136,139
375,160,144,134
373,160,139,141
371,154,143,140
375,157,136,143
373,155,141,142
372,158,139,141
373,158,131,140
371,158,138,144
360,163,143,140
365,158,135,138
366,151,138,140
357,156,140,140
356,156,136,144
355,157,136,135
349,156,138,145
358,152,140,136
357,146,135,137
358,144,140,143
370,146,135,139
382,143,124,146
371,150,134,134
373,151,145,144
365,154,148,136
377,158,140,139
365,163,146,143
361,170,149,147
359,176,143,141
355,174,138,147
363,179,130,147
348,180,141,144
332,182,152,141
331,180,148,143
328,174,157,146
324,172,154,146
316,177,155,149
317,174,152,142
321,164,153,150
319,170,157,155
319,170,163,156
322,172,163,157
327,176,158,158
326,177,163,161
336,181,158,163
333,188,160,158
334,190,161,163
331,200,165,156
330,200,166,156
332,206,159,153
324,212,169,145
313,211,180,146
325,213,163,143
331,218,157,144
323,212,155,140
323,218,169,142
318,214,176,138
313,210,181,145
315,210,180,139
316,216,182,144
317,206,179,139
319,214,178,142
316,208,186,150
319,205,186,153
317,210,192,158
321,215,184,135
321,213,189,148
328,208,183,153
321,216,190,137
330,222,187,140
326,223,193,143
326,228,196,136
325,235,197,125
329,236,195,123
331,235,199,125
340,242,188,115
342,246,186,115
337,245,196,114
336,247,194,110
344,245,186,115
338,243,187,114
340,246,192,114
339,241,188,118
338,238,187,118
331,240,196,118
335,242,191,115
333,241,196,117
333,244,195,116
338,244,190,116
337,246,192,113
343,246,186,111
340,244,191,115
341,245,187,113
341,246,188,113
340,248,181,111
354,242,164,116
342,240,174,121
331,242,180,117
340,239,170,121
332,239,171,120
345,235,155,119
331,243,164,115
327,244,162,120
321,242,166,123
329,243,154,111
318,245,160,118
321,238,155,116
318,245,147,113
315,241,146,116
309,248,148,109
303,240,146,113
295,237,148,121
294,232,147,123
305,233,134,121
295,229,142,130
292,226,138,128
295,224,132,134
279,222,144,136
284,221,143,136
282,221,137,136
283,220,136,129
282,219,136,138
287,216,126,134
286,220,129,132
288,216,129,134
291,215,124,132
285,209,128,130
289,214,121,130
276,209,136,130
286,212,123,139
281,209,126,136
288,213,115,125
280,209,120,129
281,209,116,128
274,207,118,131
263,209,127,127
258,208,127,125
263,205,122,123
261,201,119,126
268,200,112,119
259,197,118,126
257,204,122,123
253,199,123,125
257,196,126,122
262,194,113,122
260,202,118,118
262,197,124,118
269,195,114,121
276,194,108,116
283,187,108,117
279,188,112,116
283,191,114,117
287,188,111,115
294,193,103,110
302,190,101,113
303,185,112,117
310,185,115,110
316,182,104,111
318,176,107,112
323,181,106,107
325,182,105,107
320,188,110,104
325,184,107,120
321,187,109,111
320,179,112,110
328,184,107,112
320,178,109,115
312,181,117,109
314,183,110,107
316,189,108,108
312,189,111,110
315,195,113,110
309,190,113,116
314,200,106,109
311,199,109,115
310,202,108,119
310,203,108,121
309,210,114,121
311,214,102,121
301,218,109,125
297,226,119,123
304,221,109,125
293,229,119,121
297,233,117,121
298,226,115,127
284,231,131,122
299,235,118,130
284,239,132,123
291,242,130,116
297,249,122,107
293,249,125,108
298,251,122,103
293,259,132,102
304,254,124,99
294,265,137,98
292,263,139,92
290,267,146,98
288,265,150,94
291,262,150,97
303,258,144,101
305,253,145,106
319,246,132,110
319,242,138,113
318,237,145,117
319,234,142,125
324,235,140,117
318,237,145,120
317,239,142,120
308,240,153,116
314,239,143,118
303,243,154,114
300,247,159,116
297,240,159,114
299,248,159,116
298,247,161,111
294,250,165,112
298,249,158,110
293,255,163,106
292,257,165,104
299,257,159,97
299,263,158,101
296,261,164,99
300,264,157,94
296,263,162,97
295,264,164,91
291,263,169,99
308,262,153,93
292,267,170,94
294,267,168,91
298,267,168,93
306,267,162,90
309,266,158,92
298,258,170,102
299,259,164,102
301,252,157,105
300,256,160,106
292,254,170,106
296,258,166,104
290,255,174,103
296,256,167,103
298,246,160,108
296,252,165,108
307,250,153,103
298,256,163,106
302,251,162,102
306,255,157,116
304,251,158,108
308,247,156,104
302,252,160,105
302,244,154,111
305,242,148,115
305,242,145,112
306,242,138,116
303,241,145,114
302,243,141,114
304,243,138,113
306,244,133,114
305,247,134,111
305,247,132,108
314,242,123,110
322,249,115,103
321,250,111,106
315,251,108,106
317,251,111,104
318,255,108,102
310,250,115,106
305,245,118,112
310,244,114,111
305,243,120,115
314,238,116,119
303,238,123,117
311,237,110,116
299,247,116,112
305,247,109,110
313,247,98,106
303,249,106,106
295,242,111,115
292,245,110,110
303,240,103,112
294,237,108,116
303,236,105,109
300,233,104,111
308,230,101,112
324,236,86,112
313,236,99,111
313,233,99,111
314,230,103,110
321,228,97,105
315,223,98,106
322,218,92,105
312,208,98,110
305,210,102,103
307,204,96,106
306,201,95,107
296,196,106,107
298,201,102,100
305,195,99,107
302,192,98,107
309,189,96,105
312,188,97,107
312,187,95,102
313,186,97,104
309,184,101,102
310,185,97,106
311,180,101,105
317,183,91,105
312,186,97,102
309,182,102,107
307,183,102,101
306,179,102,104
309,178,95,101
311,178,94,102
311,175,95,105
313,175,91,102
310,171,95,105
314,176,91,103
308,173,98,103
315,173,94,104
311,172,98,103
313,175,94,103
311,176,98,102
312,174,98,106
317,173,96,102
318,176,93,105
313,172,99,100
321,173,96,105
321,169,93,104
323,173,93,103
325,173,95,112
326,174,91,102
324,177,96,106
321,179,97,99
323,180,98,106
329,186,92,100
324,185,99,102
332,189,90,106
332,197,98,106
338,199,91,104
334,205,97,109
331,209,99,106
326,213,107,110
329,219,99,113
323,227,100,107
331,227,91,109
332,228,92,108
338,226,86,108
328,230,100,108
333,230,102,111
336,231,97,108
343,233,95,112
337,234,100,110
347,235,95,106
349,240,98,110
346,242,98,106
346,239,102,111
352,243,99,111
350,241,105,111
353,243,103,111
362,245,94,105
366,241,95,111
358,235,104,113
363,232,107,117
365,233,114,115
364,230,112,118
376,229,114,115
376,231,110,113
385,224,109,120
391,225,111,120
386,222,113,121
392,221,115,119
395,216,117,125
397,219,119,114
399,220,119,122
396,211,120,123
403,219,122,118
396,212,125,127
402,210,132,125
406,212,123,128
399,212,131,125
401,203,129,130
402,206,130,136
409,206,121,129
402,209,124,138
403,209,123,129
394,204,127,140
383,209,136,134
388,213,135,126
385,209,133,133
385,211,134,129
370,206,142,136
376,204,137,136
366,211,140,136
361,213,142,137
356,206,144,136
356,213,143,140
342,211,152,135
345,207,151,137
336,200,148,140
340,210,146,136
341,203,145,139
333,193,147,141
336,208,146,136
332,195,152,139
327,201,155,143
327,191,150,143
325,200,161,144
320,191,162,144
327,202,159,146
323,200,159,141
326,203,157,145
329,198,155,141
335,203,151,147
329,211,158,143
333,210,155,143
325,217,153,141
317,209,153,146
313,217,149,138
295,222,157,136
281,230,159,133
272,222,161,136
289,229,132,130
275,228,132,129
259,229,140,130
248,239,142,121
234,244,150,110
222,254,159,99
215,258,168,96
217,265,158,87
216,271,160,84
215,272,157,84
217,276,153,78
221,275,148,79
220,273,150,76
219,270,146,81
216,264,147,86
213,261,143,87
209,259,152,96
212,256,143,101
214,251,139,104
218,250,135,107
215,243,133,116
201,237,144,121
203,236,137,123
204,224,132,129
199,232,139,121
192,223,146,131
190,223,143,135
186,215,149,135
191,215,143,136
195,210,135,130
196,196,128,134
195,196,125,129
194,187,128,131
193,189,128,127
199,174,122,132
198,177,119,126
200,183,119,114
201,173,120,114
205,172,114,115
204,177,113,112
201,181,113,111
202,186,109,105
196,192,106,102
192,185,109,111
190,187,107,106
197,186,105,107
193,188,110,107
201,190,110,106
192,191,118,96
192,188,123,103
198,189,111,97
200,190,111,95
202,182,107,99
204,183,106,102
207,185,107,97
204,181,111,98
212,179,103,103
215,178,102,101
214,181,100,102
218,181,99,100
220,181,95,100
220,181,100,104
219,183,98,103
222,184,98,102
222,184,96,103
225,186,95,101
228,186,91,100
231,190,94,96
230,187,92,101
233,187,93,101
235,187,92,101
238,190,88,100
238,190,91,99
240,194,89,99
240,190,95,99
246,191,87,100
249,198,91,99
249,199,89,102
247,198,93,103
249,201,91,101
247,205,95,102
248,201,94,100
245,207,90,102
245,204,93,99
240,210,93,100
243,206,90,100
237,210,91,98
232,211,96,96
234,211,92,94
228,212,92,97
228,208,92,95
223,211,94,101
219,206,97,97
218,211,92,103
217,202,94,102
214,210,96,107
216,203,94,106
217,210,90,105
218,210,95,99
217,211,92,101
216,213,93,102
214,215,97,99
214,215,98,99
214,216,95,98
214,209,94,103
214,209,93,103
214,212,92,98
214,210,91,98
212,210,93,98
211,208,91,98
210,208,91,97
207,206,90,98
205,209,94,92
202,205,95,98
202,207,94,95
202,206,85,95
196,204,94,92
197,202,89,95
197,201,92,95
196,200,92,96
195,200,89,96
193,200,90,98
197,203,81,96
195,204,85,93
195,206,86,96
197,206,84,96
200,207,79,92
203,205,79,94
204,206,77,92
210,205,78,91
222,204,74,92
235,203,72,89
238,195,79,89
241,185,75,90
242,179,76,87
247,170,75,90
243,153,82,96
238,147,82,89
235,141,77,88
231,135,81,89
225,129,90,89
217,120,96,88
211,119,87,86
205,115,80,88
200,111,86,89
196,109,83,88
191,104,92,87
188,96,90,90
184,90,85,90
184,92,97,88
180,90,93,88
180,93,93,88
181,90,94,90
183,86,95,88
185,83,100,87
190,75,95,91
193,71,99,86
197,67,92,88
201,65,94,87
204,62,96,86
207,57,96,88
209,57,93,88
211,57,95,86
212,54,91,88
212,51,90,86
211,49,93,88
213,45,91,88
212,42,89,88
212,42,87,89
212,41,85,91
213,44,87,88
210,45,89,88
210,47,88,87
213,48,78,92
214,54,86,88
215,55,88,87
212,55,84,91
212,61,73,91
208,61,77,90
206,63,78,94
205,65,79,90
205,70,75,90
203,72,78,92
202,75,79,89
200,75,78,82
199,73,78,87
200,70,75,84
203,63,75,81
207,57,73,82
211,54,73,82
211,57,73,76
208,58,76,78
207,61,75,80
208,62,74,77
211,66,77,75
212,68,76,74
215,67,74,77
218,64,74,77
218,64,73,74
224,57,72,73
229,50,72,74
237,40,72,73
243,26,74,77
246,24,72,75
254,10,72,76
260,2,70,76
263,-2,75,73
275,1,68,59
281,2,65,55
290,1,64,55
295,1,66,60
305,2,65,62
312,2,66,65
314,2,67,65
319,2,66,68
321,3,69,69
328,5,66,67
333,3,64,66
331,5,66,66
334,4,67,68
337,7,67,64
340,3,68,68
343,5,65,66
346,4,66,66
347,3,67,65
349,1,67,65
349,2,66,61
350,1,68,57
349,2,67,55
351,0,66,54
350,-1,67,51
349,-1,70,46
349,1,68,40
347,2,70,39
345,0,68,35
340,1,70,33
337,2,65,30
330,2,62,30
328,2,58,28
316,2,64,33
310,0,73,43
298,2,76,46
286,2,80,55
281,1,82,62
269,2,82,70
259,9,82,74
253,21,78,75
249,31,78,81
250,34,74,80
246,41,74,79
244,48,74,75
241,51,74,77
240,58,75,74
239,57,72,75
237,61,73,73
235,63,72,71
231,65,73,73
227,69,76,71
228,70,74,70
226,71,73,73
221,72,72,73
216,73,72,71
212,75,71,70
212,77,69,69
205,75,73,71
197,76,74,69
192,78,72,70
182,80,76,68
173,79,77,69
160,77,83,71
155,74,77,72
145,74,79,71
137,73,78,71
128,68,79,75
124,66,76,77
118,63,73,76
112,63,78,73
109,60,76,75
107,59,72,70
100,53,78,75
99,53,76,75
97,53,73,74
95,54,76,76
92,56,77,76
90,61,75,77
83,67,77,78
82,78,77,80
81,87,73,75
76,92,75,76
72,96,75,76
69,101,75,72
65,106,75,71
61,107,72,75
56,109,72,75
49,114,73,69
43,115,74,69
39,117,73,71
37,117,71,71
33,119,69,68
26,122,73,65
22,121,72,66
14,119,76,68
7,121,78,69
6,120,73,70
3,118,73,70
2,117,70,69
1,117,69,71
3,118,66,69
1,115,65,72
1,116,60,73
0,121,57,72
0,127,59,72
-2,131,53,74
-3,132,46,76
-1,137,39,72
0,139,34,70
-1,139,33,71
0,139,32,72
-1,139,34,73
-1,139,36,76
-2,140,37,75
-1,140,39,78
-3,143,45,76
0,145,47,76
0,148,50,75
1,151,55,78
0,152,62,81
0,152,68,86
0,153,68,86
0,152,73,87
1,152,76,87
2,151,80,91
2,152,85,95
4,151,87,98
0,154,95,99
2,158,94,100
4,165,96,98
7,173,96,101
8,174,95,97
13,178,97,101
5,183,106,96
5,185,112,105
2,185,114,104
5,186,114,103
7,185,112,108
10,186,114,109
11,188,120,112
14,184,124,111
19,184,119,113
25,182,117,118
34,182,110,118
41,185,107,115
47,181,102,118
50,179,104,121
52,173,107,122
51,171,111,125
58,174,112,124
61,173,116,123
59,172,119,120
65,172,117,122
63,169,124,123
69,175,127,122
71,172,128,120
75,170,129,127
80,159,120,125
88,174,122,122
89,167,122,123
101,161,116,125
100,171,115,113
107,164,116,120
111,164,112,112
114,170,109,111
121,153,109,125
119,143,113,131
125,153,109,124
132,160,106,111
136,154,107,113
142,154,106,117
143,153,105,114
151,150,104,114
157,146,103,113
167,147,104,115
177,153,99,105
177,152,102,105
184,156,100,103
190,153,97,104
200,158,92,104
209,153,90,101
207,152,93,102
216,152,90,97
221,150,86,93
228,147,82,95
235,144,79,96
236,142,80,97
238,136,80,99
242,143,75,94
246,140,69,92
249,143,65,94
249,137,64,93
255,138,59,94
262,138,49,93
264,139,46,94
268,135,41,93
272,134,42,95
286,132,56,92
281,128,67,97
281,125,88,97
283,120,94,101
282,114,92,112
281,114,100,132
282,120,100,139
283,123,101,139
282,121,101,140
281,127,105,130
275,126,110,135
278,130,115,115
274,130,121,109
275,128,124,98
275,125,127,99
268,120,135,104
265,119,141,103
260,118,149,104
251,117,162,110
283,125,141,95
271,119,145,109
317,125,110,90
326,125,95,90
332,125,94,90
339,123,89,91
341,123,92,95
344,122,94,92
348,121,90,95
350,122,95,92
353,123,98,91
359,118,96,89
363,118,93,94
372,109,91,92
372,111,94,97
378,112,92,96
383,112,94,90
386,109,94,97
391,110,94,94
394,110,96,95
398,113,96,96
402,115,99,91
404,117,102,95
407,119,100,95
415,116,98,95
419,119,100,94
426,119,98,97
430,121,99,99
435,126,96,94
438,127,96,95
436,132,101,96
441,129,100,94
442,135,96,92
442,132,94,93
436,137,96,96
433,137,96,95
424,138,102,94
419,141,100,95
418,140,102,97
410,138,105,94
409,134,105,104
408,137,99,96
408,142,95,100
405,147,102,91
403,140,103,98
404,141,103,96
409,142,99,99
409,147,98,92
407,144,104,91
408,140,103,97
407,142,104,93
410,138,101,96
408,139,104,97
407,140,105,93
410,139,103,94
410,136,100,93
409,138,102,93
409,136,103,98
410,137,99,99
409,137,100,93
410,138,98,92
410,132,101,95
408,132,101,98
406,133,103,95
408,131,103,96
406,132,102,92
405,132,104,92
407,128,101,98
408,131,94,89
408,124,97,91
404,125,102,94
405,118,98,95
404,124,99,101
406,121,97,89
407,118,93,95
405,123,98,92
403,120,102,93
405,121,99,92
406,121,100,93
408,118,96,89
407,119,99,97
407,118,99,92
411,121,98,94
410,118,96,89
407,117,104,94
409,115,102,91
406,115,105,90
407,114,104,90
409,110,100,89
413,114,97,93
417,109,93,90
410,108,102,95
410,111,99,94
405,115,103,97
403,120,102,96
404,120,102,92
400,122,104,95
398,127,103,97
397,128,97,95
394,137,103,95
394,139,101,92
398,138,99,97
398,143,98,91
399,144,97,94
398,145,100,93
402,142,94,94
399,151,97,96
397,149,101,91
399,153,96,101
398,154,96,91
397,161,96,94
394,162,94,87
392,165,95,93
388,164,98,90
388,162,96,86
386,160,93,85
379,147,98,92
380,143,93,86
373,147,96,89
374,142,91,84
369,139,93,87
368,129,96,90
368,133,90,89
370,124,89,89
367,121,91,83
368,121,89,82
364,114,96,89
363,113,93,85
367,110,92,84
368,109,94,90
371,107,95,86
375,102,92,88
377,99,97,88
381,98,98,90
388,93,97,91
395,96,91,85
400,91,97,87
403,88,100,93
410,90,99,91
412,93,102,89
419,97,99,91
421,98,99,90
424,103,101,93
428,105,98,90
429,108,101,91
434,107,102,91
435,110,99,91
440,108,102,93
443,109,103,93
446,109,101,93
450,112,102,93
451,119,101,90
450,119,100,91
450,121,104,94
451,123,102,92
454,124,99,93
453,128,100,92
448,128,103,91
450,128,103,92
451,129,100,96
450,133,100,90
449,133,99,94
447,129,99,90
448,133,102,91
444,134,100,94
445,138,100,95
444,143,101,92
443,144,99,96
440,148,100,93
446,157,99,90
443,152,102,94
441,153,100,101
441,155,98,91
439,160,101,93
440,161,99,91
438,158,100,85
437,156,101,90
438,153,96,88
431,149,101,86
431,144,98,89
428,140,96,97
423,142,99,89
422,141,99,94
422,138,100,92
422,143,96,92
420,148,100,102
417,150,101,95
418,156,98,94
421,161,97,92
424,168,97,101
425,173,98,96
426,173,98,102
428,185,105,90
432,186,99,96
434,192,102,94
439,193,98,98
439,196,98,94
443,201,101,91
446,199,102,95
443,199,102,88
448,199,98,95
449,200,94,90
445,195,98,94
437,203,100,92
432,202,98,88
424,203,98,87
422,201,97,89
414,195,96,90
403,195,102,86
395,192,97,86
385,187,95,83
383,182,92,84
369,177,94,81
362,174,91,84
356,171,90,81
349,169,89,79
346,167,91,81
341,162,84,82
337,159,86,79
333,154,84,79
328,148,85,81
328,151,84,82
325,143,85,85
319,144,88,79
314,145,82,77
304,142,86,78
305,140,80,80
295,145,83,75
289,142,83,78
284,142,82,71
281,139,82,75
281,135,80,78
282,134,76,77
280,135,78,77
285,133,76,79
285,131,78,79
284,132,80,81
289,133,81,77
294,135,82,80
296,137,80,76
301,140,82,79
308,141,79,80
308,150,80,78
312,149,77,77
310,152,78,76
312,157,79,80
311,161,81,78
312,167,78,76
310,168,78,82
308,178,78,78
301,185,82,80
300,193,77,81
299,196,82,83
304,201,81,84
302,207,80,82
300,208,80,79
300,211,79,77
302,206,78,77
299,210,79,81
297,210,79,77
299,210,80,84
300,220,78,80
297,224,79,78
292,226,78,77
283,228,76,81
273,230,79,80
265,237,80,81
254,238,75,83
240,240,79,88
236,247,75,91
228,254,79,82
223,257,79,88
217,265,81,84
215,268,80,85
219,271,77,83
223,275,77,85
225,269,77,85
220,266,79,83
223,258,69,82
220,249,68,82
221,241,70,83
220,232,71,81
215,225,77,83
215,218,80,80
216,214,82,78
212,207,79,79
209,205,79,78
212,200,73,80
207,200,76,80
206,198,74,79
201,196,75,82
200,195,74,79
195,191,79,76
190,187,78,81
190,184,76,84
190,179,79,85
190,183,79,80
188,184,78,79
191,180,74,84
193,184,72,80
191,180,79,82
194,185,75,79
195,184,74,80
196,183,77,80
196,179,78,81
197,176,75,83
200,179,71,84
200,180,72,76
200,175,71,80
200,175,67,81
201,175,62,80
200,174,65,83
198,176,66,80
195,175,71,84
192,177,70,81
197,179,64,79
202,180,58,78
207,177,51,80
208,174,49,81
208,172,47,81
207,172,47,78
208,172,45,80
206,166,46,83
213,170,40,75
217,168,33,72
201,155,45,77
206,161,41,73
185,152,48,69
178,157,63,65
170,155,71,74
158,156,79,73
151,157,87,73
144,153,88,72
140,153,91,74
137,153,89,77
132,152,84,82
132,152,88,85
126,153,89,78
120,153,92,79
117,154,88,77
109,151,88,79
111,150,89,85
105,146,92,84
101,145,92,81
98,142,95,79
93,139,95,79
91,138,91,79
86,139,95,82
86,138,92,84
83,139,90,76
76,139,89,81
72,138,94,79
69,142,90,82
63,143,92,77
57,144,96,80
55,145,96,79
55,143,95,80
56,143,96,79
55,142,95,80
56,138,92,80
59,139,95,78
58,140,97,79
66,144,90,76
77,145,89,78
90,146,85,75
106,146,78,74
107,147,91,70
123,143,81,74
132,143,87,74
144,139,82,73
153,137,85,72
157,135,79,72
167,134,79,73
178,134,77,71
187,133,74,73
200,134,71,73
199,135,75,72
212,137,70,71
219,137,65,70
221,139,68,69
226,136,68,71
234,135,72,74
239,136,68,74
239,138,76,77
244,142,73,80
249,149,71,78
254,151,71,76
258,149,76,80
267,150,76,78
274,148,73,78
290,148,72,70
303,141,75,72
319,138,77,66
336,124,74,73
350,115,74,75
363,106,75,74
375,96,76,78
387,90,74,78
393,83,74,77
401,82,77,76
406,82,79,79
418,79,76,84
422,85,80,74
429,83,81,82
441,88,77,78
445,89,79,80
449,92,76,80
450,95,79,81
449,101,83,80
452,105,79,80
452,110,79,83
454,116,82,84
453,124,84,78
452,127,83,74
449,127,84,76
446,127,85,76
449,129,79,78
441,130,83,81
437,136,82,75
431,137,80,77
425,139,81,73
420,138,81,75
416,138,78,72
409,136,80,74
411,135,80,72
408,132,76,74
399,129,76,76
385,134,80,73
371,136,79,78
351,148,77,79
335,161,74,82
312,174,77,78
287,185,79,76
272,195,71,74
260,200,68,74
232,204,69,76
209,209,77,81
194,215,77,83
176,223,77,88
159,231,75,92
146,240,77,96
132,251,86,94
128,253,84,94
124,260,84,91
115,268,85,89
108,270,88,86
107,270,86,83
105,269,87,86
99,264,90,88
96,262,91,84
87,250,93,91
77,242,95,89
75,238,94,90
68,231,91,87
62,228,94,84
60,220,93,86
62,215,94,85
59,216,98,85
59,214,100,83
60,215,97,85
60,215,95,85
56,216,98,83
58,217,97,85
58,215,98,86
56,214,101,82
57,209,97,81
51,203,102,83
53,199,99,87
52,195,97,82
52,187,97,85
52,176,96,83
53,168,97,80
53,162,94,86
50,153,97,88
48,151,99,82
50,147,97,82
49,141,97,80
52,139,95,82
56,132,95,85
60,129,91,83
64,128,92,79
67,130,95,79
69,129,89,77
71,131,89,81
77,135,88,76
79,139,85,82
82,143,86,79
84,145,85,74
89,147,88,73
97,149,86,72
109,150,83,71
118,151,80,71
116,149,82,73
125,145,79,74
131,146,77,71
134,144,79,72
139,145,77,70
139,145,79,69
144,146,76,68
147,146,76,71
154,148,75,73
159,153,77,75
162,154,75,71
170,159,76,66
175,159,73,66
184,156,70,67
187,154,74,66
189,153,76,67
194,149,72,69
202,146,68,69
207,146,68,66
213,144,68,64
214,142,72,65
225,138,68,67
232,131,66,70
236,130,70,66
249,128,66,68
257,134,68,72
262,143,66,70
269,149,62,71
263,156,64,68
265,161,60,68
260,166,65,68
262,166,64,67
266,167,64,65
269,167,65,64
274,167,63,67
272,169,67,67
277,174,65,68
278,180,67,68
275,185,65,68
275,193,60,69
275,201,62,70
270,207,64,70
268,211,67,71
271,213,64,69
271,214,66,65
271,213,64,66
276,208,63,67
280,205,61,66
278,200,64,68
280,198,65,65
283,192,64,68
285,192,65,67
281,193,66,66
281,190,67,67
281,189,70,67
286,188,65,70
285,191,66,66
288,191,66,67
286,192,63,63
286,193,66,67
283,195,67,68
287,197,66,69
284,198,68,67
281,198,64,65
277,196,67,67
281,197,65,65
275,197,67,63
280,197,64,64
276,195,66,67
278,196,67,67
285,197,62,66
280,196,66,66
282,194,66,67
281,197,67,65
287,195,67,65
282,192,69,68
287,193,67,64
285,192,66,69
292,193,62,64
290,192,66,66
293,191,63,66
289,191,67,67
292,191,67,65
292,191,65,65
298,191,63,65
294,191,65,65
299,192,65,63
303,190,66,66
305,190,66,68
308,189,68,69
310,191,67,66
314,191,68,65
321,192,65,68
324,193,66,68
332,195,66,65
336,195,63,66
342,195,63,70
346,198,65,67
350,201,66,70
354,204,62,68
350,204,67,69
352,210,65,65
