369,261,48,41
368,261,48,39
367,261,48,39
364,262,49,38
362,260,48,39
356,258,49,41
351,255,47,44
344,252,48,50
343,247,40,52
343,247,40,52
338,239,34,39
334,230,40,38
327,219,46,41
324,206,49,49
325,205,50,47
327,204,52,43
332,203,48,44
337,206,48,40
339,202,53,40
344,189,50,52
345,187,54,52
347,181,52,52
348,183,53,53
351,183,46,50
353,185,42,54
354,191,44,52
355,198,48,50
357,205,48,49
360,212,48,46
360,215,51,50
363,220,52,53
373,229,46,49
377,234,46,48
380,237,47,48
379,237,50,50
379,239,52,52
378,240,54,52
377,241,56,52
378,243,57,53
383,249,50,46
384,246,53,49
384,250,53,45
382,252,54,43
382,246,55,49
382,250,54,45
384,252,54,42
386,253,51,44
386,253,52,44
386,252,53,47
387,255,49,44
390,256,47,43
391,260,49,42
395,259,47,40
396,262,45,38
395,261,47,39
395,259,47,41
396,261,45,39
395,260,46,40
395,261,47,39
395,263,44,37
392,262,45,38
391,261,45,38
387,261,44,39
383,247,47,47
381,228,48,57
386,225,49,51
390,212,51,53
394,201,53,48
406,192,50,50
409,182,54,48
409,173,58,47
413,167,54,47
421,164,47,45
420,161,46,44
418,158,45,43
416,156,45,43
414,152,47,43
413,147,50,46
410,145,52,47
410,143,51,48
406,146,54,46
403,146,54,48
397,147,58,49
396,149,55,47
391,151,55,49
379,152,61,50
375,153,58,49
371,154,56,50
366,152,51,48
356,153,53,49
350,153,53,49
345,155,54,47
341,155,55,49
339,156,55,50
341,158,54,48
341,161,54,46
342,162,56,48
344,163,54,48
352,165,50,46
357,163,50,49
365,165,53,46
376,166,50,45
387,166,54,48
399,169,53,50
415,173,53,50
427,184,58,50
443,193,60,47
470,200,64,48
488,205,62,43
518,203,62,46
542,201,58,43
543,199,66,44
564,196,64,42
565,194,66,44
583,191,57,38
602,183,48,43
602,183,48,43
602,183,48,43
602,183,48,43
602,183,48,43
602,183,48,43
602,183,48,43
602,183,48,43
602,183,48,43
602,183,48,43
602,183,48,43
602,183,48,43
602,183,48,43
602,183,48,43
602,183,48,43
602,183,48,43
602,183,48,43
611,193,44,44
599,199,41,41
569,205,53,36
538,201,52,42
515,197,54,47
482,194,62,49
451,190,61,45
432,182,54,47
408,177,57,44
382,168,58,42
367,161,59,42
354,157,49,42
338,151,53,43
328,143,54,49
322,143,47,41
322,141,47,45
321,137,50,47
322,139,53,48
325,139,55,48
332,139,57,51
349,141,51,48
362,142,48,46
379,145,48,45
399,150,50,42
417,154,52,40
433,154,57,45
449,155,64,47
471,156,66,49
489,160,68,50
511,159,67,53
534,160,67,52
555,162,66,47
576,159,60,50
594,158,46,53
604,164,39,49
611,168,36,42
617,168,32,38
617,168,32,38
617,168,32,38
617,168,32,38
617,168,32,38
617,168,32,38
617,168,32,38
615,189,32,47
606,189,35,52
595,193,42,52
580,197,52,52
557,209,60,43
534,213,68,47
514,218,70,49
496,220,69,53
474,222,76,52
453,225,79,53
434,229,78,51
421,234,70,50
410,237,59,43
396,237,54,48
380,236,59,51
367,238,56,51
360,238,52,50
354,239,49,49
347,241,47,46
339,243,50,46
337,243,49,45
333,240,52,49
332,238,54,50
334,237,53,48
336,237,52,45
338,239,49,42
346,237,46,44
353,236,45,44
362,233,45,44
373,232,45,42
384,229,47,44
392,230,50,41
401,231,56,40
411,232,58,42
423,232,58,40
434,231,60,42
448,229,62,45
461,230,61,47
474,230,58,47
488,229,54,48
499,229,55,45
507,228,58,45
512,227,61,46
517,226,64,48
517,221,73,53
520,219,71,56
521,220,72,54
523,220,68,56
526,225,58,48
522,227,58,48
521,231,50,47
512,234,55,47
502,234,57,46
494,234,57,48
482,234,61,49
473,235,60,44
463,235,61,43
454,237,60,45
453,235,58,43
446,234,59,46
443,236,60,45
435,237,60,46
430,236,54,48
425,236,50,47
421,234,47,46
416,232,44,47
415,230,39,45
410,227,42,44
406,223,46,47
402,221,50,47
396,219,57,51
394,218,57,49
397,218,55,46
399,218,56,46
400,218,56,46
405,217,54,48
414,216,49,48
424,219,43,46
432,220,46,49
438,224,51,48
443,229,56,47
451,234,60,47
461,238,60,47
470,245,62,43
477,246,65,47
488,245,61,49
495,245,60,51
502,244,59,49
512,243,52,47
518,241,53,48
520,240,56,45
520,238,59,47
515,237,67,48
515,233,68,51
513,233,66,49
511,232,63,47
507,232,62,45
504,229,59,44
501,228,53,42
498,227,46,39
495,223,43,41
490,219,40,39
485,215,41,38
475,212,46,37
468,208,50,40
465,206,48,37
460,203,51,40
458,202,51,40
454,199,54,43
452,199,53,44
451,201,52,41
455,202,45,38
457,201,41,40
461,200,38,39
463,200,39,39
464,199,42,40
465,199,45,40
466,200,48,39
468,202,50,38
471,203,50,39
473,205,51,39
477,207,52,40
480,209,53,40
485,209,51,43
491,209,48,44
495,211,47,44
500,211,46,46
504,214,48,46
505,214,51,46
503,213,59,49
502,210,64,55
500,204,68,59
502,201,67,61
497,199,70,62
496,199,68,59
493,196,65,60
488,195,63,59
483,190,62,62
479,191,56,61
478,192,52,53
472,191,52,51
465,190,51,46
458,186,53,47
452,180,54,44
448,174,54,45
445,169,53,42
441,165,51,40
439,160,48,37
437,158,45,34
436,156,43,34
435,157,40,31
434,156,37,32
433,156,33,33
430,156,31,34
426,156,32,34
421,157,35,36
417,158,35,33
413,158,35,31
409,159,35,31
405,160,33,32
397,160,38,34
393,160,37,35
390,161,37,35
388,162,31,35
388,162,31,35
388,162,31,35
388,162,31,35
388,162,31,35
388,162,31,35
388,162,31,35
388,162,31,35
388,162,31,35
388,162,31,35
388,162,31,35
364,138,29,38
366,135,29,38
364,134,32,35
363,133,36,35
370,129,36,38
367,127,42,42
371,124,43,41
372,123,44,41
378,121,46,37
385,113,48,40
393,106,52,41
400,99,58,45
411,95,58,43
424,92,58,44
439,86,53,44
449,81,57,49
461,74,55,59
469,74,61,60
478,77,67,59
490,82,70,60
504,89,69,59
511,90,73,60
518,90,69,65
525,85,62,65
523,76,63,65
521,75,65,63
516,76,67,59
512,76,67,59
507,77,64,59
503,80,62,58
496,84,55,56
484,89,53,53
472,101,54,45
460,106,54,45
449,112,59,44
440,119,56,41
431,122,52,41
424,129,47,40
415,131,42,41
404,134,45,39
396,136,46,37
388,140,47,36
382,140,47,33
382,142,40,32
378,141,34,30
376,141,31,31
374,140,32,31
373,140,33,29
373,138,36,30
371,135,40,32
375,135,37,29
377,132,36,29
380,133,36,29
384,133,34,34
387,135,36,36
393,139,36,36
396,140,44,40
401,144,47,42
408,148,49,38
418,147,50,40
428,143,53,45
441,141,55,46
455,136,50,48
467,130,49,46
476,123,53,48
485,114,58,50
495,100,68,59
507,88,75,60
517,78,74,61
524,71,76,60
535,64,74,63
539,56,74,68
540,54,74,73
538,53,72,75
537,61,75,74
530,71,83,72
524,79,86,71
516,83,83,73
511,90,72,66
498,95,68,64
484,102,62,60
468,105,64,58
456,112,65,56
445,120,59,51
436,125,55,47
429,130,50,41
418,132,46,42
409,136,43,38
400,139,45,35
395,138,46,36
387,139,46,33
382,139,46,33
380,138,43,35
380,137,38,35
378,136,35,37
377,136,34,35
374,136,36,33
373,136,39,34
374,137,41,35
376,136,38,36
380,136,35,37
382,140,34,36
386,141,32,35
390,144,31,35
391,147,35,32
394,148,40,33
399,149,43,36
403,150,47,37
409,151,50,35
417,149,53,38
427,144,54,43
438,139,53,47
449,133,51,48
456,125,53,51
461,117,61,56
472,102,67,67
485,93,68,69
484,80,82,75
493,75,79,72
499,68,78,70
506,67,73,71
509,62,69,73
503,61,71,80
498,62,78,81
491,68,80,81
484,75,78,81
476,83,80,77
477,88,75,71
470,92,75,72
469,98,71,67
464,107,61,62
452,120,56,55
440,130,57,51
426,143,59,45
419,149,56,42
411,152,54,40
407,154,51,38
403,151,44,39
401,150,35,33
397,145,35,38
391,141,36,39
387,139,38,36
384,136,39,36
384,134,39,33
382,131,36,31
382,130,35,32
384,131,30,32
383,134,28,32
382,137,30,30
383,140,33,28
384,142,36,29
383,143,41,32
387,146,40,31
390,147,40,30
396,148,39,35
403,149,37,37
410,148,35,38
416,148,36,38
421,149,38,36
426,148,45,38
431,145,52,44
438,142,58,46
447,137,62,51
456,135,59,51
467,133,57,52
478,132,48,49
482,130,48,49
483,124,51,53
483,120,58,55
480,119,65,54
474,117,71,56
469,120,72,53
462,122,69,51
454,120,71,58
448,123,62,57
432,126,61,56
417,131,62,57
401,138,63,52
385,141,67,53
373,145,64,53
356,147,63,51
346,153,54,46
336,152,46,46
320,151,47,42
307,148,46,45
296,148,43,38
287,138,45,41
279,127,48,47
271,119,52,48
270,106,45,53
263,98,44,50
260,91,47,51
259,85,48,45
261,81,48,44
262,75,44,45
263,73,46,50
264,74,49,51
272,76,49,49
283,80,46,47
290,85,45,43
301,92,48,39
315,97,50,39
332,104,48,39
358,107,42,42
374,108,44,40
393,109,43,39
413,109,49,39
434,108,57,39
458,106,56,40
485,105,48,37
502,105,47,34
521,103,52,36
540,103,61,37
557,100,60,41
576,99,57,42
592,97,46,43
603,98,38,42
610,102,33,36
616,105,26,36
623,106,22,34
623,106,22,34
621,115,21,34
617,121,23,37
613,126,25,37
608,134,29,37
597,136,37,42
580,143,44,41
562,151,55,40
542,154,58,46
515,157,60,48
489,161,60,46
463,164,70,49
440,166,66,47
420,165,60,48
393,164,58,47
366,164,65,46
346,159,70,46
331,153,62,43
314,146,56,45
299,141,52,46
285,132,56,49
275,130,59,49
272,128,53,47
267,127,46,45
263,126,47,49
263,125,46,49
264,129,46,50
266,130,50,53
267,130,47,53
271,130,48,54
274,131,47,53
283,130,55,57
286,135,58,55
298,140,62,50
312,142,62,50
331,146,59,47
350,151,60,45
380,155,50,44
400,155,49,40
421,155,49,40
440,154,53,40
459,157,56,39
479,158,57,37
499,157,62,39
518,152,62,45
535,150,61,45
550,148,63,44
564,144,62,46
575,139,59,51
584,138,53,53
592,136,44,54
593,137,44,52
590,138,47,56
586,139,50,59
578,144,57,59
572,150,62,57
557,155,69,56
546,162,65,53
529,167,61,54
504,170,62,52
483,174,62,46
458,177,59,41
433,172,60,41
410,163,59,43
386,150,56,45
372,138,46,50
346,125,48,49
321,115,53,50
304,104,50,45
284,94,50,43
269,87,47,44
256,81,51,48
246,78,48,46
238,75,47,45
230,73,45,48
221,73,45,48
218,76,47,49
216,82,47,46
217,90,44,44
217,99,44,40
221,109,42,34
223,120,43,38
223,120,43,38
223,120,43,38
223,120,43,38
223,120,43,38
223,120,43,38
223,120,43,38
223,120,43,38
223,120,43,38
223,120,43,38
223,120,43,38
223,120,43,38
223,120,43,38
223,120,43,38
223,120,43,38
223,120,43,38
223,120,43,38
223,120,43,38
223,120,43,38
223,120,43,38
223,120,43,38
223,120,43,38
223,120,43,38
223,120,43,38
223,120,43,38
223,120,43,38
223,120,43,38
223,120,43,38
223,120,43,38
223,120,43,38
223,120,43,38
223,120,43,38
223,120,43,38
223,120,43,38
223,120,43,38
223,120,43,38
223,120,43,38
223,120,43,38
223,120,43,38
223,120,43,38
315,34,41,40
301,32,51,46
281,36,51,50
265,42,50,52
253,49,47,48
243,59,49,45
237,67,49,45
234,75,46,44
233,83,45,42
237,92,41,38
242,101,35,34
249,105,30,34
255,112,31,31
263,117,32,28
270,119,31,26
279,124,28,22
279,124,28,22
279,124,28,22
279,124,28,22
279,124,28,22
279,124,28,22
279,124,28,22
279,124,28,22
279,124,28,22
279,124,28,22
279,124,28,22
279,124,28,22
279,124,28,22
279,124,28,22
279,124,28,22
279,124,28,22
279,124,28,22
279,124,28,22
279,124,28,22
279,124,28,22
279,124,28,22
279,124,28,22
279,124,28,22
279,124,28,22
279,124,28,22
279,124,28,22
279,124,28,22
279,124,28,22
279,124,28,22
334,100,27,30
330,93,34,34
312,90,40,35
296,86,44,38
280,78,47,44
269,78,47,42
261,78,46,40
257,78,44,41
252,79,45,40
252,82,45,44
251,87,43,43
254,91,42,42
259,96,38,43
267,102,33,36
274,107,31,32
280,111,30,30
288,116,30,28
288,116,30,28
288,116,30,28
288,116,30,28
288,116,30,28
288,116,30,28
288,116,30,28
288,116,30,28
288,116,30,28
288,116,30,28
288,116,30,28
288,116,30,28
288,116,30,28
288,116,30,28
288,116,30,28
288,116,30,28
288,116,30,28
288,116,30,28
288,116,30,28
288,116,30,28
288,116,30,28
288,116,30,28
288,116,30,28
288,116,30,28
288,116,30,28
288,116,30,28
288,116,30,28
288,116,30,28
288,116,30,28
288,116,30,28
288,116,30,28
288,116,30,28
288,116,30,28
288,116,30,28
355,105,26,34
359,102,33,39
355,97,38,42
356,93,37,46
354,92,41,47
353,93,44,48
354,95,46,48
356,97,43,45
362,101,36,42
366,102,34,41
367,101,35,40
366,99,38,38
366,97,38,35
369,95,33,32
372,90,29,32
371,88,33,31
370,86,34,29
368,84,37,29
370,82,36,30
371,81,32,31
374,81,28,29
372,84,31,28
370,85,35,29
372,86,34,29
372,89,31,29
374,92,28,27
373,93,32,28
372,95,34,27
371,95,37,29
374,96,33,28
377,94,31,29
379,94,31,29
378,94,34,30
378,93,37,33
380,94,35,32
384,95,32,32
387,96,34,35
389,97,38,35
389,96,44,38
393,98,43,39
399,102,39,35
407,104,38,38
408,105,43,39
411,106,49,42
414,109,48,43
420,111,43,47
425,117,45,49
424,121,51,50
421,124,55,52
422,127,55,53
424,131,49,51
424,139,45,47
419,142,49,49
415,143,50,50
408,147,53,48
405,151,47,48
404,152,44,45
400,154,43,45
400,156,42,43
393,159,45,38
390,160,47,38
382,160,48,37
378,159,47,37
375,160,40,32
371,160,36,33
363,156,39,34
358,153,42,36
352,152,43,38
349,153,41,38
346,153,36,35
346,152,33,34
344,151,34,34
343,150,35,34
342,145,37,35
341,141,38,34
342,136,38,36
347,130,34,36
353,129,32,35
357,126,34,35
360,125,36,35
362,123,40,32
366,121,43,33
372,119,43,34
378,115,41,37
385,111,42,38
393,108,42,39
404,103,42,39
411,97,46,43
416,90,52,45
422,84,56,47
428,77,56,47
435,71,59,49
442,64,58,50
452,59,52,54
457,54,54,55
462,53,56,55
463,57,63,57
460,55,65,58
457,57,66,60
452,60,64,60
447,65,63,59
438,70,62,61
430,78,54,61
420,87,51,61
407,97,53,59
392,109,53,54
375,120,52,50
359,129,54,49
344,133,57,52
328,139,58,49
317,143,53,43
306,145,49,41
299,142,47,41
300,137,46,43
301,132,43,45
305,128,39,41
310,118,36,44
314,111,38,44
315,86,49,47
334,84,56,48
348,75,56,56
363,59,55,50
378,50,57,45
396,41,55,46
410,37,55,45
424,34,58,45
441,34,56,44
455,35,53,43
470,38,54,42
483,41,56,36
497,42,52,37
509,44,53,41
517,46,58,46
527,48,57,49
536,53,57,48
543,57,57,51
546,61,56,50
551,67,55,47
552,73,56,47
547,76,59,52
541,83,61,49
532,88,62,49
520,89,64,51
502,89,67,51
487,89,66,47
470,86,63,48
449,83,64,52
429,80,63,53
409,75,63,55
389,70,64,56
371,66,62,53
356,61,58,54
339,59,61,55
328,60,57,50
317,57,53,50
310,58,49,48
303,58,51,51
299,60,51,51
302,62,46,47
302,64,46,46
307,65,44,43
313,65,47,43
322,67,45,42
332,67,46,44
342,70,46,46
354,75,47,44
367,84,45,40
381,91,45,36
393,99,47,36
409,104,48,36
424,109,48,39
438,113,49,39
453,117,48,38
467,120,51,36
482,122,50,36
493,122,51,38
504,122,52,41
515,121,53,44
524,120,53,42
523,121,57,43
530,120,52,44
531,120,55,44
535,119,55,42
539,120,51,41
540,120,53,42
537,121,51,41
532,121,54,44
525,121,56,42
515,120,55,45
506,122,54,45
493,124,52,43
478,123,55,40
462,121,54,43
446,123,46,42
428,124,48,42
411,124,46,39
394,124,45,39
377,126,46,36
360,127,44,35
346,127,42,34
330,129,43,35
317,129,43,34
306,128,41,31
294,128,41,30
283,129,39,31
276,130,38,32
270,130,38,33
266,131,38,35
266,132,37,33
266,130,37,33
267,129,36,31
267,129,38,31
269,130,39,32
274,132,40,32
278,134,36,32
286,137,38,31
297,139,38,30
306,141,41,32
321,142,35,32
333,143,37,32
348,144,37,33
364,146,39,33
379,147,41,37
393,149,46,38
410,148,48,41
426,146,51,46
442,147,55,45
460,146,54,49
475,144,56,50
488,148,56,50
501,147,60,52
512,150,59,54
519,152,62,57
524,157,64,57
526,162,66,59
528,171,65,57
528,184,62,52
521,191,63,52
513,202,65,51
504,210,65,50
492,216,67,48
479,221,66,45
466,224,63,41
451,226,61,43
436,229,59,44
422,237,58,43
410,249,56,40
394,258,53,44
385,262,48,41
377,260,47,40
371,261,46,39
368,259,45,40
367,258,43,40
369,260,37,38
366,260,35,37
364,259,35,37
362,260,35,37
361,260,37,35
360,260,38,37
361,260,37,35
361,260,34,35
361,260,35,37
361,259,38,38
361,260,38,37
361,260,37,36
361,260,38,36
361,260,36,36
361,260,36,36
361,260,39,35
361,260,37,37
361,260,39,38
361,259,38,38
361,260,40,36
361,260,38,37
361,259,36,38
361,260,38,37
360,259,38,39
361,260,37,38
362,260,36,37
362,259,36,38
361,259,37,38
361,260,37,36
361,260,38,36
362,260,37,37
361,260,38,37
362,259,36,38
362,259,36,38
361,260,36,37
361,260,39,35
361,260,40,37
361,259,38,39
361,259,36,37
363,260,35,38
366,262,32,35
303,229,34,39
312,231,36,42
319,235,38,43
325,241,38,45
331,246,41,46
334,254,44,45
334,254,48,49
334,252,48,53
333,253,49,52
333,253,49,51
332,253,51,52
329,251,52,53
327,250,54,54
326,250,56,54
325,250,56,55
323,249,56,56
321,249,56,53
322,249,54,57
321,249,52,56
322,248,51,57
323,250,49,55
325,249,46,55
325,250,47,54
326,252,43,46
327,257,42,45
327,258,43,43
327,261,40,44
324,261,38,43
323,261,37,43
324,262,38,41
322,261,39,42
360,262,37,38
364,263,31,35
368,267,24,32
328,266,29,35
327,264,34,39
324,263,37,41
324,259,36,46
323,261,37,44
321,260,39,44
323,261,38,43
325,260,43,44
322,261,49,42
322,261,50,42
322,261,51,43
322,261,49,44
323,261,49,42
323,261,50,44
323,261,48,43
322,262,51,43
323,262,48,41
323,261,49,41
323,262,49,42
324,261,48,41
322,262,51,42
323,261,50,42
323,262,48,43
323,261,49,41
323,261,50,41
322,261,50,42
322,262,49,42
324,262,48,40
323,262,48,40
324,262,48,41
324,262,47,41
323,262,49,42
322,262,51,43
322,261,49,42
322,261,51,44
322,262,50,42
323,260,49,42
324,262,47,42
323,262,48,42
322,262,47,43
323,261,47,42
322,260,48,41
322,262,47,43
371,255,41,37
373,253,39,35
375,252,38,35
376,252,41,35
381,252,43,35
382,248,45,38
385,247,45,39
388,246,44,40
389,243,47,41
392,243,48,40
397,243,47,39
399,240,47,38
402,238,46,42
404,238,47,42
407,238,45,38
409,236,46,40
412,235,44,38
414,232,43,38
415,231,43,39
415,227,45,40
416,224,44,39
418,220,40,38
416,216,43,37
415,214,41,38
416,212,40,37
413,210,41,39
410,207,42,40
408,205,43,38
406,204,42,35
404,202,39,36
401,201,39,37
397,199,39,35
394,197,38,33
388,195,40,34
385,192,40,36
381,191,38,34
377,192,36,33
372,192,37,34
365,192,39,35
362,194,38,35
358,195,37,37
353,198,38,38
347,199,39,37
344,200,38,38
340,200,39,38
333,201,41,38
332,205,40,40
328,209,40,39
326,219,40,38
324,222,39,40
325,228,37,41
326,228,36,42
323,225,41,49
322,224,45,58
324,227,45,70
322,229,48,72
327,232,42,70
328,232,45,72
326,234,52,70
326,229,57,74
328,229,58,74
331,220,58,80
335,226,56,76
336,218,58,57
342,218,58,48
341,215,59,45
342,212,58,49
343,213,55,47
344,210,56,48
344,209,56,45
343,206,55,44
344,204,53,42
345,204,48,39
348,203,43,41
346,201,41,44
345,202,38,44
343,202,37,47
345,207,36,42
341,210,38,44
337,211,42,45
329,213,48,46
325,221,49,41
322,225,50,36
320,225,50,37
318,226,49,38
317,225,50,40
316,226,49,36
318,226,50,37
315,227,50,37
318,227,49,35
317,226,51,39
319,225,51,39
319,225,52,37
319,225,51,38
318,226,52,38
318,226,51,38
316,227,52,37
318,227,51,37
318,228,51,37
318,227,52,35
317,227,50,36
318,227,51,36
318,226,52,37
318,226,52,37
319,225,52,36
320,225,52,38
322,222,53,40
321,220,54,41
326,218,52,40
329,216,52,41
331,212,51,43
335,211,50,39
339,209,49,40
342,210,50,39
344,211,49,43
345,213,52,47
348,222,50,41
347,226,53,39
349,231,52,38
353,233,50,38
355,231,50,39
359,230,47,40
359,227,47,40
359,224,48,40
359,221,46,38
359,218,45,36
357,213,46,37
357,211,47,36
358,210,43,36
352,208,47,40
346,210,50,42
349,212,46,40
347,213,43,41
349,217,37,38
347,219,36,38
348,220,35,37
344,220,35,37
341,216,35,42
338,215,33,41
334,215,36,39
333,216,35,38
328,218,37,36
325,223,38,37
322,228,38,33
321,226,37,35
319,225,37,36
318,226,37,34
316,227,37,33
315,228,38,33
315,229,37,31
315,229,37,32
314,227,38,34
313,227,41,33
313,223,42,37
316,216,41,43
316,209,42,47
316,206,44,46
318,205,43,45
319,206,43,40
318,206,46,40
321,209,46,39
320,213,49,39
319,219,52,43
323,221,50,42
325,223,49,40
327,227,48,37
328,226,50,40
330,228,48,40
330,228,48,36
331,228,47,37
330,229,49,37
329,228,48,37
330,228,47,36
329,228,49,37
330,228,47,38
331,228,48,35
329,228,48,38
329,228,50,36
329,228,48,37
331,227,48,40
332,227,48,39
330,228,47,38
332,229,47,38
330,228,48,37
330,227,49,40
329,228,49,38
332,228,49,38
329,228,48,38
331,228,48,39
330,227,47,38
331,227,47,40
332,228,47,37
330,228,50,39
330,228,48,38
329,228,49,38
332,228,48,39
330,228,47,38
331,228,49,38
329,227,48,39
329,228,51,39
329,228,49,38
331,228,49,38
330,228,48,37
331,228,49,38
329,229,48,36
331,229,48,36
329,229,48,35
332,228,48,38
330,228,47,39
330,228,48,37
330,228,48,37
331,228,48,37
331,227,47,40
331,229,48,36
329,229,49,36
330,229,50,35
331,228,48,37
331,228,47,38
331,228,48,38
328,227,50,39
331,228,49,39
329,228,48,38
330,228,49,36
331,228,49,37
331,228,48,39
330,228,47,38
330,229,49,36
331,228,47,37
331,228,48,37
329,229,49,36
330,229,49,35
330,228,48,39
331,228,46,39
331,228,48,38
333,228,45,37
330,227,47,39
329,229,50,37
330,229,49,37
331,228,48,38
330,230,50,34
330,228,47,38
330,227,49,39
330,229,49,36
329,228,48,36
329,226,49,38
330,226,48,39
333,225,48,39
331,225,46,39
331,224,45,40
333,223,48,38
334,220,47,39
335,217,48,39
337,212,46,41
340,209,47,41
342,206,44,40
345,204,45,39
346,200,45,39
349,199,44,38
352,196,44,40
352,197,44,39
356,194,44,41
360,194,41,39
363,193,39,40
365,194,40,40
368,195,40,39
370,196,40,40
372,200,39,39
378,202,36,40
379,203,36,39
384,205,33,39
384,206,34,38
387,206,33,36
388,205,35,36
391,205,33,35
392,205,34,35
392,205,36,36
392,206,35,38
393,208,35,37
391,210,37,37
389,212,38,38
387,212,39,37
383,213,41,38
381,213,40,39
377,213,41,38
372,217,43,38
369,218,42,37
366,217,44,39
361,215,45,39
352,212,50,39
349,210,48,35
349,207,44,36
345,207,43,38
344,209,42,39
340,211,43,37
339,211,43,40
334,213,46,41
330,220,44,38
326,226,43,35
321,231,43,33
317,235,44,30
314,238,40,28
310,243,38,28
310,243,38,28
304,253,37,31
304,253,37,31
304,253,37,31
304,253,37,31
304,253,37,31
304,253,37,31
304,253,37,31
304,253,37,31
304,253,37,31
304,253,37,31
304,253,37,31
304,253,37,31
304,253,37,31
304,253,37,31
304,253,37,31
304,253,37,31
304,253,37,31
304,253,37,31
304,253,37,31
304,253,37,31
304,253,37,31
304,253,37,31
304,253,37,31
304,253,37,31
304,253,37,31
304,253,37,31
304,253,37,31
304,253,37,31
304,253,37,31
304,253,37,31
304,253,37,31
304,253,37,31
304,253,37,31
304,253,37,31
304,253,37,31
304,253,37,31
304,253,37,31
304,253,37,31
304,253,37,31
304,253,37,31
304,253,37,31
304,253,37,31
304,253,37,31
304,253,37,31
304,253,37,31
304,253,37,31
304,253,37,31
304,253,37,31
304,253,37,31
304,253,37,31
304,253,37,31
304,253,37,31
304,253,37,31
304,253,37,31
304,253,37,31
304,253,37,31
304,253,37,31
304,253,37,31
304,253,37,31
304,253,37,31
304,253,37,31
304,253,37,31
304,253,37,31
304,253,37,31
304,253,37,31
304,253,37,31
304,253,37,31
304,253,37,31
304,253,37,31
304,253,37,31
304,253,37,31
304,253,37,31
304,253,37,31
335,265,41,39
336,261,38,42
335,261,41,44
334,261,50,45
333,261,60,45
333,261,67,44
333,264,74,42
332,263,79,43
331,263,78,44
332,264,77,41
332,264,80,40
330,264,85,42
329,265,85,39
328,265,91,41
329,264,88,42
325,265,91,39
326,265,91,40
324,264,97,41
323,264,92,41
331,264,92,41
331,264,87,42
359,264,78,41
363,259,64,43
378,254,50,41
377,251,49,39
377,247,51,42
378,247,50,38
379,244,50,41
381,240,48,43
384,238,42,44
384,237,39,44
383,236,43,44
381,234,47,45
378,233,54,48
377,233,58,50
378,233,59,47
379,233,57,46
381,232,56,47
383,232,54,45
384,232,53,45
386,231,51,45
389,231,49,44
393,230,43,43
392,227,46,45
390,225,52,43
392,223,54,43
395,221,52,42
395,217,55,42
397,212,54,42
399,206,53,44
402,204,48,41
405,202,43,41
409,198,37,37
408,195,38,37
406,192,41,37
404,189,45,39
401,185,47,40
400,183,49,38
397,180,51,38
397,179,49,35
397,177,45,34
397,175,41,37
398,176,37,34
396,178,35,33
392,178,38,38
388,178,42,38
386,177,45,38
384,177,46,36
382,174,47,37
380,172,47,39
382,170,45,39
381,169,42,40
384,167,38,40
385,167,34,39
383,165,36,41
380,163,43,42
380,161,43,42
378,160,47,44
378,161,48,42
378,161,49,41
378,162,48,39
379,161,49,39
381,162,47,38
383,161,40,37
387,157,34,36
386,152,36,34
385,147,39,35
383,141,43,36
381,137,46,35
381,132,45,35
379,130,46,35
380,127,42,34
379,125,42,32
380,121,39,34
379,120,36,29
380,116,32,31
376,112,33,32
372,108,36,34
368,106,39,35
365,105,40,35
362,107,41,34
359,108,41,34
355,110,42,35
353,112,41,37
352,115,38,36
352,116,34,37
352,119,31,35
350,120,31,34
348,122,33,34
347,125,34,36
346,129,37,35
344,134,38,34
345,139,37,34
345,143,36,34
345,151,34,33
347,156,34,32
349,164,32,30
351,171,28,28
351,177,27,29
351,183,29,27
350,189,32,23
350,195,32,17
350,195,32,17
350,195,32,17
350,195,32,17
350,195,32,17
350,195,32,17
350,195,32,17
350,195,32,17
350,195,32,17
350,195,32,17
350,195,32,17
350,195,32,17
350,195,32,17
350,195,32,17
350,195,32,17
350,195,32,17
350,195,32,17
350,195,32,17
350,195,32,17
350,195,32,17
350,195,32,17
350,195,32,17
350,195,32,17
350,195,32,17
350,195,32,17
350,195,32,17
350,195,32,17
350,195,32,17
350,195,32,17
350,195,32,17
350,195,32,17
350,195,32,17
350,195,32,17
350,195,32,17
350,195,32,17
350,195,32,17
350,195,32,17
350,195,32,17
350,195,32,17
364,199,35,14
367,195,34,18
369,192,35,21
369,186,40,27
370,181,41,29
372,177,41,31
375,172,41,33
377,169,40,32
379,166,41,31
380,163,42,31
380,159,44,33
383,156,44,34
385,154,42,35
385,152,42,35
385,152,40,32
384,149,42,33
384,147,43,33
383,142,43,37
378,139,42,38
377,136,45,39
374,135,45,36
372,134,44,36
368,133,44,36
365,133,44,35
362,133,43,36
358,134,44,37
352,136,48,39
347,139,50,42
344,142,49,41
342,148,48,38
340,151,48,39
337,156,46,36
336,159,49,38
335,161,47,41
337,164,49,42
336,165,49,42
341,168,48,39
343,170,50,37
348,171,45,36
352,170,47,36
355,167,49,37
363,163,45,38
369,161,45,36
375,159,45,37
382,156,43,37
388,154,41,36
394,151,41,36
399,150,41,37
405,148,40,37
409,147,39,38
413,146,37,38
416,146,38,38
416,146,37,37
417,145,37,37
417,144,34,37
415,144,35,38
412,141,35,40
409,141,35,39
406,142,34,39
401,143,35,39
397,143,34,37
391,144,35,38
388,144,33,36
382,145,32,36
378,145,32,38
373,146,32,37
367,148,33,38
363,150,33,37
359,154,33,36
357,156,32,34
354,159,32,34
352,163,35,34
350,165,37,35
350,170,34,33
349,172,35,34
351,179,33,31
351,182,35,29
354,184,33,27
356,186,33,24
359,188,34,25
362,188,33,26
365,190,31,27
369,190,30,26
373,191,29,32
373,193,31,31
376,196,31,30
377,197,33,33
380,197,33,34
383,197,32,33
384,194,34,33
385,190,35,35
386,184,37,36
387,179,36,37
386,171,38,42
386,166,41,42
385,163,42,44
385,159,43,45
382,155,45,47
381,154,46,48
379,155,48,48
377,156,48,49
373,156,52,51
371,158,53,48
371,158,49,45
368,158,51,43
368,157,49,42
366,156,50,44
363,156,51,43
363,157,54,43
361,158,52,42
362,160,52,39
361,164,48,39
360,169,47,39
362,171,46,37
362,177,46,35
360,177,46,36
361,184,47,35
359,191,47,38
359,196,48,41
359,202,45,36
358,205,42,33
357,206,43,33
357,206,43,32
358,207,42,30
358,206,41,31
357,206,42,33
357,206,42,32
357,206,42,33
359,207,40,32
357,206,42,32
358,206,42,32
357,207,41,30
358,207,41,31
358,206,42,33
358,206,42,32
358,206,43,31
358,206,42,32
357,206,43,32
359,206,42,33
358,207,42,31
358,206,42,31
358,207,41,31
359,206,42,31
357,206,42,32
359,206,41,31
358,206,42,32
358,207,43,31
358,207,42,31
358,206,42,33
357,207,42,31
358,206,42,32
357,206,43,32
359,206,41,31
359,205,43,33
358,204,46,33
359,202,45,34
361,199,46,37
362,197,46,36
364,196,47,35
368,193,43,35
369,192,44,34
372,189,44,33
375,187,43,33
378,183,41,35
380,181,41,34
383,179,39,34
384,178,39,36
387,177,38,35
389,177,35,35
390,175,35,34
391,175,33,35
390,175,34,37
391,174,33,39
390,174,33,39
388,174,35,39
388,175,33,37
386,174,33,34
383,170,35,36
380,164,35,38
374,159,38,41
371,156,40,39
367,151,40,40
364,151,39,37
360,150,40,35
356,146,42,38
353,145,42,38
350,142,42,40
348,140,42,40
348,136,41,41
346,136,40,39
343,133,42,38
342,132,44,37
343,129,43,38
342,126,43,39
344,127,41,39
345,126,41,39
346,126,41,38
347,126,42,36
348,124,44,38
352,124,43,37
355,125,43,36
356,124,42,37
360,125,42,37
362,124,42,39
367,123,41,38
369,122,42,37
372,123,41,33
374,120,42,37
377,120,40,37
379,120,40,39
379,120,41,38
380,119,41,42
381,119,38,41
380,118,38,42
381,117,36,42
378,114,37,42
372,111,41,43
368,110,39,42
361,110,42,45
357,112,42,43
353,114,39,42
347,119,40,40
342,124,39,38
336,127,40,40
332,130,38,37
327,131,41,35
326,130,39,32
324,130,39,33
323,130,41,33
324,127,41,31
325,128,41,29
327,126,41,30
331,123,41,32
335,122,41,33
339,122,41,31
340,120,41,32
343,120,42,31
345,120,41,31
350,119,41,31
357,117,41,32
362,116,42,33
365,113,46,34
369,107,51,39
375,101,50,40
383,93,48,43
387,87,49,42
390,78,49,45
392,69,50,49
394,61,48,49
395,53,46,51
393,46,45,51
390,42,43,49
385,40,43,53
381,41,42,52
376,43,42,51
369,48,41,47
364,55,38,44
358,57,39,42
354,58,36,39
349,56,36,40
344,58,36,40
338,62,39,42
333,69,42,39
331,81,39,39
329,95,40,40
328,102,45,41
334,101,47,42
346,102,45,39
356,106,44,42
368,116,42,44
377,127,44,41
386,135,48,37
398,132,47,38
406,121,52,45
416,112,51,48
426,111,52,42
434,106,51,41
438,100,55,39
441,94,56,48
439,87,63,52
436,79,63,55
432,72,61,53
420,63,63,57
407,62,65,54
394,58,62,57
382,60,60,56
368,62,59,59
355,67,58,55
341,74,60,51
335,79,56,50
326,83,57,49
320,86,55,46
317,92,50,41
315,96,47,40
316,100,46,38
315,105,46,37
317,107,45,38
321,108,43,40
326,107,43,41
332,111,42,39
338,115,41,35
346,115,38,36
354,119,37,34
360,121,39,33
369,120,40,35
379,120,39,36
389,121,36,35
399,118,36,33
408,114,39,35
416,108,42,40
423,98,47,46
432,88,46,48
437,77,46,51
440,68,51,52
442,63,54,55
442,63,60,57
442,67,62,61
442,82,65,65
446,103,63,62
440,114,67,56
430,116,64,62
422,128,62,54
412,138,61,63
403,150,57,53
390,156,63,53
384,153,58,53
375,157,56,48
367,163,52,48
363,166,49,45
358,168,48,44
352,168,46,36
350,167,44,33
349,161,38,34
346,157,40,37
345,149,40,39
344,144,39,38
344,141,39,37
345,140,37,34
346,136,36,33
345,133,38,32
346,129,41,34
347,126,43,37
348,122,42,38
350,121,42,37
352,121,39,36
353,118,40,34
354,113,41,34
356,106,43,38
358,100,43,41
361,96,44,43
363,92,44,44
364,89,46,50
369,88,40,52
372,88,40,55
372,85,44,56
370,84,49,59
370,86,51,60
369,84,53,62
369,88,55,63
369,88,54,63
369,91,52,58
370,94,52,56
370,100,51,53
368,106,50,51
367,111,51,52
366,117,49,52
362,124,49,48
360,130,48,44
357,134,46,43
354,143,45,36
352,146,43,33
350,149,40,32
346,152,41,31
343,156,40,31
339,159,40,32
337,162,36,31
335,166,34,28
332,167,32,28
329,170,31,28
325,171,33,29
324,173,30,27
322,175,30,27
320,179,29,25
318,180,29,26
317,181,30,28
316,183,29,26
317,183,27,28
319,182,27,28
321,180,27,29
323,178,28,29
326,176,28,29
328,171,28,30
332,166,28,31
334,160,29,32
338,154,31,33
340,149,33,35
343,145,34,35
345,140,36,35
349,138,35,32
352,135,33,30
353,130,32,31
354,128,32,30
353,124,32,30
354,121,31,30
353,119,31,28
352,115,31,28
350,113,30,25
349,111,28,25
345,109,30,26
342,107,30,26
340,106,29,25
337,105,27,24
334,104,25,23
330,103,26,23
327,102,24,21
324,101,25,22
321,99,25,22
318,97,25,24
317,96,24,26
314,94,24,26
314,94,25,27
315,94,25,27
317,92,25,27
320,92,26,30
325,92,27,29
330,91,28,31
335,90,31,31
342,90,33,32
350,90,36,33
360,90,37,33
370,91,37,33
381,94,38,30
391,95,38,30
401,96,40,31
411,98,39,31
421,99,36,29
429,99,35,29
436,99,36,32
441,99,37,33
446,100,35,33
448,99,34,34
450,100,34,32
448,101,33,33
447,102,31,31
443,103,29,33
437,105,30,32
430,108,30,31
423,111,29,29
414,114,29,29
404,119,29,26
393,121,30,26
383,123,28,25
371,124,29,25
358,125,30,25
348,124,28,26
333,122,30,25
326,117,27,26
316,109,31,28
310,103,29,29
304,98,29,30
300,95,30,30
297,93,30,30
297,91,30,32
297,91,30,33
299,92,31,34
303,94,32,33
308,97,33,32
315,101,35,30
324,104,35,29
334,104,37,28
344,104,37,27
355,104,35,27
365,103,34,26
373,103,37,26
383,101,34,25
388,98,36,27
394,97,35,28
397,96,36,29
397,95,38,32
399,95,38,31
399,95,37,32
399,96,37,31
397,98,35,30
395,100,36,32
389,105,34,30
383,107,32,29
374,112,33,29
364,116,32,28
353,120,31,28
342,123,30,29
330,127,32,27
316,128,36,30
306,128,32,28
295,126,33,28
286,123,32,30
278,120,32,31
270,114,34,32
266,110,33,33
261,104,34,34
260,101,32,33
257,98,33,31
259,92,32,35
261,89,33,33
264,85,32,35
266,84,34,33
272,82,34,33
279,82,34,34
287,82,35,33
297,82,31,32
305,80,34,33
317,78,34,32
327,75,38,36
335,69,42,41
347,65,43,41
356,62,46,42
368,60,45,42
376,55,48,44
383,52,50,46
392,52,50,46
398,52,50,47
406,54,48,48
409,55,48,49
409,58,51,51
408,61,52,55
408,68,50,51
404,76,49,49
400,83,50,51
395,91,52,52
388,97,54,52
379,106,59,50
371,115,58,48
363,122,56,48
355,129,58,48
347,139,56,45
337,148,59,44
329,157,58,46
325,166,55,47
318,173,56,47
312,179,57,45
308,184,59,47
306,192,56,44
305,194,56,49
307,198,53,50
309,203,55,48
312,207,53,47
318,213,53,44
324,216,53,43
333,217,50,40
339,220,51,43
347,224,46,46
354,230,47,49
361,229,51,56
362,236,55,60
369,240,52,63
378,242,46,62
382,252,43,58
385,256,49,51
389,256,45,49
391,260,43,46
391,258,43,48
388,258,47,45
384,255,50,47
383,253,49,46
380,252,50,47
375,251,54,50
370,251,52,50
365,253,53,46
361,253,54,45
357,252,57,47
355,251,59,52
356,248,58,50
354,244,60,52
356,242,59,50
356,239,58,52
356,236,58,48
354,230,63,48
358,224,57,42
359,215,57,44
357,207,58,45
357,202,60,45
357,198,59,45
359,195,54,43
358,193,54,42
357,193,54,40
358,195,53,40
356,196,54,43
354,197,55,46
354,201,54,46
354,205,51,46
354,211,46,47
354,217,46,46
353,221,43,46
353,226,42,46
351,228,42,47
347,229,43,48
349,228,41,51
347,229,46,54
344,231,53,59
342,232,58,65
338,232,66,65
333,233,73,69
333,233,78,68
343,234,70,62
350,236,67,53
353,238,65,50
357,236,60,49
360,234,58,44
364,233,54,43
366,230,55,47
364,226,57,48
364,221,60,50
361,221,61,48
362,221,59,45
362,222,53,44
360,223,55,43
358,223,55,43
354,221,56,46
348,219,60,50
346,219,57,52
343,221,54,48
342,222,50,47
337,223,51,43
334,223,52,41
330,222,53,41
329,222,50,42
327,224,50,39
325,226,52,39
324,227,51,36
325,227,51,39
323,227,53,36
324,228,52,38
325,228,51,37
325,227,52,37
324,226,53,38
322,226,55,39
325,226,52,38
324,228,51,38
325,228,51,37
324,227,51,38
324,227,53,37
322,227,54,39
326,227,52,38
325,227,51,38
324,227,52,37
324,227,54,41
324,227,53,38
324,226,53,38
324,228,51,37
324,227,53,39
323,227,52,39
326,227,51,37
323,226,52,39
326,227,51,39
325,222,53,42
327,214,55,44
329,205,53,48
331,201,52,46
331,195,50,38
334,186,51,40
337,179,48,41
338,175,48,36
340,170,48,36
338,165,50,39
339,162,49,38
340,157,48,37
341,151,44,39
340,146,43,40
339,144,43,39
339,145,43,35
339,148,41,35
338,148,42,37
337,149,42,38
337,150,40,35
336,150,40,33
335,154,41,31
335,156,39,30
338,155,36,33
337,156,36,35
337,158,35,36
337,158,37,36
335,160,37,34
336,164,36,33
336,168,34,30
336,170,35,33
337,176,33,35
336,182,34,35
334,188,36,37
334,195,37,36
336,199,34,37
335,202,33,35
333,203,34,33
332,202,34,34
331,203,37,34
332,203,36,35
332,203,35,33
331,203,36,35
333,203,36,32
332,204,34,33
332,203,37,34
332,203,35,34
332,203,36,33
331,203,37,35
332,202,36,34
333,202,35,34
334,201,36,35
336,198,36,38
337,196,37,39
341,194,34,40
346,190,30,38
347,186,31,33
349,183,33,32
351,179,32,30
354,173,32,31
355,166,34,34
355,160,35,36
355,158,37,34
355,155,37,33
355,153,38,32
355,152,38,32
354,154,39,31
353,157,41,33
351,159,42,33
351,164,42,33
349,164,42,35
351,174,43,31
351,179,41,32
351,182,43,32
354,184,44,34
357,186,41,33
359,185,43,34
363,188,43,31
367,187,43,31
371,185,44,33
375,183,44,33
382,181,42,32
389,179,40,32
394,181,39,32
397,183,39,31
402,184,38,32
404,185,39,32
407,185,39,33
411,186,36,34
414,188,32,31
415,189,31,30
415,190,33,31
413,190,35,35
411,192,36,35
407,194,38,35
405,199,38,34
402,205,37,31
399,210,36,31
394,216,38,27
389,218,39,27
382,223,39,25
378,225,39,22
372,227,40,21
369,229,38,18
369,229,38,18
369,229,38,18
369,229,38,18
369,229,38,18
369,229,38,18
369,229,38,18
369,229,38,18
331,238,35,24
331,238,35,24
331,238,35,24
331,238,35,24
331,238,35,24
331,238,35,24
331,238,35,24
331,238,35,24
331,238,35,24
331,238,35,24
331,238,35,24
331,238,35,24
331,238,35,24
331,238,35,24
331,238,35,24
331,238,35,24
331,238,35,24
331,238,35,24
331,238,35,24
331,238,35,24
331,238,35,24
331,238,35,24
331,238,35,24
331,238,35,24
331,238,35,24
331,238,35,24
331,238,35,24
331,238,35,24
331,238,35,24
331,238,35,24
331,238,35,24
331,238,35,24
331,238,35,24
331,238,35,24
331,238,35,24
331,238,35,24
331,238,35,24
331,238,35,24
331,238,35,24
331,238,35,24
331,238,35,24
331,238,35,24
331,238,35,24
331,238,35,24
331,238,35,24
331,238,35,24
331,238,35,24
331,238,35,24
331,238,35,24
331,238,35,24
331,238,35,24
331,238,35,24
331,238,35,24
331,238,35,24
331,238,35,24
331,238,35,24
331,238,35,24
331,238,35,24
331,238,35,24
331,238,35,24
331,238,35,24
331,238,35,24
331,238,35,24
331,238,35,24
331,238,35,24
331,238,35,24
331,238,35,24
331,238,35,24
331,238,35,24
331,238,35,24
331,238,35,24
331,238,35,24
331,238,35,24
331,238,35,24
331,238,35,24
331,238,35,24
331,238,35,24
331,238,35,24
331,238,35,24
331,238,35,24
331,238,35,24
331,238,35,24
331,238,35,24
331,238,35,24
331,238,35,24
331,238,35,24
331,238,35,24
331,238,35,24
331,238,35,24
331,238,35,24
331,238,35,24
331,238,35,24
331,238,35,24
331,238,35,24
331,238,35,24
331,238,35,24
331,238,35,24
331,238,35,24
331,238,35,24
331,238,35,24
331,238,35,24
331,238,35,24
331,238,35,24
331,238,35,24
331,238,35,24
331,238,35,24
331,238,35,24
331,238,35,24
331,238,35,24
331,238,35,24
331,238,35,24
331,238,35,24
331,238,35,24
331,238,35,24
331,238,35,24
331,238,35,24
331,238,35,24
331,238,35,24
331,238,35,24
331,238,35,24
331,238,35,24
331,238,35,24
331,238,35,24
331,238,35,24
399,185,34,28
397,182,38,31
385,181,45,34
378,181,45,35
372,180,42,32
367,178,38,36
359,174,34,38
349,170,40,39
340,167,44,39
333,167,49,39
329,165,48,41
326,165,47,39
325,163,44,43
321,162,44,43
318,161,48,45
318,165,52,42
318,165,54,42
323,168,53,42
326,171,49,41
335,173,44,39
342,175,41,39
346,179,45,38
352,180,46,38
357,181,50,39
362,182,53,39
372,184,50,37
382,186,46,37
391,189,42,36
395,189,45,41
398,190,48,45
397,191,55,45
400,195,55,44
404,199,51,42
406,204,46,38
409,213,41,36
408,218,38,36
403,223,41,38
398,228,45,39
392,234,50,41
388,245,51,39
385,250,49,39
383,254,42,41
378,258,38,43
376,259,36,41
374,261,37,39
374,262,35,38
373,261,35,39
374,262,35,36
375,262,34,38
374,262,34,38
375,263,33,37
374,261,33,39
375,262,32,38
375,261,32,38
375,262,32,37
376,262,30,37
376,262,31,37
375,262,31,36
375,262,31,36
374,262,33,37
374,261,35,38
375,262,32,38
375,262,31,38
376,262,30,36
375,262,32,38
375,262,32,37
376,262,31,37
376,262,31,37
375,262,33,36
376,261,32,37
375,262,32,37
375,262,32,36
375,262,32,38
375,262,33,37
376,262,32,38
375,262,31,37
375,262,31,37
374,262,33,38
375,263,32,36
375,262,33,36
375,262,33,37
375,262,33,38
375,263,32,37
375,262,31,37
375,262,31,38
375,261,32,38
375,263,31,37
375,261,33,37
374,262,34,38
375,262,33,38
375,262,32,37
375,263,32,37
375,261,31,39
375,262,32,38
375,261,30,38
374,263,32,37
375,262,31,37
375,262,32,37
375,263,32,36
375,263,32,36
375,262,31,37
375,263,31,37
375,261,32,38
376,262,31,38
375,262,31,37
375,262,33,38
375,262,32,38
375,262,31,38
374,261,33,38
374,262,33,36
375,262,32,37
375,261,32,37
375,262,30,36
375,261,31,38
375,262,32,38
376,262,31,38
376,263,28,36
375,261,32,38
375,263,31,37
375,262,32,37
375,262,32,36
375,262,32,36
376,263,29,36
376,261,30,36
376,263,31,36
376,263,29,36
376,262,31,37
376,262,31,37
375,261,33,38
374,258,35,40
376,256,36,41
376,254,41,45
377,253,47,47
380,252,52,46
390,253,50,45
399,255,46,43
409,257,45,40
419,256,45,38
429,253,44,40
437,250,48,44
446,245,49,45
455,243,47,44
465,238,44,43
472,235,44,41
476,232,46,42
482,232,43,38
486,228,43,39
486,222,48,42
488,218,50,44
488,214,46,42
488,210,42,40
482,204,47,41
479,201,48,41
475,199,45,39
470,196,48,40
461,192,51,45
454,190,53,46
448,188,51,43
441,187,50,42
435,186,48,38
429,182,47,41
422,181,51,41
416,178,52,44
410,174,51,44
406,172,52,43
403,170,51,42
400,167,51,41
401,163,49,41
398,163,50,41
397,160,53,44
397,159,53,44
399,158,52,45
399,158,56,44
403,158,51,43
406,159,53,43
410,160,53,44
415,160,53,45
418,160,57,47
425,159,59,48
432,163,61,46
439,166,60,43
449,169,56,43
456,171,58,43
462,173,61,43
472,172,60,44
480,172,60,46
488,172,59,45
494,172,58,45
501,171,56,42
504,168,58,45
509,167,57,44
512,167,56,44
515,168,57,44
514,169,60,44
514,169,58,45
513,169,60,48
516,170,58,47
514,172,56,47
511,176,58,45
509,181,58,43
507,183,56,43
502,183,60,47
496,183,64,49
492,187,64,49
489,192,61,46
487,197,56,45
483,202,55,42
480,207,53,42
475,210,54,43
470,213,56,46
465,220,57,44
462,223,54,44
459,226,50,42
455,226,48,40
449,226,52,39
444,224,53,41
440,222,53,42
434,220,54,43
431,216,53,43
425,214,54,41
420,212,51,39
417,207,48,39
411,205,49,38
405,203,50,40
396,200,55,42
388,201,56,43
382,202,55,43
377,203,51,41
370,202,52,43
362,200,57,45
356,198,58,44
352,193,58,49
350,187,57,50
349,182,56,49
351,174,58,48
351,169,60,47
353,161,59,52
357,156,64,53
360,153,67,54
370,152,66,57
376,152,68,55
385,153,68,53
399,153,64,55
412,154,60,51
423,155,57,50
434,157,56,47
443,159,57,48
453,160,55,48
463,160,51,43
468,161,48,38
471,159,52,40
474,157,47,38
476,156,43,38
476,155,41,37
472,152,42,38
469,150,41,39
464,150,41,38
455,150,42,39
447,150,43,38
439,149,43,41
430,150,44,43
420,151,44,43
411,152,46,40
401,153,45,39
392,154,48,40
384,154,48,41
380,153,46,42
374,152,46,45
370,150,46,47
367,147,50,50
368,142,50,53
371,139,51,52
377,136,52,52
385,130,54,54
393,125,59,60
406,121,58,60
420,118,60,59
437,116,60,61
449,116,65,62
466,117,63,59
478,118,66,59
493,121,63,57
503,123,63,57
514,128,64,55
521,131,62,53
525,137,59,50
527,143,58,47
527,148,56,45
525,152,54,42
519,158,53,39
512,163,53,39
502,167,53,38
493,171,51,33
483,173,49,33
472,175,49,31
460,177,49,31
448,178,50,31
438,179,49,33
429,180,48,34
420,183,46,35
411,187,45,33
409,187,43,32
378,149,48,38
356,144,51,45
339,141,51,46
326,139,50,43
313,136,50,42
304,134,48,40
298,133,47,41
295,129,44,42
293,126,43,46
293,123,45,44
296,122,43,40
299,123,42,39
306,124,41,38
313,125,39,37
322,128,40,38
330,131,42,37
343,136,40,35
354,142,42,31
367,145,43,33
382,148,42,31
398,150,40,31
415,150,39,30
430,147,40,32
445,146,41,34
458,143,43,35
472,140,45,38
483,135,47,40
494,132,50,43
502,126,52,47
509,123,52,51
513,120,51,53
514,123,55,53
511,122,55,51
508,122,53,54
499,126,57,53
489,129,57,53
473,130,59,54
459,131,56,53
441,132,57,51
428,131,51,50
411,132,51,50
395,133,50,48
382,132,46,48
371,133,41,45
355,133,45,43
349,133,42,40
339,132,44,38
330,133,45,40
330,134,39,38
328,134,37,38
325,134,37,37
324,137,36,35
325,139,36,33
326,141,36,34
327,144,38,31
332,145,37,30
338,145,37,30
345,146,37,28
352,147,38,29
360,147,37,29
370,148,38,30
378,148,41,31
390,151,40,29
399,150,43,30
411,149,45,33
422,146,49,37
434,144,51,40
445,141,54,40
457,139,56,41
467,136,57,43
480,133,53,47
485,132,62,49
492,131,61,53
496,134,65,55
501,138,62,56
504,144,60,55
503,151,58,58
500,163,60,58
493,178,60,56
484,192,61,57
475,203,61,58
463,216,63,58
451,232,60,50
441,243,56,50
431,252,53,45
423,259,48,42
412,264,46,41
402,264,44,42
395,265,44,42
390,265,43,44
387,267,43,45
384,266,41,43
383,267,42,41
380,268,44,41
