234,240,70,74
234,239,67,75
238,240,64,73
237,240,67,74
242,241,61,74
244,240,57,75
247,238,56,77
247,241,56,74
249,242,53,73
252,245,51,71
254,248,47,68
255,249,46,71
259,248,42,73
261,250,39,71
264,247,36,75
265,248,33,76
267,247,29,76
269,247,25,78
269,249,22,76
219,227,25,77
227,214,30,65
264,256,25,68
259,251,25,71
253,251,26,74
248,253,28,74
242,252,30,72
236,250,32,73
230,248,32,76
223,244,33,76
217,244,36,72
210,242,36,72
205,241,36,69
197,243,41,63
193,244,43,57
188,243,47,56
187,244,48,55
185,246,51,54
187,247,51,54
189,246,53,58
192,246,55,61
201,249,52,61
210,252,52,56
221,254,55,53
230,254,59,53
242,256,65,53
255,254,68,54
274,250,65,60
289,247,77,64
310,245,79,66
331,239,86,71
363,233,79,70
385,228,77,71
410,222,77,75
433,218,77,79
456,217,75,80
472,214,76,78
502,212,65,76
518,213,65,72
534,212,61,76
545,213,59,75
553,212,56,74
551,216,55,73
551,219,58,71
544,224,59,70
535,228,57,71
521,232,61,70
509,238,58,72
484,248,67,67
467,251,52,68
447,251,49,71
432,257,48,66
394,265,46,62
372,264,43,69
369,266,45,65
344,270,48,61
313,267,56,67
300,265,41,62
279,265,36,51
257,260,38,55
239,257,37,55
224,249,31,55
205,240,38,54
191,234,38,57
182,227,36,57
177,219,36,59
172,215,36,61
168,213,37,59
167,213,38,59
166,213,39,60
168,215,41,61
171,219,41,61
176,226,44,59
182,232,47,60
191,238,51,62
205,248,55,62
222,252,56,64
241,263,61,61
261,268,60,61
288,272,59,66
313,275,67,76
341,286,63,64
377,284,53,69
422,290,50,63
458,284,40,66
480,279,41,67
500,274,54,68
525,269,57,70
541,254,69,76
562,247,65,78
574,240,64,77
582,233,56,85
591,230,45,82
594,230,42,83
595,232,42,82
592,233,43,87
586,238,49,87
577,248,56,87
558,256,70,89
527,276,92,79
500,283,93,77
480,294,77,67
461,301,60,55
428,308,59,50
389,314,54,46
356,318,49,38
335,315,38,38
310,308,36,45
284,305,36,47
260,295,44,52
236,282,41,55
217,269,43,59
201,257,45,62
188,248,49,64
179,236,47,62
176,229,47,59
170,223,46,57
167,219,47,57
169,217,48,48
170,216,45,49
174,219,46,45
180,220,44,47
186,226,43,41
196,233,40,37
208,238,32,37
228,244,24,34
237,262,23,39
249,268,27,40
263,280,29,39
279,288,33,41
294,296,41,42
317,296,48,52
340,298,61,57
364,295,68,60
399,295,74,60
426,289,71,63
448,279,69,74
477,274,70,79
499,264,76,80
520,260,76,72
547,250,74,77
561,240,74,65
568,239,69,52
572,236,65,47
573,232,63,49
571,232,63,53
566,232,68,59
559,239,76,61
550,246,77,63
534,251,87,70
512,265,109,76
486,272,129,82
462,281,135,76
434,291,126,65
418,304,124,51
380,306,115,50
336,307,102,49
326,307,83,48
296,309,75,47
265,312,73,43
256,311,56,44
237,282,44,37
226,284,38,36
217,269,34,45
200,261,43,47
191,254,47,42
179,247,55,42
175,243,56,41
171,239,57,41
170,235,56,43
172,235,54,42
175,235,53,43
181,238,49,39
181,239,51,41
193,239,43,44
203,240,33,44
205,240,34,43
218,241,25,42
228,245,25,42
236,252,30,44
245,256,33,51
253,258,38,54
262,261,48,55
271,265,52,54
283,267,53,53
293,267,57,59
308,267,55,65
317,272,55,59
334,281,47,53
343,283,43,50
352,284,37,51
363,286,32,53
371,287,27,58
374,288,27,59
376,287,29,66
375,287,35,66
371,291,42,61
365,292,49,59
357,290,56,64
348,290,66,66
342,294,64,61
332,295,68,63
325,297,71,59
320,300,65,55
312,303,64,54
300,302,67,53
298,302,59,54
284,301,62,57
280,301,54,53
271,302,53,52
266,300,50,57
268,298,40,59
269,297,35,58
267,295,27,59
265,294,23,59
259,289,26,65
255,289,29,64
251,286,34,64
247,285,41,64
243,284,50,61
242,281,54,65
241,281,57,62
242,278,58,62
243,274,61,60
242,272,63,58
244,269,65,59
247,269,63,56
251,268,63,55
256,266,57,55
266,265,47,58
273,263,43,59
279,264,40,59
284,264,35,58
291,264,33,59
297,267,27,56
306,265,22,60
307,265,24,62
308,267,28,62
309,266,36,65
310,269,42,66
308,273,50,63
309,274,55,66
307,275,63,71
307,277,64,70
306,279,67,70
307,281,67,69
304,277,70,74
303,277,67,75
303,277,64,75
300,273,63,81
302,273,58,78
300,271,55,79
299,271,51,79
297,270,48,79
295,273,41,74
295,274,34,69
294,275,31,65
294,274,24,67
292,273,22,66
292,272,21,62
289,273,22,59
283,277,27,55
280,275,29,54
274,276,34,54
268,274,42,56
265,273,44,60
262,275,48,55
259,275,51,55
255,272,56,58
253,272,58,57
253,274,60,56
254,275,58,55
255,273,57,57
259,272,53,56
261,275,52,52
262,277,50,51
264,278,51,53
267,278,49,53
269,280,47,52
273,282,42,53
277,282,39,56
281,281,34,61
285,283,32,59
291,283,26,62
292,285,27,61
294,283,27,64
300,283,24,63
300,282,27,66
297,283,36,64
295,282,41,68
293,285,48,64
290,283,52,67
287,280,57,71
283,284,62,68
283,283,61,68
279,284,61,66
275,283,64,68
273,281,65,72
269,280,68,74
265,282,68,70
264,283,65,70
262,284,58,67
261,286,54,65
258,285,54,67
259,284,50,67
257,288,49,64
256,290,45,64
255,287,39,65
253,291,39,63
253,291,32,62
254,295,29,58
253,295,24,59
253,296,21,57
254,298,20,56
256,299,19,54
257,296,20,56
256,294,25,57
257,293,30,60
258,288,36,65
259,287,43,68
261,285,45,71
264,285,44,68
268,285,45,65
268,285,54,66
274,285,55,68
279,284,59,69
283,292,64,61
291,289,61,66
296,293,63,62
302,297,64,58
304,298,65,56
307,297,66,59
312,296,65,59
318,296,59,61
321,295,56,61
320,296,55,58
326,296,47,60
326,297,41,59
325,299,39,56
322,299,35,57
320,303,29,51
316,308,27,47
307,311,28,43
300,311,25,41
295,310,22,40
288,309,21,42
281,308,26,45
273,310,29,45
262,314,36,41
255,315,31,42
246,315,21,42
240,313,21,41
233,313,24,38
228,311,23,37
225,308,24,37
221,305,25,36
218,298,28,39
217,298,30,35
218,295,30,36
220,291,32,38
225,288,31,39
228,285,34,40
232,282,37,41
238,281,37,39
241,280,42,38
248,279,46,37
261,276,45,40
269,272,45,44
281,268,45,48
290,267,48,49
299,263,52,54
308,258,53,58
319,251,60,61
333,245,63,61
350,240,57,59
362,233,56,57
374,228,55,50
381,224,57,51
389,219,56,54
395,216,57,53
405,214,53,54
411,212,51,57
416,213,48,55
420,214,46,54
422,213,43,56
423,213,40,56
423,214,37,57
422,214,34,58
420,216,31,55
416,215,30,54
412,217,29,51
408,217,26,49
401,214,25,51
396,213,25,51
390,213,21,50
385,211,18,51
378,210,19,52
371,212,18,49
365,211,17,51
358,211,18,49
350,210,21,49
346,210,18,45
340,209,19,43
336,206,18,45
332,203,19,45
329,197,19,47
326,193,21,47
323,189,22,48
320,188,23,47
318,186,24,47
315,186,27,49
314,189,27,50
312,194,29,50
311,205,32,45
310,214,33,45
310,226,34,41
309,241,36,40
310,249,34,46
308,262,38,47
307,262,43,52
309,273,44,56
307,287,49,56
311,295,51,59
314,301,55,55
320,300,49,53
323,296,53,58
331,295,50,59
331,293,59,58
337,295,59,59
341,293,63,59
346,293,62,61
351,292,62,62
357,292,62,62
362,291,62,65
368,293,61,59
372,290,63,62
377,290,62,59
381,288,64,58
384,284,65,58
387,280,62,58
389,278,61,56
391,276,61,57
394,279,58,52
391,272,62,58
393,271,57,59
391,266,59,57
388,260,53,53
384,253,52,57
378,245,54,56
372,234,51,51
364,224,51,46
355,213,51,49
348,205,47,50
338,200,50,47
331,195,47,49
325,193,43,49
315,191,45,49
308,187,43,51
302,186,43,52
298,184,40,52
295,182,36,51
292,181,36,50
288,179,38,51
286,179,36,51
283,183,37,52
281,195,38,46
278,206,37,44
275,221,37,45
269,241,40,41
267,265,40,44
258,301,47,50
258,301,47,50
258,301,47,50
258,301,47,50
258,301,47,50
258,301,47,50
258,301,47,50
258,301,47,50
258,301,47,50
258,301,47,50
258,301,47,50
258,301,47,50
258,301,47,50
258,301,47,50
258,301,47,50
258,301,47,50
258,301,47,50
258,301,47,50
258,301,47,50
258,301,47,50
258,301,47,50
258,301,47,50
258,301,47,50
258,301,47,50
258,301,47,50
258,301,47,50
258,301,47,50
258,301,47,50
258,301,47,50
258,301,47,50
258,301,47,50
258,301,47,50
258,301,47,50
258,301,47,50
258,301,47,50
258,301,47,50
258,301,47,50
258,301,47,50
258,301,47,50
365,228,46,41
353,218,44,51
336,206,40,58
314,190,43,53
296,175,47,46
282,160,50,41
266,145,54,37
258,136,57,39
253,129,55,41
253,125,51,43
255,123,46,42
257,121,45,42
264,121,41,46
268,121,43,48
274,120,44,53
283,121,42,55
290,120,43,59
306,121,35,55
323,126,26,48
337,129,26,43
345,125,32,45
355,119,35,49
361,118,38,49
364,120,44,45
371,121,43,42
378,119,35,43
380,123,36,41
385,125,31,39
389,127,26,41
385,131,33,40
384,131,35,41
380,134,40,40
377,137,40,37
374,142,41,34
367,148,43,29
363,151,41,30
357,155,38,32
352,157,34,35
344,160,33,38
339,164,28,37
336,167,24,38
331,173,21,34
328,178,19,33
324,182,20,33
316,185,25,35
312,189,28,39
309,197,32,33
310,202,30,30
310,205,33,30
312,209,36,31
314,212,38,31
321,219,36,28
325,225,38,28
328,231,39,31
335,235,37,32
345,240,31,28
351,245,30,24
360,250,26,21
358,257,29,15
358,257,29,15
358,257,29,15
358,257,29,15
358,257,29,15
358,257,29,15
358,257,29,15
358,257,29,15
358,257,29,15
358,257,29,15
358,257,29,15
358,257,29,15
358,257,29,15
358,257,29,15
358,257,29,15
358,257,29,15
358,257,29,15
358,257,29,15
358,257,29,15
358,257,29,15
358,257,29,15
358,257,29,15
358,257,29,15
358,257,29,15
358,257,29,15
358,257,29,15
358,257,29,15
358,257,29,15
358,257,29,15
358,257,29,15
313,252,24,15
315,249,20,16
317,244,18,20
317,238,20,24
315,234,22,26
316,229,23,28
315,226,26,31
317,222,27,35
318,217,28,38
320,214,31,37
322,210,32,38
325,208,34,38
326,207,37,38
329,208,38,35
333,207,37,35
337,206,35,35
340,206,34,35
348,207,29,36
352,209,26,34
357,209,21,37
359,211,21,37
360,213,23,39
363,217,21,41
364,224,20,40
367,230,18,38
364,236,23,35
365,247,20,27
359,256,22,26
359,256,22,26
359,256,22,26
359,256,22,26
359,256,22,26
359,256,22,26
359,256,22,26
359,256,22,26
359,256,22,26
359,256,22,26
359,256,22,26
306,229,23,29
308,229,20,32
311,225,18,38
311,225,18,38
311,225,18,38
311,225,18,38
311,225,18,38
311,225,18,38
311,225,18,38
311,225,18,38
311,225,18,38
311,225,18,38
311,225,18,38
311,225,18,38
311,225,18,38
311,225,18,38
311,225,18,38
311,225,18,38
311,225,18,38
311,225,18,38
311,225,18,38
372,251,17,33
374,247,20,29
375,248,22,27
376,248,23,23
378,249,21,20
380,250,18,19
379,251,18,19
379,254,17,15
388,255,14,14
390,253,15,15
391,251,18,16
390,249,21,18
390,245,23,23
395,244,25,25
391,241,32,28
392,237,37,33
393,232,40,37
393,230,44,39
396,228,45,40
399,223,45,44
402,220,45,46
406,217,42,46
410,216,42,47
413,213,38,46
417,215,35,46
422,216,30,45
422,216,30,43
419,218,34,39
418,219,34,38
419,217,29,43
419,214,22,48
416,209,19,52
408,208,19,52
399,208,19,50
385,209,25,50
373,212,30,47
362,212,29,47
348,213,29,49
335,217,26,46
323,219,24,46
304,225,29,50
280,227,34,49
270,230,31,48
256,232,33,47
241,233,38,47
231,234,36,42
223,239,33,40
218,242,34,37
214,243,39,31
214,245,41,26
218,243,39,28
224,241,35,32
229,241,35,34
235,243,37,36
243,247,36,33
251,252,35,30
265,254,33,28
275,255,36,30
285,256,34,34
304,259,31,28
304,259,31,28
304,259,31,28
304,259,31,28
304,259,31,28
304,259,31,28
304,259,31,28
304,259,31,28
304,259,31,28
304,259,31,28
304,259,31,28
304,259,31,28
304,259,31,28
304,259,31,28
304,259,31,28
304,259,31,28
304,259,31,28
304,259,31,28
304,259,31,28
304,259,31,28
304,259,31,28
306,229,25,34
306,229,25,34
306,229,25,34
306,229,25,34
310,229,19,36
310,229,19,36
310,229,19,36
310,229,19,36
310,219,18,40
310,219,18,40
310,219,18,40
311,223,15,40
285,259,22,46
273,253,25,43
264,244,24,38
254,240,31,40
248,231,31,36
245,224,27,32
245,217,22,25
243,212,22,22
240,205,24,25
238,199,25,27
237,193,30,31
237,191,34,32
237,188,41,36
240,188,44,38
243,191,47,37
250,195,46,39
256,200,49,42
268,202,46,44
278,203,44,44
291,208,45,42
311,209,38,50
333,210,33,44
347,211,37,43
373,213,33,45
387,214,31,45
402,215,36,45
415,213,42,47
424,211,51,48
435,210,54,47
445,210,54,44
453,211,53,40
459,213,52,37
465,214,50,36
466,216,50,35
466,218,46,37
466,218,42,37
465,217,39,39
464,216,38,40
458,217,34,41
452,219,32,42
441,224,32,40
429,228,34,36
418,231,31,34
407,234,29,31
396,239,27,29
383,238,24,29
372,235,22,30
358,232,22,30
348,226,22,30
337,220,20,32
321,216,23,36
313,207,18,30
302,197,16,32
294,193,18,31
284,191,18,29
273,190,18,28
261,187,22,28
251,184,26,30
238,186,32,28
232,187,30,27
223,190,34,29
219,194,36,32
216,196,37,35
212,202,41,36
211,211,44,36
212,219,47,37
218,227,49,39
229,234,52,43
240,238,53,42
256,243,59,46
276,249,56,49
308,261,47,46
332,266,46,46
361,268,38,51
388,270,37,51
414,269,40,46
434,266,38,49
443,263,50,50
460,264,49,45
471,263,56,44
477,263,60,42
482,264,60,42
489,264,58,40
493,265,54,41
493,264,48,42
489,265,46,42
485,267,46,40
482,264,40,44
474,267,37,41
468,271,34,36
458,274,28,32
440,278,30,28
440,278,30,28
440,278,30,28
440,278,30,28
440,278,30,28
440,278,30,28
440,278,30,28
440,278,30,28
440,278,30,28
440,278,30,28
440,278,30,28
440,278,30,28
440,278,30,28
440,278,30,28
440,278,30,28
440,278,30,28
440,278,30,28
440,278,30,28
440,278,30,28
440,278,30,28
440,278,30,28
440,278,30,28
440,278,30,28
440,278,30,28
440,278,30,28
440,278,30,28
440,278,30,28
440,278,30,28
440,278,30,28
440,278,30,28
440,278,30,28
440,278,30,28
440,278,30,28
380,291,32,30
368,287,28,38
393,286,30,41
417,282,29,44
436,279,35,47
443,276,44,49
451,273,49,50
459,274,52,50
461,271,58,51
465,272,58,46
464,269,56,47
463,269,52,45
464,270,47,41
460,270,45,39
459,270,37,36
451,271,38,36
440,271,39,37
439,270,32,38
431,274,25,33
431,274,25,33
431,274,25,33
431,274,25,33
431,274,25,33
431,274,25,33
431,274,25,33
431,274,25,33
431,274,25,33
431,274,25,33
431,274,25,33
431,274,25,33
431,274,25,33
431,274,25,33
431,274,25,33
431,274,25,33
431,274,25,33
431,274,25,33
431,274,25,33
431,274,25,33
431,274,25,33
431,274,25,33
431,274,25,33
431,274,25,33
431,274,25,33
431,274,25,33
431,274,25,33
431,274,25,33
431,274,25,33
431,274,25,33
431,274,25,33
431,274,25,33
431,274,25,33
431,274,25,33
431,274,25,33
368,295,24,37
383,302,29,40
408,298,31,44
437,308,25,41
447,307,34,40
460,301,33,43
467,297,43,50
473,296,52,56
474,297,56,55
478,298,55,53
478,300,56,45
475,299,54,46
472,299,52,43
464,299,52,39
456,296,49,40
448,296,45,38
439,292,47,41
436,287,42,40
425,295,40,36
425,295,40,36
425,295,40,36
425,295,40,36
425,295,40,36
425,295,40,36
425,295,40,36
425,295,40,36
425,295,40,36
425,295,40,36
425,295,40,36
425,295,40,36
425,295,40,36
425,295,40,36
425,295,40,36
425,295,40,36
425,295,40,36
425,295,40,36
425,295,40,36
425,295,40,36
425,295,40,36
425,295,40,36
425,295,40,36
425,295,40,36
425,295,40,36
425,295,40,36
425,295,40,36
425,295,40,36
425,295,40,36
425,295,40,36
425,295,40,36
425,295,40,36
425,295,40,36
425,295,40,36
351,297,41,40
375,286,32,47
392,283,40,49
409,280,37,50
425,275,34,52
433,276,41,49
431,278,52,46
438,273,47,52
438,275,42,45
440,277,40,46
441,275,41,47
439,274,45,48
437,276,44,48
438,276,33,44
430,278,30,43
430,278,30,43
430,278,30,43
430,278,30,43
430,278,30,43
430,278,30,43
430,278,30,43
430,278,30,43
430,278,30,43
430,278,30,43
430,278,30,43
430,278,30,43
430,278,30,43
430,278,30,43
430,278,30,43
430,278,30,43
430,278,30,43
430,278,30,43
430,278,30,43
430,278,30,43
430,278,30,43
430,278,30,43
430,278,30,43
430,278,30,43
430,278,30,43
430,278,30,43
430,278,30,43
430,278,30,43
430,278,30,43
430,278,30,43
430,278,30,43
430,278,30,43
430,278,30,43
430,278,30,43
430,278,30,43
354,276,37,44
347,274,47,48
367,268,54,55
383,264,56,57
407,261,49,57
426,257,44,57
443,254,41,58
439,250,39,54
436,247,50,48
419,251,52,40
434,250,45,37
424,255,43,35
414,257,41,35
399,260,38,29
399,260,38,29
399,260,38,29
399,260,38,29
399,260,38,29
399,260,38,29
399,260,38,29
399,260,38,29
399,260,38,29
399,260,38,29
399,260,38,29
399,260,38,29
399,260,38,29
399,260,38,29
399,260,38,29
399,260,38,29
399,260,38,29
399,260,38,29
399,260,38,29
399,260,38,29
399,260,38,29
399,260,38,29
399,260,38,29
399,260,38,29
399,260,38,29
399,260,38,29
399,260,38,29
399,260,38,29
399,260,38,29
399,260,38,29
399,260,38,29
399,260,38,29
399,260,38,29
384,310,39,34
413,307,38,38
427,306,45,43
440,296,49,49
453,291,48,53
467,282,44,57
482,277,37,53
492,275,34,47
503,264,30,48
507,253,31,49
505,242,35,50
501,236,40,44
496,229,43,40
492,222,45,37
484,215,48,38
476,210,48,36
468,205,47,35
460,198,43,35
452,195,39,33
443,192,34,35
435,192,30,37
426,191,26,38
417,191,20,38
404,191,21,35
392,190,25,34
379,188,29,32
369,185,33,32
358,181,38,33
349,174,42,36
340,167,44,37
336,161,45,36
334,153,41,35
334,145,39,33
335,137,39,31
336,132,41,30
336,128,42,28
339,126,41,29
343,127,35,29
349,129,30,30
357,124,29,35
362,123,34,37
367,125,41,38
372,130,47,37
376,137,53,35
383,145,55,35
389,150,54,38
392,150,54,45
396,150,53,51
397,153,48,51
399,158,43,49
398,169,39,44
395,175,38,41
392,179,33,41
385,177,31,41
377,175,28,41
369,176,23,40
362,177,21,39
351,177,25,42
340,183,28,36
331,184,19,37
323,186,23,36
311,187,20,39
303,189,17,37
296,192,20,38
290,194,21,41
280,201,23,37
271,205,26,32
270,205,25,31
259,206,24,30
257,206,23,31
249,201,24,33
248,198,22,36
243,199,23,35
238,198,26,33
234,198,29,30
234,194,31,31
236,192,32,31
238,189,35,31
241,185,37,32
245,183,38,34
250,180,39,36
255,180,42,38
261,179,45,39
270,178,45,44
280,179,43,46
287,181,46,48
297,182,49,49
305,182,50,49
315,181,51,48
328,182,47,45
336,180,48,43
343,178,46,42
353,178,41,43
357,174,39,45
363,172,35,46
367,171,29,49
369,173,27,50
367,179,27,47
365,183,27,45
359,187,27,43
353,190,26,44
348,198,21,39
338,203,19,38
331,203,17,44
319,208,21,47
311,218,21,43
304,226,16,43
295,237,18,49
284,240,25,45
277,238,23,43
274,235,22,44
270,230,23,44
267,223,24,47
267,217,18,45
264,210,20,45
262,204,21,41
261,194,24,41
260,181,27,45
261,176,28,41
263,170,28,41
265,169,28,42
268,168,25,45
269,170,27,47
269,176,31,44
270,176,33,44
275,174,34,43
279,172,34,45
281,171,37,46
284,176,41,48
290,187,40,44
293,193,43,47
299,197,42,49
305,200,42,51
313,203,40,52
320,203,40,52
328,205,39,52
334,207,40,50
339,212,43,49
346,215,43,48
351,218,43,46
356,219,45,46
361,219,44,47
366,219,45,51
369,224,48,46
373,225,47,48
373,228,49,48
372,227,49,48
370,223,48,51
365,220,49,51
362,217,45,49
357,217,43,44
349,215,44,42
341,214,44,44
334,213,43,44
324,213,44,45
312,211,47,51
304,209,42,49
296,208,40,52
284,206,39,54
281,203,34,57
272,205,33,55
265,207,33,56
259,207,34,56
252,208,31,47
251,206,31,47
248,206,32,48
247,210,26,46
247,214,24,45
246,217,25,46
247,219,27,45
247,222,33,44
250,226,34,47
255,227,37,51
268,233,31,47
275,238,26,45
284,244,29,42
296,248,30,44
309,249,26,45
314,262,30,38
335,252,30,45
348,253,31,49
363,257,30,51
376,254,32,58
389,254,34,57
393,255,41,63
411,252,37,59
418,255,35,53
427,255,33,51
432,254,27,51
434,253,29,53
436,251,29,54
439,251,29,55
442,252,30,55
440,252,32,58
439,253,33,60
436,254,31,63
431,256,31,60
423,260,32,58
412,263,37,58
398,268,40,57
387,269,48,56
373,268,52,57
351,274,58,50
336,272,61,56
328,273,66,62
311,269,58,56
298,265,56,57
294,265,46,51
279,264,47,48
266,262,47,45
256,261,54,46
246,259,47,40
240,255,45,38
235,254,45,34
230,251,47,33
227,248,45,35
225,248,46,34
225,246,46,36
225,244,48,38
228,243,46,39
232,246,46,39
235,249,47,38
243,254,47,40
247,258,50,42
260,263,48,40
271,265,47,42
286,268,48,41
294,268,54,48
310,267,53,53
318,266,56,57
327,271,69,53
352,272,61,51
375,270,54,54
392,272,46,52
407,267,36,56
423,261,34,55
436,257,31,59
444,256,31,55
451,254,33,51
458,251,33,52
462,251,33,52
462,249,39,53
461,247,41,54
460,248,38,54
457,250,36,53
451,253,36,53
441,258,36,51
435,260,32,47
422,265,35,49
418,272,26,45
406,276,33,49
406,276,33,49
373,278,23,55
353,274,27,58
330,278,36,56
313,267,37,54
305,266,30,52
294,264,24,48
285,265,27,43
271,258,27,45
256,252,30,47
246,249,33,45
239,244,35,42
233,239,31,42
231,236,28,43
230,232,27,43
228,231,27,42
228,229,28,44
232,227,26,44
233,231,27,42
235,231,30,42
242,231,34,46
250,228,33,47
263,227,31,46
276,223,34,48
282,225,38,48
311,226,29,45
318,228,34,42
343,230,27,37
359,228,29,39
377,227,29,40
397,224,29,43
414,215,31,43
428,203,33,48
442,190,35,50
452,179,38,48
461,165,41,49
467,154,44,47
469,144,50,44
473,136,50,43
472,132,54,40
472,131,52,41
472,134,47,43
467,131,44,51
456,140,47,48
442,148,45,47
427,158,48,47
409,165,50,46
392,174,49,46
376,177,45,50
360,184,37,53
349,192,29,53
334,208,25,52
316,221,27,45
307,229,24,42
294,228,23,45
279,230,22,45
270,233,25,46
264,231,24,46
258,232,27,43
256,232,28,45
252,231,29,42
246,229,32,40
247,228,27,41
248,227,25,43
247,227,26,44
248,229,27,44
248,231,29,46
252,233,31,45
255,235,31,44
268,235,23,45
274,238,25,43
279,234,29,49
287,242,31,48
300,243,32,48
313,238,31,46
326,240,28,47
345,237,26,55
360,234,25,51
374,234,27,48
389,232,28,47
401,231,31,46
412,228,32,51
421,224,34,54
428,220,35,56
433,219,37,56
436,218,37,56
435,218,39,57
435,221,41,53
433,226,40,55
432,237,42,55
432,250,41,59
428,265,43,59
419,278,53,62
413,291,48,61
401,298,44,58
389,303,43,53
375,307,47,49
356,310,53,44
340,309,54,44
326,308,53,46
313,307,51,47
301,306,50,49
290,303,48,47
279,301,47,48
264,299,48,55
251,298,54,54
243,294,47,46
235,291,46,45
229,287,46,44
224,285,47,41
220,281,48,39
221,273,45,41
220,268,47,41
222,261,46,43
223,259,48,42
224,260,48,44
226,264,46,45
229,268,44,46
233,277,44,41
238,281,44,42
245,282,48,45
258,285,46,46
264,292,47,49
283,287,44,55
293,289,48,57
304,295,50,59
317,300,51,56
335,302,47,53
351,301,45,52
367,301,41,51
381,299,41,57
396,297,37,55
403,292,36,56
416,282,29,58
422,280,27,54
424,269,28,52
425,258,28,53
422,248,30,57
419,239,33,56
415,231,33,54
410,228,33,52
405,226,34,54
402,227,34,53
395,227,32,51
389,227,27,56
384,229,19,49
373,233,22,49
362,235,24,51
353,237,23,48
339,244,28,48
332,256,24,40
319,273,28,41
311,283,23,42
305,293,21,39
296,297,25,45
290,292,28,51
288,286,27,53
287,282,25,57
285,280,24,56
287,275,24,53
286,269,26,50
286,264,28,50
286,259,31,52
288,256,31,51
289,253,32,53
293,251,31,54
295,252,32,54
297,255,34,54
302,257,34,54
306,259,35,54
308,264,36,52
310,265,42,55
312,267,47,57
316,267,48,56
321,268,49,60
329,272,47,54
332,273,49,53
336,272,50,58
344,277,45,51
345,276,46,54
347,277,46,56
348,278,47,53
348,278,48,55
350,276,47,59
350,277,47,59
349,279,46,57
350,280,41,60
347,280,42,60
342,281,43,63
338,279,43,67
332,276,42,72
326,274,46,78
315,275,49,77
311,274,46,79
306,271,45,83
299,274,47,78
294,274,46,76
287,278,45,69
274,280,51,63
273,280,46,60
270,278,43,64
268,276,39,62
265,275,41,60
265,272,35,63
267,271,30,58
268,271,29,60
269,270,26,59
270,271,27,56
274,270,24,59
278,270,23,57
282,272,26,52
288,272,22,51
291,269,24,53
294,267,24,53
299,269,23,51
303,266,23,50
308,266,22,51
311,266,23,51
311,265,27,52
311,266,32,55
320,271,28,54
326,273,26,56
331,279,24,53
335,277,22,58
337,279,23,61
339,282,23,62
343,286,21,63
343,289,23,65
346,292,22,63
346,295,22,62
348,300,22,55
348,304,23,51
348,308,24,48
348,312,24,42
347,308,26,46
347,305,25,49
347,300,24,55
343,294,27,59
342,292,28,62
340,285,28,71
337,279,29,75
335,278,29,78
333,279,29,77
331,277,30,79
331,278,28,78
329,279,27,77
328,282,27,74
327,284,25,72
325,285,26,71
327,285,22,71
328,291,20,62
327,291,21,63
326,291,20,64
326,289,19,64
326,286,18,65
325,278,18,66
325,273,18,61
325,268,19,56
328,259,16,51
329,249,15,49
329,240,16,50
330,233,16,49
332,227,14,48
332,225,13,48
332,225,13,45
332,225,14,45
332,225,14,47
332,228,14,47
331,234,14,47
332,239,14,48
330,245,15,50
330,254,15,53
330,263,15,53
329,270,17,55
328,277,20,58
327,284,21,61
328,287,22,67
327,287,26,69
327,288,27,66
326,287,32,69
326,285,37,68
325,280,43,75
327,274,48,79
329,269,54,85
329,247,63,98
333,234,63,94
333,222,68,94
333,215,74,91
337,208,76,92
338,206,80,89
339,208,80,89
338,217,80,88
340,223,81,90
336,234,85,95
329,243,100,106
323,259,104,98
315,267,106,96
312,270,99,90
311,275,96,81
316,284,79,73
310,283,79,73
306,287,74,68
306,287,70,68
306,286,68,69
305,284,65,72
305,278,62,72
301,273,61,70
301,269,57,63
297,264,59,57
296,260,57,55
295,258,56,53
294,257,56,50
295,254,54,50
294,255,55,49
294,258,53,46
292,261,53,46
295,263,50,46
298,267,48,45
298,269,46,47
303,274,42,48
307,275,38,52
307,281,38,52
311,281,35,59
315,282,33,64
319,285,31,64
320,283,34,70
328,281,31,73
341,278,22,72
343,267,26,77
352,259,24,80
356,244,29,83
359,232,35,86
360,223,41,86
365,211,43,89
365,205,48,90
366,199,55,89
363,197,62,87
363,198,66,90
361,202,69,92
362,210,69,87
359,218,70,90
357,230,69,89
346,242,80,86
339,252,88,93
323,263,93,91
311,266,108,90
307,265,109,88
304,265,116,87
299,268,132,85
297,265,136,87
296,267,136,87
294,266,134,90
289,268,136,89
294,266,150,89
295,260,146,94
280,249,155,93
295,260,149,98
298,259,146,93
300,268,140,98
304,263,138,93
302,263,140,93
300,262,146,91
303,263,138,94
304,262,139,92
300,262,145,91
301,264,141,95
304,263,139,92
302,257,140,99
303,241,134,114
304,233,127,121
304,235,130,123
302,223,132,138
307,220,126,137
310,216,117,124
317,193,94,107
327,167,81,96
331,171,79,76
332,160,78,63
339,151,73,60
336,142,72,53
338,133,71,49
337,126,68,50
339,123,63,49
338,123,60,50
337,123,56,56
339,128,51,56
338,135,50,55
337,140,46,56
338,147,42,53
338,152,41,54
338,157,36,53
338,164,37,48
340,169,36,47
339,176,36,46
340,183,34,43
341,188,32,40
344,191,31,39
346,190,29,38
347,191,29,37
349,190,27,35
350,187,28,37
350,186,27,35
351,183,27,36
351,182,27,37
352,181,27,35
353,180,27,35
352,181,27,35
352,182,26,35
352,185,27,35
350,187,29,38
349,189,29,39
348,189,29,40
347,190,29,41
345,190,32,43
345,190,31,42
341,189,34,45
338,187,36,46
337,185,37,46
336,183,39,46
333,183,40,45
332,180,41,47
331,178,42,48
327,177,45,48
327,177,46,48
325,174,47,51
325,174,47,51
322,172,51,52
321,171,50,53
318,172,53,51
317,171,53,53
317,169,54,53
316,167,55,53
317,170,55,50
314,169,57,51
314,171,56,50
316,172,56,51
315,175,53,51
317,179,53,49
317,180,53,52
321,184,48,50
323,186,47,51
324,190,46,48
326,193,42,50
328,196,41,49
330,200,39,48
330,205,35,47
331,209,34,46
332,210,31,49
333,211,29,46
334,209,26,48
335,208,23,47
335,206,21,46
335,205,19,45
335,202,17,45
336,199,14,47
335,197,13,47
334,195,12,46
332,193,14,45
330,189,15,47
327,185,16,47
324,182,19,46
322,176,19,47
317,171,24,49
315,169,26,46
313,165,27,46
309,161,30,47
306,159,33,42
304,155,36,42
301,150,37,40
300,146,39,38
298,139,40,40
296,133,43,43
295,126,44,45
294,120,46,43
293,114,49,45
294,109,50,44
295,107,50,42
295,101,53,43
296,97,54,43
296,95,56,43
301,95,50,41
304,91,50,43
306,90,50,43
310,89,50,44
312,89,50,44
313,89,50,46
317,90,48,46
319,91,49,46
320,91,49,48
321,91,50,47
323,92,50,48
326,95,48,47
327,98,46,47
329,102,43,45
330,105,43,46
330,108,41,48
320,138,36,47
325,142,28,44
325,145,25,47
323,144,23,48
323,147,20,47
319,147,22,49
318,148,21,49
318,149,19,50
316,148,21,53
316,155,20,48
315,157,20,49
314,158,20,51
313,159,22,53
312,162,23,50
312,163,25,50
311,165,27,50
312,165,29,51
311,167,32,53
311,168,33,51
310,168,36,52
310,170,38,53
311,173,40,54
311,175,42,52
312,179,44,49
313,181,45,51
314,185,46,49
314,188,48,50
314,191,48,50
316,194,48,50
318,197,49,49
317,200,51,48
317,203,50,47
319,203,51,49
319,206,51,47
320,208,50,48
321,211,51,45
320,213,51,45
321,214,50,47
320,215,49,49
320,216,46,50
321,218,48,50
319,219,46,48
319,219,44,49
318,219,45,49
320,220,41,48
320,221,42,47
318,221,39,50
321,225,39,46
318,227,37,44
318,230,33,47
315,234,36,51
317,234,31,51
315,237,30,54
316,238,27,54
314,240,27,55
311,241,29,56
313,242,25,58
310,243,25,54
312,249,23,54
312,249,21,54
311,256,21,51
312,255,20,52
313,254,20,53
312,253,22,56
311,255,23,54
311,255,26,55
310,254,28,56
311,255,29,56
311,260,32,55
311,265,33,53
310,264,37,57
312,265,39,58
311,266,42,60
311,268,45,60
310,269,48,59
310,275,50,55
311,276,51,55
311,271,53,61
314,274,54,60
311,270,57,63
315,274,55,60
314,275,60,62
316,276,58,61
319,275,58,67
316,276,61,67
321,279,54,58
325,280,53,67
322,277,58,73
321,276,61,72
318,275,73,76
314,270,81,86
308,268,100,87
309,266,126,91
304,267,139,94
303,265,138,89
303,265,137,97
302,262,139,94
306,269,135,94
302,265,141,93
305,266,135,93
303,263,139,96
304,268,138,93
303,262,140,90
304,265,138,92
300,269,145,94
300,268,144,86
300,268,145,89
302,264,141,87
300,267,144,91
303,268,142,89
299,270,146,89
301,266,139,91
298,265,146,92
300,267,143,91
300,265,144,91
299,268,145,96
304,265,143,89
302,269,142,90
302,263,138,90
298,266,147,89
302,263,141,94
299,269,142,91
301,264,139,90
298,268,147,95
300,267,144,90
300,268,143,86
297,265,147,90
300,268,142,89
300,265,142,88
297,266,148,90
301,266,141,88
302,266,140,91
300,266,142,86
300,267,144,89
298,265,144,86
300,269,143,86
301,265,138,89
304,268,137,89
304,268,137,86
306,265,133,87
300,267,142,89
303,267,140,85
304,271,139,85
305,266,138,86
302,268,142,88
302,264,140,90
305,267,137,89
306,265,133,92
306,267,135,91
303,267,137,88
302,267,142,88
299,267,145,90
303,262,137,89
303,267,139,92
302,266,140,86
303,268,137,91
307,264,131,90
300,266,142,88
301,267,140,88
302,266,140,88
302,271,143,91
303,262,139,90
300,266,143,94
301,261,144,89
298,268,146,91
299,266,145,86
300,268,144,90
300,264,145,87
301,269,143,92
300,262,143,89
307,271,138,93
299,266,142,91
307,264,134,96
306,264,139,87
306,268,138,91
305,262,138,92
301,271,143,91
306,267,136,92
301,267,143,87
301,268,143,89
303,268,141,84
299,268,146,86
301,267,143,87
302,269,140,86
302,268,140,84
301,268,140,88
303,267,137,88
301,265,140,88
299,265,143,87
303,266,138,86
303,270,136,88
303,265,136,86
303,270,137,92
304,266,136,91
301,267,137,88
304,265,134,89
305,266,134,89
304,269,137,84
302,265,140,87
300,266,142,89
303,269,137,85
303,266,135,92
300,263,140,91
300,267,141,90
301,265,137,90
300,267,141,87
301,267,140,92
301,265,139,90
298,259,144,92
301,266,140,91
300,266,140,92
300,264,140,93
299,263,140,92
299,266,139,91
297,264,143,93
296,265,147,93
295,263,150,91
299,264,139,92
296,260,147,98
300,258,142,98
300,257,142,97
298,261,141,94
303,262,139,93
304,265,139,92
307,261,136,97
302,268,138,90
301,267,141,93
303,263,140,95
305,266,136,94
304,262,139,90
304,266,137,91
308,263,132,92
303,265,139,89
308,265,132,96
310,265,130,94
304,266,140,94
296,269,149,95
302,260,138,95
297,268,145,94
305,264,138,91
297,271,148,91
308,172,128,90
316,179,119,71
327,172,99,86
356,181,85,74
360,188,62,62
376,191,57,60
395,189,48,60
416,191,39,61
425,191,39,62
434,193,39,61
440,193,39,64
442,195,43,61
444,197,44,57
442,198,45,54
438,196,46,56
433,198,45,55
426,201,49,54
419,203,52,55
408,208,52,53
396,212,53,52
385,214,53,56
372,219,51,53
357,223,51,48
341,226,51,46
325,229,56,47
307,227,64,48
290,225,57,53
278,222,48,55
263,220,53,54
251,220,50,51
241,214,46,52
230,209,47,52
222,204,46,53
216,204,44,50
212,199,40,51
208,200,42,51
206,199,41,51
207,202,42,50
209,203,41,51
211,207,41,50
219,213,39,49
225,217,42,50
233,222,46,54
242,227,51,52
251,233,58,51
259,235,57,52
276,236,44,56
282,239,48,53
299,242,51,58
316,246,56,59
340,246,66,58
365,247,65,53
382,245,56,53
403,240,52,57
423,238,44,54
438,232,46,52
450,229,44,48
459,223,48,48
467,219,46,48
472,216,46,48
476,212,48,50
477,211,47,51
468,220,41,51
460,224,37,56
447,232,38,57
434,237,36,58
416,245,39,54
400,248,33,55
379,251,33,57
357,248,29,62
330,264,34,63
309,264,36,52
294,264,32,47
294,264,32,47
260,255,28,48
244,255,34,45
235,247,32,45
226,242,28,40
218,236,32,40
215,231,32,38
215,227,31,37
217,224,30,37
219,223,30,35
222,221,31,34
227,223,30,33
234,224,30,32
244,229,25,29
251,231,28,28
261,236,25,26
278,238,20,28
283,244,22,23
301,249,20,30
316,243,17,26
316,243,17,26
346,248,17,21
357,248,14,17
370,251,14,14
380,253,15,15
390,252,17,17
402,253,17,17
412,252,20,19
420,252,23,23
426,252,26,29
431,247,25,35
434,245,26,37
433,242,28,41
434,241,30,45
431,241,28,47
427,242,29,50
423,241,30,52
415,243,36,49
403,245,44,44
390,246,50,42
380,248,53,43
372,249,49,39
351,248,42,37
341,248,33,43
323,250,39,40
304,247,44,45
287,242,45,48
275,238,45,48
263,236,35,44
252,228,31,49
244,220,34,44
232,213,40,45
226,208,40,44
226,204,33,45
227,202,27,42
225,203,28,34
223,204,33,29
224,205,35,24
227,204,37,27
232,205,41,31
238,209,39,31
248,214,37,30
258,218,34,29
272,221,30,29
285,223,25,32
290,229,31,38
311,235,29,36
323,237,29,30
337,244,30,27
350,247,33,22
365,249,36,22
376,250,34,25
396,249,30,22
410,247,26,24
422,244,25,31
436,236,24,35
440,227,30,36
444,214,35,41
448,206,39,43
453,201,37,44
459,196,32,47
461,192,27,47
461,187,26,50
458,186,29,49
451,187,35,46
439,189,47,44
425,189,55,41
413,190,54,38
401,188,58,40
389,189,52,41
378,187,48,44
370,189,39,44
367,186,38,47
357,186,28,48
351,186,29,48
344,187,27,48
324,187,36,48
309,186,41,47
290,182,50,47
279,178,47,47
270,177,46,43
261,176,44,39
256,175,38,36
254,167,34,38
253,165,31,35
255,161,30,36
254,159,30,39
253,157,32,41
254,157,36,42
255,158,41,46
259,163,41,48
262,172,41,47
269,185,36,43
276,192,34,47
284,198,32,47
295,203,24,51
302,212,23,49
314,227,21,41
327,234,18,45
334,245,20,41
345,246,24,39
351,253,29,42
358,260,37,45
366,259,41,53
374,259,47,57
383,257,47,59
388,256,50,59
399,258,46,60
409,257,43,56
412,252,43,58
416,250,39,55
422,247,32,59
426,243,28,60
426,241,27,58
421,237,32,53
416,226,34,56
407,218,40,58
396,210,49,58
384,204,55,57
372,197,61,58
363,194,61,55
353,190,60,55
346,189,56,52
338,183,51,49
329,178,45,49
319,175,45,47
314,169,36,47
306,165,28,45
298,157,27,46
288,146,31,48
283,142,32,48
276,136,37,49
272,133,41,47
267,130,45,40
267,128,48,34
269,124,48,33
272,121,47,35
275,118,47,36
281,119,41,34
286,118,39,37
292,120,39,39
301,124,35,39
307,128,34,40
317,130,31,42
327,134,25,41
339,139,18,41
349,142,16,41
359,141,14,45
366,142,16,46
371,145,19,44
375,146,24,43
379,150,27,40
380,153,34,37
382,155,37,37
384,156,39,37
385,158,43,37
385,160,43,37
384,164,43,37
383,168,42,36
381,172,40,35
380,176,38,35
376,180,34,34
374,182,30,38
368,183,28,38
363,182,24,39
356,181,22,41
349,179,23,42
339,182,22,36
333,182,17,34
328,175,17,37
318,173,22,40
305,176,26,39
297,181,27,42
286,187,30,43
281,194,32,41
279,194,38,37
279,193,38,36
281,193,35,36
286,193,36,36
293,192,38,36
300,190,43,36
308,189,45,36
318,186,45,35
330,187,44,34
339,186,47,32
354,184,44,33
363,183,45,35
373,180,44,37
382,177,43,38
391,175,40,39
397,172,40,38
402,172,37,39
405,170,33,35
405,164,30,35
406,164,29,35
403,160,30,33
402,159,31,34
396,154,32,33
389,149,33,32
382,146,34,31
376,144,31,29
369,142,30,29
364,139,29,27
361,139,31,22
359,134,31,26
362,129,29,29
365,131,30,22
365,131,30,22
365,131,30,22
365,131,30,22
365,131,30,22
365,131,30,22
365,131,30,22
365,131,30,22
365,131,30,22
365,131,30,22
365,131,30,22
365,131,30,22
365,131,30,22
365,131,30,22
365,131,30,22
365,131,30,22
353,129,31,25
353,129,31,25
356,126,30,31
356,126,30,31
356,126,30,31
342,130,30,26
344,128,33,28
354,123,31,32
367,119,26,34
377,119,26,35
383,125,29,34
382,135,31,35
377,137,27,35
369,137,28,35
364,131,32,42
363,130,36,40
364,130,38,38
363,127,38,40
362,124,41,40
364,119,39,41
368,116,35,42
372,112,33,41
376,106,32,41
381,101,32,38
388,95,30,38
393,91,28,37
396,88,24,37
397,86,22,37
395,86,21,38
392,85,22,37
389,83,23,38
388,82,24,36
388,78,25,38
387,75,24,38
384,71,24,39
380,70,26,39
372,69,28,37
362,71,34,33
355,74,37,40
355,74,37,40
345,82,36,36
338,90,38,40
331,101,42,46
328,111,41,54
324,133,33,50
316,156,30,51
311,194,27,44
311,225,24,40
312,228,26,39
318,217,27,47
325,197,36,46
327,187,45,39
331,178,46,32
340,173,43,32
345,170,43,35
352,166,44,39
358,162,43,45
381,176,37,34
380,177,38,37
374,180,44,38
372,186,45,32
369,190,43,34
365,195,43,39
365,195,39,46
360,195,37,45
356,194,37,44
350,192,39,46
343,193,41,47
338,194,42,47
332,198,41,43
330,199,38,41
329,196,35,40
327,196,29,40
327,198,23,39
325,200,25,40
322,201,25,42
320,204,25,45
317,204,30,46
314,205,38,48
311,208,45,45
310,209,48,44
313,210,48,42
314,212,49,39
318,214,43,36
325,214,39,33
335,214,29,33
338,213,27,34
346,212,20,35
348,213,19,33
356,211,15,36
359,209,18,39
361,207,22,42
363,206,27,42
364,205,32,41
365,204,36,41
368,203,36,41
373,204,35,39
376,203,33,39
381,202,27,35
388,200,21,34
387,199,21,31
394,198,14,27
397,194,13,29
396,192,18,28
395,189,24,30
393,186,28,32
392,184,31,31
390,183,32,30
390,183,31,30
391,183,29,31
391,185,25,31
391,186,21,33
392,189,16,34
391,195,13,34
389,199,13,35
383,203,18,35
377,206,24,37
369,209,30,38
361,211,37,40
354,213,41,42
347,211,43,44
342,209,43,44
336,205,42,46
332,200,37,46
320,194,36,49
322,186,27,49
315,176,26,50
308,167,30,49
301,157,38,46
296,149,43,40
293,143,48,33
291,137,50,33
285,134,56,32
285,131,55,38
287,130,49,44
292,131,40,50
295,141,38,50
298,149,36,50
305,164,32,48
311,184,32,41
314,194,37,43
319,204,41,44
323,211,44,46
329,217,42,46
336,222,39,43
338,223,39,39
348,220,32,36
356,217,28,36
360,216,24,37
366,219,22,37
371,220,22,38
374,222,21,36
382,222,17,28
387,217,16,28
389,212,18,30
392,210,20,26
394,208,22,25
400,207,18,24
404,206,15,25
410,205,11,26
411,201,12,28
414,198,10,31
414,197,12,32
413,196,14,32
410,197,18,29
410,198,17,27
411,195,15,29
409,195,14,28
406,194,15,29
403,195,18,29
399,195,20,32
396,195,21,36
391,194,23,41
385,188,28,44
380,185,31,44
375,176,34,47
370,171,40,48
364,168,46,47
357,160,53,48
350,156,57,45
346,148,58,45
340,144,60,42
335,143,59,36
331,143,57,30
327,142,56,30
322,143,53,32
318,145,50,37
317,150,43,43
314,156,38,47
310,163,39,51
308,172,40,48
308,180,41,49
312,188,35,52
316,197,30,53
325,201,24,56
334,202,21,58
340,204,26,55
349,204,30,52
362,202,33,53
373,200,37,53
383,198,43,56
395,200,48,55
407,201,54,57
421,202,59,54
435,206,60,53
451,206,58,51
470,210,52,49
475,210,51,48
486,211,52,49
491,210,46,50
504,211,44,52
516,208,42,55
525,203,40,59
528,201,45,57
525,198,49,56
519,195,53,53
511,192,52,51
502,186,49,58
494,180,44,62
481,174,40,65
464,171,39,68
441,169,44,66
423,164,40,65
400,161,43,62
377,152,48,62
358,148,49,61
342,141,47,56
322,140,52,49
309,138,50,49
294,140,50,39
285,139,49,41
277,140,45,39
271,140,50,37
268,140,50,39
266,140,50,40
268,140,50,40
271,142,49,41
276,144,48,42
284,148,49,41
292,154,49,39
300,163,49,40
308,171,49,42
318,185,47,46
331,199,44,46
346,208,39,51
357,212,36,55
372,219,32,52
386,223,28,49
402,223,23,48
416,224,21,51
428,226,20,51
437,232,25,53
445,234,31,59
452,235,34,58
454,235,41,58
456,231,41,59
455,227,46,62
450,224,48,61
446,223,52,62
439,225,57,59
431,225,58,58
419,225,61,56
409,223,59,57
396,221,61,55
382,221,61,52
370,220,62,52
355,216,62,54
344,213,56,53
330,207,55,54
318,202,53,55
307,196,50,51
298,189,49,53
290,184,46,53
282,177,45,52
277,170,44,51
275,163,41,49
272,158,41,48
271,155,37,46
271,153,37,45
272,156,34,42
271,160,32,41
273,163,31,43
277,163,28,46
282,167,27,45
288,171,24,49
295,176,22,49
298,182,21,48
306,198,22,42
315,212,22,40
323,221,23,39
334,231,18,32
344,238,22,33
351,242,25,35
362,245,28,38
371,245,34,36
378,248,37,40
385,246,43,48
393,242,47,50
402,238,50,54
407,235,56,55
416,229,54,55
420,224,57,55
424,216,53,58
430,209,51,57
431,203,50,56
429,197,53,54
426,189,51,56
420,180,53,56
413,174,52,54
404,165,53,57
395,162,52,53
387,158,48,48
375,153,47,46
363,147,47,47
354,143,43,45
343,137,41,48
334,132,37,49
327,130,30,44
315,127,37,44
307,127,37,39
302,128,35,37
297,127,33,37
293,124,31,41
290,126,29,43
286,129,32,49
282,139,33,50
282,153,28,49
281,167,28,48
282,179,26,49
283,185,28,49
282,188,29,53
283,196,30,49
290,206,25,54
289,221,31,49
302,233,27,52
310,239,27,55
314,242,34,56
323,249,37,52
337,251,36,52
349,249,38,51
361,249,35,52
373,249,38,53
384,249,42,55
393,245,44,55
404,244,43,54
411,240,44,53
417,236,44,49
422,230,44,48
425,221,48,52
427,213,48,54
428,204,44,56
427,197,50,53
421,188,50,56
418,183,50,53
413,177,48,52
405,174,48,48
396,170,47,46
386,164,46,45
375,158,44,45
364,151,43,47
355,147,40,46
343,142,39,45
335,139,32,47
328,138,26,47
314,140,30,46
305,144,29,48
296,151,26,47
290,152,27,46
286,151,28,48
283,152,30,47
281,158,29,46
280,164,28,46
280,175,27,45
278,188,28,43
277,203,28,43
278,214,27,47
280,224,28,49
279,234,33,48
290,243,28,52
300,252,26,49
308,261,25,50
313,272,28,48
324,283,28,47
334,286,26,47
345,285,23,55
353,291,26,49
369,292,25,48
378,289,25,53
387,286,24,56
398,290,31,52
413,285,27,57
418,279,26,58
418,279,26,58
428,269,27,56
433,260,27,53
434,250,25,53
434,238,26,57
433,225,25,52
428,213,26,54
422,203,27,52
413,189,32,55
406,178,31,53
396,168,32,51
386,159,32,47
373,150,36,44
361,139,37,44
350,133,39,40
338,130,40,38
329,129,40,37
316,129,45,37
306,130,46,39
299,133,47,40
290,136,48,42
283,140,48,46
279,150,45,44
273,163,43,44
264,176,49,49
260,198,47,45
254,213,49,50
252,232,48,47
256,242,48,43
259,256,50,43
265,268,48,42
270,275,48,44
282,277,44,45
291,280,46,43
306,279,44,46
318,278,46,56
330,279,54,65
336,280,66,73
334,276,80,80
336,267,93,87
331,265,107,90
317,262,129,91
305,264,132,91
296,269,149,86
298,263,144,89
400,277,121,76
438,286,101,66
455,286,90,67
466,286,73,68
475,288,62,63
477,289,65,66
481,291,65,63
484,295,65,61
485,297,61,62
483,296,63,61
482,292,60,64
481,287,58,68
475,279,59,72
475,275,57,61
470,268,59,66
471,263,56,60
465,256,57,58
460,246,58,54
456,238,53,54
451,232,51,53
443,229,50,49
439,224,48,48
435,220,47,52
428,214,46,57
426,209,40,63
421,204,39,68
418,199,36,69
414,192,34,72
411,184,30,74
408,181,28,69
401,174,31,68
400,166,29,68
396,161,31,69
396,154,29,73
394,150,30,78
393,148,30,76
397,144,25,76
399,137,25,73
401,129,25,74
404,121,26,76
407,118,26,75
409,117,27,74
408,110,31,80
418,110,24,82
419,110,26,81
420,109,28,85
422,113,28,83
422,124,28,77
423,126,30,80
420,130,32,83
419,135,36,79
416,140,40,78
414,147,42,75
410,153,47,75
405,160,53,71
401,169,57,67
397,182,60,60
396,190,61,62
395,206,59,60
391,215,64,62
390,225,64,65
390,227,63,72
393,224,58,74
393,223,61,71
392,222,62,70
391,219,67,74
389,217,73,77
390,211,76,78
393,207,81,76
394,200,86,79
400,195,84,81
401,193,89,81
407,191,90,82
