234,240,70,74
234,240,69,74
238,242,66,73
238,242,66,72
242,241,63,73
241,243,62,71
244,243,59,70
248,243,55,72
251,244,51,72
253,245,49,72
254,247,47,71
258,248,42,70
259,251,42,71
262,248,37,73
264,248,35,75
265,248,32,75
267,250,30,75
268,250,25,75
269,253,22,73
219,239,27,74
266,248,22,76
263,252,24,73
258,250,27,73
255,253,25,73
248,256,29,68
243,253,30,71
237,249,31,74
231,247,31,77
223,246,33,74
219,244,32,73
211,243,35,70
206,243,36,66
199,241,38,65
192,244,43,59
189,242,46,59
186,245,47,56
186,246,50,53
186,247,51,55
188,247,54,57
192,247,56,57
202,251,51,56
211,251,52,55
222,254,55,54
234,255,55,53
243,253,63,58
256,254,65,53
277,251,62,59
289,247,73,63
308,244,78,62
334,240,86,67
359,232,81,69
382,228,80,71
422,223,64,76
446,219,61,78
463,215,63,82
482,214,64,75
505,214,63,68
521,214,62,69
534,212,60,78
544,210,60,77
552,214,58,78
551,214,54,76
549,219,59,72
542,222,60,74
534,226,58,74
524,231,63,73
509,240,54,71
484,247,63,69
466,249,52,70
451,251,42,69
430,258,47,66
396,265,46,63
377,268,43,64
369,268,50,62
349,267,47,63
315,266,50,70
297,263,46,67
285,265,33,52
260,261,32,56
239,260,36,51
224,246,30,61
208,238,35,61
194,233,34,59
185,226,32,57
180,220,32,56
174,217,34,57
169,213,38,59
166,213,40,59
165,212,41,60
168,217,42,61
173,221,41,60
177,226,41,58
184,232,45,58
194,238,48,62
207,247,52,61
224,253,55,60
242,264,65,60
259,271,63,56
291,274,55,65
316,276,62,77
338,283,71,71
373,282,61,72
420,284,46,72
458,282,42,72
475,276,48,77
502,275,52,69
525,270,57,67
542,255,65,76
560,246,69,82
571,240,66,79
579,236,59,79
586,231,51,79
594,229,42,82
596,230,39,83
591,232,44,89
584,240,51,85
574,249,57,87
558,253,72,103
528,267,93,90
504,281,86,81
482,290,76,73
459,300,64,59
428,311,64,47
389,319,57,36
362,320,43,36
338,315,37,38
310,308,35,43
288,307,31,44
262,297,38,53
237,283,41,59
217,267,44,61
200,259,47,57
187,247,50,65
179,237,48,63
174,228,48,61
171,221,47,57
169,219,44,52
167,219,47,50
173,217,46,48
175,218,44,45
180,222,44,43
188,225,41,43
198,230,37,40
211,238,28,38
225,245,26,34
235,255,22,26
249,272,26,32
264,281,28,37
281,287,31,38
301,295,32,42
322,301,38,43
344,300,47,53
366,299,56,54
408,295,60,59
431,287,65,65
460,278,61,72
477,271,70,83
499,265,71,76
522,259,71,77
549,248,72,79
563,241,68,66
573,240,62,54
572,233,64,54
572,231,64,50
570,232,65,53
566,234,67,58
561,238,75,59
548,245,81,65
530,256,92,68
515,267,105,71
486,275,117,78
461,285,123,72
436,291,101,65
415,302,85,54
390,310,81,48
347,308,77,47
329,309,70,46
302,308,57,48
280,310,50,44
263,311,43,45
240,283,38,41
229,288,34,33
220,278,31,35
206,263,34,41
195,255,40,41
181,248,52,41
175,241,55,43
171,239,58,41
169,236,58,42
171,235,59,41
175,236,54,42
180,238,50,39
182,238,50,44
192,240,44,43
203,242,36,42
207,238,32,44
219,241,26,42
229,244,25,43
236,252,31,46
242,258,37,48
253,260,40,51
262,261,49,56
271,264,49,54
284,268,49,54
297,269,52,58
307,274,55,55
314,274,59,55
328,281,54,53
341,281,46,54
354,285,36,50
367,286,27,54
373,288,24,57
375,288,26,58
376,286,29,66
376,288,33,63
370,290,44,61
362,291,54,62
355,292,60,62
349,293,64,61
340,293,68,61
333,295,70,61
325,298,68,56
319,299,67,55
313,302,60,53
303,302,62,53
299,303,58,52
289,304,56,52
286,304,48,52
285,303,38,52
280,299,33,54
273,300,34,55
271,299,31,55
268,297,24,54
266,295,21,56
260,292,24,60
257,290,27,63
251,287,34,62
247,285,42,64
245,285,47,62
243,280,52,68
241,280,60,67
241,278,58,63
242,274,64,59
242,272,64,56
244,271,66,55
248,272,64,53
253,268,59,56
258,268,56,54
266,267,47,55
274,264,43,58
281,266,38,57
285,264,35,57
292,266,30,56
298,268,25,55
308,265,19,59
309,264,21,62
309,266,26,64
312,269,33,63
309,269,41,68
308,272,51,65
307,273,59,68
308,275,62,68
306,276,64,71
305,279,67,71
304,277,69,74
305,275,71,75
303,275,66,76
303,275,62,77
299,278,64,74
300,276,60,73
298,275,56,72
298,278,53,67
295,281,48,59
296,279,41,61
295,279,35,60
295,280,29,58
294,279,24,59
293,277,20,62
292,272,19,64
289,274,21,67
284,277,26,61
280,276,30,58
274,276,35,60
268,276,41,51
266,274,42,55
262,275,48,55
260,274,48,58
255,272,53,58
252,276,62,48
254,276,59,51
255,275,58,54
256,275,57,53
258,275,54,53
260,276,55,53
262,277,54,52
264,278,50,52
268,281,47,48
272,282,45,47
275,284,43,50
278,282,40,59
284,283,32,58
290,284,27,58
294,284,24,60
298,287,20,60
301,285,17,63
300,282,23,64
301,282,24,66
299,281,33,71
294,281,39,71
291,284,49,67
291,284,52,66
288,285,54,64
284,287,59,62
283,286,60,66
280,286,59,66
279,286,59,67
276,284,63,70
274,285,60,68
269,284,62,67
267,288,60,64
264,287,57,65
261,290,55,59
259,291,52,60
258,292,52,58
256,293,51,59
256,293,49,61
254,291,50,61
253,291,43,61
252,291,36,63
254,294,26,59
254,297,23,55
254,297,21,55
255,300,20,53
256,299,19,53
256,296,21,54
257,292,22,60
258,292,26,58
263,287,26,63
261,285,36,64
262,286,42,67
263,285,45,70
268,285,46,68
272,288,48,61
278,288,49,64
281,290,56,62
286,294,60,58
291,293,62,62
296,292,63,63
300,297,62,58
306,296,60,60
310,297,60,59
310,298,66,57
317,298,60,57
319,296,57,56
323,294,51,62
324,296,48,59
326,299,41,56
325,299,38,56
324,301,33,53
319,304,30,49
314,310,29,42
307,309,26,44
302,309,21,44
294,309,22,42
288,309,20,42
283,310,20,43
274,310,25,45
265,313,30,42
255,315,22,42
246,315,19,41
239,315,22,38
233,314,24,37
228,311,24,36
225,310,23,35
222,305,24,35
221,301,26,36
219,298,28,36
218,295,31,35
220,292,33,35
223,287,34,38
229,285,34,39
234,282,36,40
238,281,39,39
242,279,42,39
248,278,49,39
262,275,44,41
270,271,45,44
283,270,41,47
293,271,42,44
304,265,44,51
313,262,49,50
321,255,56,53
334,248,59,57
349,241,59,56
361,235,60,56
373,229,57,51
380,223,59,52
390,218,54,54
395,216,57,53
402,214,54,55
409,213,55,55
416,212,51,59
420,212,48,55
420,214,45,56
422,214,40,58
423,213,36,58
420,215,36,57
419,215,32,56
417,217,29,52
413,216,27,52
408,216,25,51
402,214,23,51
396,213,22,50
390,212,21,50
384,212,18,50
378,210,18,52
371,212,17,49
365,212,17,49
357,210,19,50
352,210,20,48
347,210,17,45
339,208,20,45
336,208,18,41
332,205,18,42
330,198,18,46
326,194,21,45
322,189,23,48
320,188,23,45
320,186,22,46
316,187,25,47
314,190,26,49
312,194,30,49
311,202,32,49
309,213,35,48
310,224,34,42
310,238,35,41
309,250,36,47
308,262,39,50
308,264,40,51
309,278,44,47
310,288,46,52
312,297,49,56
314,301,54,53
318,301,51,53
321,296,55,56
327,294,55,59
329,292,62,60
335,294,63,59
337,294,67,58
342,292,66,61
345,291,70,64
354,293,66,62
360,292,64,64
368,290,57,65
374,292,56,59
378,293,58,53
382,292,63,53
383,287,67,54
386,284,65,54
387,280,67,53
390,279,62,52
394,278,61,53
392,275,62,56
392,274,59,56
391,269,63,55
384,260,59,58
382,254,58,56
377,245,55,56
371,235,52,50
365,224,49,46
356,214,49,49
350,205,47,49
338,200,50,49
331,195,48,48
327,194,40,47
316,190,44,52
309,187,43,51
304,186,41,52
300,186,37,50
297,183,36,50
291,181,38,51
288,179,38,51
285,179,36,52
283,182,36,53
281,191,36,51
279,203,35,47
276,218,35,47
270,239,39,43
266,268,43,43
261,301,41,41
262,324,40,32
262,324,40,32
262,324,40,32
262,324,40,32
262,324,40,32
262,324,40,32
262,324,40,32
262,324,40,32
262,324,40,32
262,324,40,32
262,324,40,32
262,324,40,32
262,324,40,32
262,324,40,32
262,324,40,32
262,324,40,32
262,324,40,32
262,324,40,32
262,324,40,32
262,324,40,32
262,324,40,32
262,324,40,32
262,324,40,32
262,324,40,32
262,324,40,32
262,324,40,32
262,324,40,32
262,324,40,32
262,324,40,32
262,324,40,32
262,324,40,32
262,324,40,32
262,324,40,32
262,324,40,32
262,324,40,32
262,324,40,32
262,324,40,32
262,324,40,32
320,292,47,37
354,226,52,44
332,210,45,54
312,192,46,50
289,176,55,47
275,161,62,40
263,148,61,34
258,137,58,37
254,128,55,41
254,125,49,42
256,124,45,41
258,120,44,45
266,121,40,44
269,121,42,46
275,122,44,53
282,120,43,56
291,121,42,57
309,119,33,59
323,125,27,51
338,128,24,44
347,125,30,46
355,122,34,46
358,120,40,48
366,121,42,46
371,120,40,45
378,123,34,40
382,122,33,40
386,125,29,38
388,127,27,42
386,131,31,42
384,131,34,41
379,136,38,39
379,137,41,35
372,142,42,33
369,147,41,32
363,152,40,31
357,154,39,32
353,157,34,35
344,160,32,38
339,162,27,39
336,166,23,41
330,172,22,36
327,177,21,33
321,183,23,32
315,185,26,36
312,191,28,37
309,199,32,30
311,202,30,28
311,206,32,29
314,209,34,30
317,212,35,31
322,218,36,28
326,225,37,26
329,232,39,30
335,235,36,31
344,241,33,28
353,245,27,25
360,249,25,22
363,256,24,18
363,256,24,18
363,256,24,18
363,256,24,18
363,256,24,18
363,256,24,18
363,256,24,18
363,256,24,18
363,256,24,18
363,256,24,18
363,256,24,18
363,256,24,18
363,256,24,18
363,256,24,18
363,256,24,18
363,256,24,18
363,256,24,18
363,256,24,18
363,256,24,18
363,256,24,18
363,256,24,18
363,256,24,18
363,256,24,18
363,256,24,18
363,256,24,18
363,256,24,18
363,256,24,18
363,256,24,18
363,256,24,18
363,256,24,18
363,256,24,18
317,248,20,17
317,244,18,20
317,238,20,24
317,235,20,24
316,231,22,25
314,227,26,29
316,225,26,31
318,220,29,33
320,214,30,38
322,211,35,37
325,208,35,39
328,206,37,39
328,207,38,38
333,206,37,37
337,206,38,35
340,206,37,34
346,207,30,35
352,207,26,37
357,209,22,38
359,210,21,38
361,213,21,39
361,217,23,41
364,223,19,42
366,231,19,37
365,236,21,34
366,247,19,28
361,255,23,24
361,255,23,24
361,255,23,24
361,255,23,24
361,255,23,24
361,255,23,24
361,255,23,24
361,255,23,24
361,255,23,24
361,255,23,24
361,255,23,24
361,255,23,24
361,255,23,24
361,255,23,24
361,255,23,24
361,255,23,24
361,255,23,24
361,255,23,24
361,255,23,24
361,255,23,24
361,255,23,24
361,255,23,24
361,255,23,24
361,255,23,24
361,255,23,24
361,255,23,24
361,255,23,24
361,255,23,24
361,255,23,24
361,255,23,24
361,255,23,24
361,255,23,24
370,256,21,20
374,253,21,17
376,249,21,19
377,249,21,19
380,251,18,18
380,251,17,18
382,251,14,18
382,253,14,16
389,254,12,15
391,253,15,15
390,252,18,15
390,248,20,19
390,245,26,24
392,243,28,27
391,238,32,30
391,235,38,35
393,231,40,40
395,228,41,42
397,226,43,43
400,222,47,45
401,219,44,47
406,218,42,46
411,216,39,48
412,215,37,46
417,213,35,47
422,216,29,43
422,216,30,43
420,217,32,41
419,218,33,40
419,217,29,43
419,215,23,46
415,211,19,51
409,209,17,50
400,209,18,49
387,209,23,49
375,211,26,49
362,212,28,48
349,214,28,49
335,217,25,46
322,220,25,46
309,223,26,45
285,226,27,49
270,233,30,43
257,234,30,44
244,233,35,46
233,236,34,40
225,239,31,38
217,242,34,36
213,243,39,31
214,245,41,26
217,242,39,29
224,241,37,31
230,242,37,33
238,244,35,33
243,248,36,31
253,254,34,26
266,254,32,28
276,256,36,27
288,260,32,29
295,262,35,23
295,262,35,23
295,262,35,23
295,262,35,23
295,262,35,23
295,262,35,23
295,262,35,23
295,262,35,23
295,262,35,23
295,262,35,23
295,262,35,23
295,262,35,23
295,262,35,23
295,262,35,23
295,262,35,23
295,262,35,23
295,262,35,23
295,262,35,23
295,262,35,23
295,262,35,23
295,262,35,23
295,262,35,23
295,262,35,23
295,262,35,23
295,262,35,23
295,262,35,23
295,262,35,23
295,262,35,23
295,262,35,23
295,262,35,23
295,262,35,23
295,262,35,23
295,262,35,23
280,267,33,29
272,257,29,29
265,249,22,32
258,241,22,38
254,230,22,36
248,225,26,31
245,216,23,26
241,211,25,24
238,203,27,28
237,196,29,30
238,193,32,30
237,189,37,33
239,188,41,34
239,189,44,36
243,191,46,37
251,194,46,40
259,200,46,40
268,203,47,40
279,205,44,40
289,208,45,40
308,209,39,45
325,212,39,43
347,211,38,45
372,214,36,45
388,213,30,46
401,215,38,45
413,213,44,46
423,211,52,48
436,210,54,46
444,211,57,43
454,212,53,40
461,213,49,39
465,215,53,35
466,216,48,37
467,217,43,37
468,216,42,38
465,217,40,39
463,217,40,39
459,216,34,43
452,218,30,44
443,223,30,39
430,227,32,39
420,230,28,36
408,233,27,32
397,238,25,31
386,237,20,31
375,236,18,29
359,232,20,30
350,226,19,30
337,224,18,28
321,216,17,27
313,212,20,24
303,200,17,26
295,194,16,29
285,191,19,28
272,190,19,27
261,188,22,25
251,185,26,28
241,186,28,28
232,187,30,26
223,191,35,28
219,194,36,30
215,198,38,33
212,203,42,32
211,210,45,35
213,219,47,36
219,227,49,37
230,235,52,38
239,239,56,41
259,243,56,44
277,249,54,49
309,262,46,44
335,265,44,45
359,271,40,45
387,269,41,52
417,268,39,48
435,266,37,52
443,264,50,49
459,264,50,45
472,264,55,45
478,264,59,41
482,263,62,43
483,264,63,41
488,262,58,44
490,265,55,43
491,265,49,42
485,267,46,40
482,269,40,38
474,269,35,40
469,270,30,37
460,275,26,32
440,275,31,32
440,275,31,32
440,275,31,32
440,275,31,32
440,275,31,32
440,275,31,32
440,275,31,32
440,275,31,32
440,275,31,32
440,275,31,32
440,275,31,32
440,275,31,32
440,275,31,32
440,275,31,32
440,275,31,32
440,275,31,32
440,275,31,32
440,275,31,32
440,275,31,32
440,275,31,32
440,275,31,32
440,275,31,32
440,275,31,32
440,275,31,32
440,275,31,32
440,275,31,32
440,275,31,32
440,275,31,32
440,275,31,32
440,275,31,32
440,275,31,32
440,275,31,32
440,275,31,32
375,286,30,39
367,282,30,44
394,279,32,50
410,279,33,49
433,277,38,50
442,275,46,51
451,272,50,51
458,271,53,52
462,271,58,49
464,268,57,52
464,269,55,48
464,266,52,49
463,266,46,46
461,268,44,41
458,268,40,38
450,270,40,37
441,270,39,38
439,270,33,37
431,274,29,33
431,274,29,33
431,274,29,33
431,274,29,33
431,274,29,33
431,274,29,33
431,274,29,33
431,274,29,33
431,274,29,33
431,274,29,33
431,274,29,33
431,274,29,33
431,274,29,33
431,274,29,33
431,274,29,33
431,274,29,33
431,274,29,33
431,274,29,33
431,274,29,33
431,274,29,33
431,274,29,33
431,274,29,33
431,274,29,33
431,274,29,33
431,274,29,33
431,274,29,33
431,274,29,33
431,274,29,33
431,274,29,33
431,274,29,33
431,274,29,33
431,274,29,33
431,274,29,33
431,274,29,33
431,274,29,33
363,293,32,39
383,296,29,47
408,293,30,54
437,304,28,47
447,298,37,48
458,294,38,51
466,295,46,55
471,295,53,58
475,297,58,54
478,299,57,51
478,300,54,46
476,300,55,43
470,299,54,42
465,298,52,40
457,296,50,39
446,295,49,38
439,293,46,40
437,293,43,34
430,297,41,27
430,297,41,27
430,297,41,27
430,297,41,27
430,297,41,27
430,297,41,27
430,297,41,27
430,297,41,27
430,297,41,27
430,297,41,27
430,297,41,27
430,297,41,27
430,297,41,27
430,297,41,27
430,297,41,27
430,297,41,27
430,297,41,27
430,297,41,27
430,297,41,27
430,297,41,27
430,297,41,27
430,297,41,27
430,297,41,27
430,297,41,27
430,297,41,27
430,297,41,27
430,297,41,27
430,297,41,27
430,297,41,27
430,297,41,27
430,297,41,27
430,297,41,27
430,297,41,27
430,297,41,27
430,297,41,27
370,296,38,35
390,290,43,41
402,284,42,43
420,281,41,46
430,280,46,46
429,280,58,44
435,274,51,49
438,277,43,44
436,277,43,44
440,275,43,46
438,275,47,48
434,276,50,49
437,275,43,46
428,277,44,44
428,277,44,44
428,277,44,44
428,277,44,44
428,277,44,44
428,277,44,44
428,277,44,44
428,277,44,44
428,277,44,44
428,277,44,44
428,277,44,44
428,277,44,44
428,277,44,44
428,277,44,44
428,277,44,44
428,277,44,44
428,277,44,44
428,277,44,44
428,277,44,44
428,277,44,44
428,277,44,44
428,277,44,44
428,277,44,44
428,277,44,44
428,277,44,44
428,277,44,44
428,277,44,44
428,277,44,44
428,277,44,44
428,277,44,44
428,277,44,44
428,277,44,44
428,277,44,44
428,277,44,44
326,276,50,41
345,272,56,49
340,268,63,58
355,266,72,65
380,265,62,57
402,261,58,54
429,257,43,56
442,253,42,58
439,250,42,58
439,244,49,58
426,250,44,47
433,251,40,41
427,254,38,36
415,257,40,35
398,258,41,28
398,258,41,28
398,258,41,28
398,258,41,28
398,258,41,28
398,258,41,28
398,258,41,28
398,258,41,28
398,258,41,28
398,258,41,28
398,258,41,28
398,258,41,28
398,258,41,28
398,258,41,28
398,258,41,28
398,258,41,28
398,258,41,28
398,258,41,28
398,258,41,28
398,258,41,28
398,258,41,28
398,258,41,28
398,258,41,28
398,258,41,28
398,258,41,28
398,258,41,28
398,258,41,28
398,258,41,28
398,258,41,28
398,258,41,28
398,258,41,28
398,258,41,28
364,313,35,32
387,309,37,36
410,309,44,38
423,305,52,45
440,295,51,51
455,289,47,54
468,283,42,56
481,276,37,54
488,272,38,49
503,264,30,49
506,252,32,51
504,243,35,47
502,235,39,44
499,229,42,38
490,223,46,37
484,216,47,37
477,210,48,37
469,205,46,34
459,197,43,37
450,195,40,33
443,191,34,35
435,191,29,38
427,191,23,40
417,192,19,37
404,191,21,36
393,190,24,33
381,188,28,31
369,185,34,32
358,180,39,35
350,173,40,37
339,166,46,40
336,162,46,35
335,154,39,33
334,146,40,32
335,137,39,31
335,133,41,29
337,129,42,28
338,128,41,26
341,127,37,29
348,125,30,34
358,125,27,36
363,121,33,38
368,124,41,40
373,127,45,41
377,138,52,35
383,146,55,34
389,149,57,41
393,150,54,48
397,150,50,50
400,156,45,45
401,162,40,44
400,166,38,45
395,176,38,41
391,179,34,39
386,177,31,42
378,176,28,42
370,176,22,41
362,177,20,40
355,176,23,43
344,181,22,39
332,184,18,36
325,187,21,35
315,187,22,37
303,189,20,37
294,192,21,40
288,197,25,38
279,202,28,36
271,206,27,30
270,206,29,29
260,206,24,30
257,206,23,31
252,202,22,32
247,200,22,35
242,200,24,33
237,198,28,32
234,197,30,30
234,195,32,30
237,192,31,29
238,189,35,30
240,185,37,32
246,183,37,33
250,180,40,37
256,180,42,37
262,179,44,40
270,179,44,43
281,179,40,46
289,182,44,46
297,183,50,48
306,182,49,47
319,183,47,46
327,181,46,47
336,181,48,44
345,180,44,42
353,177,40,43
357,175,39,45
364,175,34,43
367,174,29,46
369,175,28,47
368,178,28,46
364,183,29,44
361,189,25,41
355,193,23,40
348,197,22,39
338,203,19,38
332,204,16,42
322,209,17,44
313,217,21,44
306,225,15,41
295,243,19,42
286,241,24,42
277,240,23,39
273,236,23,42
268,230,23,41
267,223,21,43
265,217,19,44
261,212,21,42
262,205,21,40
259,190,26,46
262,182,26,44
262,176,27,42
264,169,28,42
265,169,28,43
269,168,25,43
270,171,27,46
270,175,29,47
271,176,34,45
276,174,33,43
279,173,35,45
283,172,35,45
285,175,38,47
291,185,38,47
293,195,43,45
300,199,42,48
307,200,39,52
312,202,40,53
322,202,39,54
329,204,39,52
334,207,39,52
342,211,40,50
349,214,40,49
353,217,40,49
357,218,43,46
364,217,43,50
366,221,43,48
370,223,46,49
373,225,48,50
371,228,50,48
373,226,49,48
371,223,47,51
366,221,45,49
361,218,46,48
358,217,43,46
351,216,43,43
341,216,44,41
335,213,41,45
325,212,42,46
313,212,44,49
304,208,42,51
298,207,37,53
288,207,34,51
281,206,35,54
272,206,34,52
266,208,31,52
259,209,32,49
253,209,31,45
251,207,29,47
250,207,29,47
248,211,25,45
248,213,23,45
247,215,25,47
249,219,26,44
247,221,34,48
252,226,31,45
256,229,33,48
272,232,26,47
276,240,23,41
288,245,21,39
298,248,25,40
309,251,24,42
314,262,28,40
335,261,22,40
351,259,26,38
363,254,23,42
380,269,28,43
389,265,31,44
397,261,33,51
409,257,32,52
416,254,34,53
428,253,30,54
432,253,26,51
435,253,26,53
437,252,28,52
439,251,28,55
441,252,31,55
440,252,32,58
439,253,31,59
434,254,34,62
429,258,36,58
421,259,35,58
412,264,39,55
397,270,42,54
387,269,44,56
373,269,52,56
353,269,53,54
339,272,56,51
322,269,58,55
311,267,55,54
303,268,50,50
292,267,48,48
281,266,46,46
267,264,46,43
259,260,49,47
244,259,49,40
239,257,46,34
234,254,48,35
231,251,46,33
227,249,48,33
225,246,49,35
225,245,47,36
225,243,48,38
229,244,48,38
233,246,46,40
235,249,48,38
241,253,49,41
249,258,49,42
260,261,48,43
272,265,48,42
286,268,49,41
298,270,51,43
310,270,52,45
319,270,57,47
340,273,53,47
360,269,47,55
373,271,56,52
395,271,43,52
408,266,34,55
425,262,30,56
437,258,27,57
441,256,34,53
451,253,31,54
457,250,33,54
461,250,34,52
461,248,40,52
462,247,39,53
459,248,38,55
457,250,35,55
450,252,36,54
440,257,37,53
434,259,34,51
423,264,34,52
416,271,28,46
404,269,35,53
388,278,39,59
362,265,34,59
351,266,28,56
339,274,25,51
315,269,31,53
305,266,28,54
296,263,20,49
287,263,24,46
271,259,25,43
259,253,25,44
250,248,27,45
243,243,30,43
233,239,34,41
232,236,28,41
231,232,26,43
228,231,28,42
227,230,29,41
232,228,26,43
235,230,25,43
237,231,28,44
244,232,32,44
252,229,30,48
265,227,27,46
277,224,31,47
287,225,32,46
312,226,26,44
319,227,33,41
338,232,31,37
359,229,29,38
377,226,33,40
397,223,31,44
414,214,30,48
429,204,32,48
443,189,33,52
454,178,36,50
461,163,39,52
467,152,43,50
469,139,49,49
471,133,52,46
472,128,53,46
472,127,52,46
472,133,46,44
465,132,46,49
455,142,46,46
444,149,42,48
427,160,46,45
409,164,48,48
394,171,43,49
378,178,41,49
361,184,34,53
345,193,32,55
334,208,24,51
322,222,21,44
307,229,25,39
295,229,20,42
279,231,23,43
272,234,23,44
266,231,22,47
257,231,27,46
257,231,25,45
253,231,27,43
248,227,31,45
247,229,28,39
248,228,25,42
247,228,25,41
248,230,27,41
247,231,32,44
253,233,28,45
260,237,25,43
269,237,22,41
274,239,24,42
279,239,30,42
287,242,31,44
307,241,25,47
317,236,26,43
333,241,20,42
349,238,22,47
361,235,23,49
374,234,25,45
390,233,26,45
401,230,30,47
412,227,32,51
420,223,34,55
428,221,34,55
433,218,36,58
437,216,38,54
437,219,38,55
436,220,38,55
434,227,39,53
434,238,40,54
432,250,40,57
427,268,44,57
421,278,44,64
417,291,40,61
406,299,39,56
391,305,39,49
377,308,45,46
360,311,48,43
346,309,48,44
330,307,47,46
312,306,51,49
303,305,49,48
296,304,42,46
280,304,44,44
264,300,47,50
253,298,52,52
243,292,48,47
235,291,47,45
228,289,48,42
224,287,47,38
220,282,47,37
220,276,46,38
220,267,48,43
222,264,48,42
223,261,49,42
226,261,46,44
227,263,45,48
229,270,45,44
234,276,45,43
238,281,47,42
246,282,48,44
258,282,44,49
267,292,44,49
285,287,41,55
298,293,43,50
307,297,45,54
319,301,48,54
337,303,44,51
357,301,38,51
372,301,37,53
384,300,37,55
397,298,31,55
406,292,31,57
414,283,29,57
420,280,27,54
423,267,29,56
424,257,28,56
422,248,30,56
419,237,31,57
415,231,33,53
411,229,33,51
405,226,35,51
401,226,35,53
395,226,30,52
390,228,24,51
382,229,21,51
372,234,21,47
363,235,22,44
353,237,21,47
344,245,22,47
334,255,20,44
322,272,20,42
310,279,23,44
304,293,21,43
296,294,25,47
290,295,29,45
289,286,27,45
288,286,24,40
286,282,23,42
287,279,23,43
286,271,25,47
286,266,27,47
285,262,30,47
289,255,28,53
290,254,31,52
293,252,30,52
295,253,32,53
297,254,34,54
302,257,32,53
306,259,34,55
307,263,37,54
310,266,40,55
313,270,46,52
318,269,46,55
324,270,45,54
329,272,45,54
332,272,48,52
339,273,48,57
343,275,46,56
345,274,47,58
346,277,46,56
347,277,47,57
348,275,47,59
348,274,47,61
348,272,48,66
348,278,45,59
349,278,41,62
345,279,43,62
343,280,41,64
338,277,42,69
331,277,43,69
327,278,43,70
321,279,40,70
312,274,43,79
307,275,43,78
301,281,44,69
292,283,45,64
288,281,43,65
280,281,45,61
274,279,44,62
269,280,44,61
268,278,39,59
264,276,41,53
265,276,35,54
266,272,30,57
267,271,29,58
269,269,26,60
271,271,26,56
274,271,25,57
278,271,22,55
282,271,25,53
286,272,23,52
291,269,24,50
294,267,24,53
301,267,20,53
305,264,21,54
307,265,25,52
311,264,24,54
311,265,28,51
310,268,32,50
317,270,30,54
324,272,27,55
330,279,24,54
335,278,21,57
337,278,22,59
339,281,23,61
340,284,23,64
342,288,23,65
344,289,23,66
346,295,22,61
346,298,23,58
346,304,25,51
346,307,26,48
347,310,24,45
348,306,23,47
345,304,27,50
347,298,24,56
344,292,26,60
342,287,27,66
341,284,27,70
337,280,29,75
336,278,28,76
336,279,26,77
332,278,28,78
331,282,28,74
331,283,24,72
329,281,23,75
329,283,23,74
328,285,24,72
326,286,23,71
327,289,20,67
326,291,21,63
326,292,20,61
326,291,18,59
325,288,19,59
327,282,18,60
324,274,20,59
324,266,19,57
327,255,17,56
329,248,15,52
329,240,16,49
330,234,15,48
331,227,15,49
332,225,14,47
332,225,13,46
332,225,14,46
331,225,15,47
331,227,14,49
331,232,15,49
331,237,14,50
330,244,15,51
329,253,16,52
327,263,18,54
328,269,19,55
327,275,21,58
326,281,23,64
327,287,22,66
327,286,26,68
328,288,26,65
325,286,35,69
327,284,35,70
324,282,44,72
327,272,49,82
327,264,54,90
331,246,59,101
334,233,62,96
335,224,65,92
334,215,74,90
335,208,78,91
337,206,80,94
338,209,82,89
336,216,84,87
337,223,83,90
335,241,89,92
329,242,103,107
325,256,103,100
314,265,122,96
307,268,131,91
309,270,124,86
305,267,133,90
298,267,143,89
298,264,144,91
296,268,147,90
301,265,139,93
294,268,152,90
287,269,155,86
285,267,159,89
280,266,167,88
284,263,160,93
293,261,147,89
290,262,150,96
271,241,148,103
285,257,156,103
290,258,153,94
291,258,151,98
292,260,152,94
288,264,157,92
292,258,150,93
291,267,145,90
295,264,146,91
301,265,139,91
295,266,142,92
300,264,143,93
289,267,157,87
297,266,148,90
298,269,146,90
300,263,142,93
294,266,149,92
296,268,148,88
300,259,138,97
303,251,136,105
309,233,126,125
318,223,114,138
319,213,115,147
314,206,119,154
338,200,102,138
353,178,79,117
359,196,70,96
358,203,74,88
357,211,74,88
356,219,75,88
355,231,75,88
350,240,76,88
341,252,84,94
328,262,95,95
317,266,110,89
308,268,127,87
300,261,139,90
301,266,136,91
301,264,134,88
298,265,142,94
290,264,154,90
293,266,148,92
296,263,145,89
294,263,148,94
296,257,148,100
295,253,152,102
299,263,144,94
301,258,144,100
296,261,152,100
300,261,142,97
307,262,138,98
300,260,143,95
303,258,142,93
304,263,137,97
301,260,140,96
300,262,145,93
300,253,144,103
305,245,133,111
308,237,124,117
310,236,125,123
310,233,121,123
315,223,115,133
319,213,99,142
319,199,89,162
324,126,80,155
331,134,77,135
344,145,63,118
340,126,68,95
341,132,67,78
343,124,64,61
338,125,70,51
338,123,62,50
338,122,60,53
337,121,58,57
338,130,52,53
338,134,48,56
338,141,44,55
339,146,42,53
337,150,40,55
338,158,38,50
339,163,36,49
340,167,35,50
338,176,35,46
339,184,35,42
341,188,33,41
345,190,31,38
345,192,29,37
347,191,28,37
347,190,28,36
349,188,26,36
351,185,28,35
350,183,28,35
353,182,26,35
352,180,27,37
354,181,27,36
352,180,27,37
353,181,27,35
352,184,26,35
351,187,27,37
349,189,27,39
347,190,29,39
347,190,31,41
345,191,30,42
344,191,31,42
340,189,34,43
338,187,37,46
338,185,38,45
334,185,37,45
333,182,40,47
330,182,41,45
331,179,43,47
328,177,45,49
328,176,45,48
325,176,45,49
327,174,45,51
322,173,50,52
320,172,52,52
320,172,54,51
316,171,55,53
316,170,55,52
314,169,56,52
315,168,60,52
312,171,57,50
315,171,58,51
315,172,56,51
318,174,55,52
317,178,53,51
320,182,51,53
319,184,50,51
323,185,48,54
326,190,44,52
327,193,41,50
328,196,41,48
328,200,40,48
329,205,36,47
330,209,33,47
333,209,31,49
333,210,28,48
333,209,26,47
334,207,24,49
335,206,21,46
336,205,17,44
336,201,16,48
335,199,15,46
334,197,13,47
333,195,13,47
331,193,15,44
329,192,16,42
328,188,16,43
324,182,18,46
322,176,19,47
317,176,24,43
315,170,26,45
310,165,30,46
308,161,32,46
307,158,32,44
304,154,34,44
302,150,36,40
299,147,40,38
299,139,40,40
297,136,42,39
296,127,43,42
295,121,45,42
295,115,48,43
293,110,51,43
295,105,50,43
295,101,53,42
296,99,55,41
296,96,55,42
299,94,54,41
303,94,51,40
307,91,50,41
307,90,53,42
311,89,51,44
314,89,52,46
314,89,51,47
318,90,46,48
320,93,48,46
323,92,47,48
325,93,47,48
325,95,45,47
329,99,43,47
328,102,44,45
330,105,41,48
330,108,40,49
324,137,33,45
326,143,26,45
325,144,24,47
326,146,20,46
323,148,20,47
321,146,20,49
319,151,19,45
319,150,17,49
317,147,19,54
316,153,19,51
315,156,19,50
314,158,20,51
314,159,21,51
314,162,22,50
312,164,25,50
310,165,29,50
311,165,29,52
310,166,31,54
311,168,33,51
310,168,36,51
311,171,37,52
310,172,40,52
312,176,42,49
313,179,43,49
314,182,46,51
316,184,43,51
315,190,47,48
316,192,47,49
316,196,50,50
317,197,48,49
319,199,50,52
318,202,49,49
320,202,50,51
319,204,53,50
320,208,50,47
321,209,51,49
319,211,51,49
321,212,49,50
319,215,48,48
322,216,49,49
320,216,46,52
317,218,48,50
320,217,45,53
320,218,45,50
318,219,43,50
320,220,43,50
317,222,41,49
317,224,42,49
317,227,40,45
317,230,35,45
316,233,34,52
315,235,34,52
316,237,29,55
317,238,27,54
316,241,26,55
313,242,26,54
314,242,24,58
314,245,21,53
311,247,23,54
313,249,20,55
311,256,20,51
312,255,21,52
310,254,23,53
312,254,22,55
311,255,24,54
311,255,26,56
310,255,29,56
311,256,30,57
310,259,33,57
311,264,34,56
310,266,38,57
311,266,39,57
309,268,43,57
310,268,46,59
311,270,50,56
311,274,48,59
311,275,52,55
312,276,54,55
309,276,56,56
309,271,61,66
310,267,61,77
309,268,65,83
315,273,74,78
309,269,86,85
310,269,82,88
320,269,102,86
314,269,117,89
307,263,133,94
302,266,142,95
299,262,145,94
302,270,142,93
299,265,146,94
303,265,139,98
300,266,144,95
300,264,145,93
300,270,145,97
299,269,145,98
296,270,150,88
302,264,139,92
300,265,141,95
300,265,142,97
301,263,142,92
303,268,140,91
302,265,140,95
299,265,144,94
301,265,143,93
304,265,137,94
300,265,144,91
299,267,146,90
298,263,148,91
298,265,147,93
296,265,150,93
301,264,145,91
304,270,139,90
303,264,140,97
297,265,150,94
302,265,143,100
302,264,142,90
301,266,144,90
303,267,140,88
302,265,140,92
297,265,147,92
299,264,145,89
298,262,145,90
299,266,142,86
301,266,143,90
295,265,150,91
300,262,143,93
301,269,140,91
295,266,147,85
299,267,145,91
301,266,140,85
292,272,151,85
299,266,143,87
299,259,139,94
303,269,137,88
303,268,136,85
303,269,138,89
302,265,138,89
303,267,137,86
304,263,134,92
303,268,140,91
304,262,135,91
304,266,136,89
305,266,134,88
302,265,138,94
303,265,138,91
303,267,139,88
304,266,136,88
302,264,139,93
303,262,136,95
302,262,140,94
299,268,143,88
303,264,136,91
305,267,134,91
304,265,137,86
297,269,148,89
298,263,146,91
300,264,145,94
301,266,144,90
303,267,139,91
302,266,141,89
297,266,148,88
301,259,141,96
305,267,139,87
305,266,139,88
298,266,148,88
297,268,151,90
304,267,142,89
304,265,141,94
304,269,141,86
299,266,146,87
302,269,144,92
301,266,143,90
298,264,145,90
303,267,143,89
301,264,141,89
300,266,144,92
300,266,146,94
300,266,144,89
300,266,145,86
296,267,151,89
301,267,143,88
296,266,147,88
299,266,145,91
303,264,139,88
299,266,142,87
299,266,145,91
300,265,141,91
301,264,139,93
299,266,143,94
300,267,142,86
300,268,140,88
301,265,139,89
302,267,140,91
301,263,139,90
303,265,136,92
303,266,137,89
304,265,135,94
303,262,135,91
301,270,139,87
302,269,138,85
305,268,131,87
303,269,135,86
301,263,139,89
306,267,131,87
301,264,140,89
304,262,134,95
299,262,141,94
295,265,148,94
296,259,149,91
305,262,136,91
298,264,144,93
301,262,140,91
299,265,141,90
292,260,152,92
296,265,147,97
295,260,149,94
297,261,144,94
298,258,142,100
297,259,146,98
298,254,147,100
298,262,147,96
299,263,144,97
298,269,150,87
238,206,120,77
275,193,118,60
281,188,105,55
288,185,100,49
297,181,86,49
304,164,72,58
309,166,58,55
312,163,42,60
319,170,30,56
327,174,22,52
329,176,20,51
331,177,21,52
333,179,23,54
336,180,24,53
338,182,26,52
348,183,24,55
354,183,26,58
362,184,27,60
372,187,27,59
380,190,28,58
391,189,28,60
400,191,30,60
411,191,30,61
419,190,33,62
428,193,34,61
433,194,39,61
441,196,41,58
443,197,44,63
442,198,45,57
442,197,45,56
438,195,47,58
433,197,47,56
426,201,52,56
419,203,49,52
409,207,52,54
397,212,52,53
385,216,53,53
371,220,53,52
357,224,51,48
339,226,59,48
325,229,52,45
308,228,65,48
293,227,53,48
278,223,47,51
263,222,49,49
250,217,48,52
241,214,45,51
231,211,48,48
223,205,45,52
216,204,43,51
211,202,43,49
208,200,43,49
206,200,42,49
207,202,41,51
208,205,42,49
211,208,42,51
219,213,38,52
226,218,43,50
236,222,42,52
246,228,42,50
256,231,54,51
262,236,54,49
274,236,48,51
282,239,52,55
300,241,52,59
315,246,58,59
341,247,58,57
363,246,59,54
382,245,57,52
403,242,52,54
422,239,47,55
438,232,45,54
451,229,44,50
460,223,46,50
467,220,47,47
472,215,47,48
475,212,48,50
477,212,45,50
466,220,42,51
459,224,39,55
448,231,38,58
433,237,38,59
418,243,38,57
400,249,32,62
381,244,28,63
360,238,23,54
360,238,23,54
313,265,29,51
302,265,21,43
302,265,21,43
263,256,21,45
253,254,21,41
238,248,27,42
225,242,29,40
219,237,31,40
216,230,32,40
216,228,31,38
217,223,29,38
219,223,30,35
222,222,31,33
229,222,27,33
235,225,28,31
245,230,25,27
251,231,29,29
262,236,25,26
277,239,23,25
282,243,23,24
302,254,21,25
315,241,19,24
315,241,19,24
347,248,15,20
358,248,13,16
371,251,12,15
381,252,14,16
392,251,15,18
404,254,16,16
414,253,17,18
423,252,19,21
429,254,23,25
431,250,26,30
434,244,28,37
433,242,29,41
434,240,29,46
430,241,30,48
427,242,30,50
422,241,31,49
416,243,36,52
406,245,43,48
390,247,51,45
380,248,54,43
372,250,50,36
356,249,39,32
340,249,34,36
320,247,42,32
305,255,44,36
284,243,50,40
275,237,44,46
268,235,46,45
249,226,35,50
244,219,35,46
231,212,43,47
227,207,39,46
226,204,33,45
228,203,26,40
226,203,26,34
225,204,28,30
225,204,34,26
228,205,37,26
234,205,37,30
241,211,37,28
248,214,36,28
258,219,34,28
274,221,28,29
283,223,26,30
291,229,26,34
311,236,32,30
318,239,36,27
336,244,33,24
348,247,35,21
364,249,35,20
379,250,35,19
396,248,31,22
411,246,27,24
428,245,24,27
435,236,25,34
441,226,29,38
445,215,34,40
450,207,36,42
452,201,37,46
456,197,34,44
461,192,27,46
461,188,25,49
458,185,29,49
450,186,36,48
438,190,47,43
425,191,55,42
414,189,54,39
402,190,52,39
389,188,48,42
379,188,37,42
379,188,29,43
367,187,26,45
359,188,26,47
352,187,23,47
347,186,25,47
327,186,33,48
311,185,40,47
293,182,46,47
279,179,48,44
270,177,46,43
262,176,42,39
257,173,37,38
254,168,36,36
253,165,32,35
254,161,30,36
254,159,29,38
253,156,32,42
253,156,37,43
256,158,39,46
259,162,39,48
263,171,39,48
269,182,37,49
275,190,36,51
285,198,30,49
296,203,23,50
308,214,18,46
318,223,17,42
327,231,17,42
334,244,19,42
344,247,23,39
352,251,29,45
364,253,31,48
372,258,33,53
379,259,43,57
385,258,45,57
392,257,46,57
400,256,44,58
409,256,43,55
414,254,42,55
417,248,38,58
421,247,35,58
427,243,28,60
425,238,28,62
421,234,32,61
415,225,36,58
405,217,41,58
396,210,48,56
384,202,56,58
373,199,60,56
363,193,64,57
354,188,63,55
344,188,58,51
334,184,57,49
327,181,49,46
319,177,44,45
312,168,38,49
302,167,38,43
296,155,33,50
291,143,28,55
283,142,32,48
277,138,37,46
270,135,42,44
269,129,45,41
267,127,48,36
270,123,48,34
273,120,47,34
276,121,45,33
280,118,42,35
286,118,39,38
289,122,42,37
302,122,35,42
308,128,32,40
317,131,28,42
328,134,23,40
339,141,17,39
350,141,14,41
359,142,15,43
366,143,16,46
370,146,20,44
375,147,25,43
379,149,28,41
380,153,35,38
384,155,36,37
386,156,39,38
386,157,39,39
386,159,42,40
385,163,42,38
382,167,44,36
382,173,40,35
380,178,38,32
376,179,36,35
373,183,31,36
368,184,28,36
363,183,24,39
358,181,19,41
350,181,22,40
339,181,21,37
333,183,17,33
326,174,19,39
317,172,23,41
307,175,23,41
296,181,29,42
287,190,31,40
281,195,36,37
278,195,38,34
279,194,40,34
280,193,39,36
282,194,42,34
292,193,41,34
301,192,40,34
307,189,46,36
317,187,46,34
330,187,46,33
338,187,48,30
353,186,45,31
363,183,45,34
374,181,44,35
381,178,43,38
389,176,41,39
397,172,39,41
401,171,37,39
404,170,34,38
405,165,31,35
406,163,30,35
402,160,31,34
401,159,32,34
396,155,32,32
391,149,32,32
384,145,32,31
377,144,31,29
370,141,30,29
365,139,29,27
361,139,31,22
359,131,32,28
363,128,30,30
365,131,30,26
365,131,30,26
374,137,33,24
376,144,39,24
373,150,45,21
373,150,45,21
370,154,46,22
370,154,46,22
365,161,47,21
365,161,47,21
365,161,47,21
365,161,47,21
365,161,47,21
365,161,47,21
365,161,47,21
365,161,47,21
352,131,47,25
352,131,47,25
352,131,47,25
352,131,47,25
352,131,47,25
338,130,42,26
343,128,36,29
353,123,32,31
364,119,31,34
376,118,27,36
382,125,28,35
381,135,32,32
377,138,28,32
368,136,31,36
364,131,36,40
363,129,38,39
365,129,39,39
363,127,39,40
363,124,40,40
365,120,38,39
367,117,37,39
371,113,35,39
376,108,31,38
380,101,33,39
388,97,29,37
393,90,28,40
396,88,24,38
397,87,21,40
394,86,22,38
392,85,21,37
389,83,24,38
387,82,25,36
388,77,25,38
386,75,25,37
385,71,24,39
379,69,24,39
371,69,29,36
365,71,30,32
356,74,33,29
351,85,35,27
344,85,38,31
337,92,41,36
333,103,41,41
327,112,41,52
323,131,34,52
321,155,24,49
319,188,19,43
314,224,21,39
313,229,24,37
319,218,24,45
326,196,36,49
327,187,45,42
331,177,47,33
338,175,46,30
343,168,47,38
353,161,42,45
360,160,41,46
381,176,36,35
379,177,40,38
376,179,44,38
372,185,44,33
372,189,40,35
367,194,40,41
364,195,40,46
358,194,38,48
355,193,39,47
350,191,39,47
344,195,41,46
337,194,42,51
333,197,41,44
331,198,36,41
328,196,35,40
327,196,30,39
326,197,25,39
324,199,25,42
321,200,26,44
321,203,24,47
316,202,31,49
313,202,40,51
310,207,47,48
310,209,50,45
312,210,49,43
315,212,49,42
320,213,42,38
325,214,37,33
335,213,31,35
335,214,30,34
343,213,23,35
349,213,18,35
356,210,16,37
360,208,17,40
362,207,20,41
364,206,26,44
364,205,34,42
365,206,37,42
367,203,39,41
371,204,37,40
376,202,31,38
381,202,28,35
384,200,25,35
386,199,22,31
394,197,14,29
397,192,14,31
396,191,18,30
395,189,22,30
393,187,27,30
392,184,31,31
390,183,33,30
390,182,31,29
390,183,31,30
391,185,26,31
391,187,21,32
392,191,16,32
392,195,13,34
388,199,14,35
383,203,18,37
376,205,25,38
368,209,31,39
361,211,37,41
354,212,41,43
348,212,45,43
339,209,45,44
336,205,41,45
332,200,37,46
323,195,32,46
325,185,24,49
315,177,25,49
306,169,32,46
301,157,38,46
294,148,44,42
292,140,48,39
286,137,55,33
284,135,57,30
284,132,55,35
287,131,48,43
288,133,44,48
297,142,36,48
303,154,31,44
309,167,27,43
312,185,31,38
316,194,35,43
321,202,39,46
324,209,43,48
328,217,44,46
334,222,40,42
338,223,40,40
343,222,37,34
355,218,29,37
361,218,24,35
366,218,24,37
371,220,21,38
375,221,21,37
379,222,20,30
387,217,17,28
389,213,19,28
392,210,20,26
396,207,19,26
400,207,18,24
404,206,15,24
410,206,11,24
411,202,11,28
413,200,10,30
413,197,12,31
412,195,15,33
410,196,18,30
410,198,17,27
411,197,15,27
409,196,15,27
407,194,16,29
402,192,19,33
399,193,21,36
395,195,22,39
390,192,25,42
386,188,28,45
380,182,31,47
375,177,36,47
369,172,41,49
361,167,50,49
355,160,55,48
349,154,58,47
344,148,61,47
339,143,60,43
333,143,62,35
329,142,61,31
326,141,56,31
323,143,53,32
319,147,49,36
318,147,41,46
315,156,37,47
309,163,40,50
307,172,43,50
307,181,42,49
310,187,37,55
316,197,30,53
327,200,22,57
334,203,22,57
340,205,27,54
351,204,29,52
362,201,33,51
371,199,40,53
385,198,41,54
396,201,48,57
408,202,53,57
421,200,58,56
436,207,59,54
456,207,54,47
474,209,49,51
475,210,53,51
489,211,47,48
491,212,47,49
507,208,43,52
518,207,40,56
524,202,42,59
526,200,48,58
521,198,54,57
517,196,55,52
511,192,52,51
504,186,46,57
495,180,43,63
486,177,33,64
467,173,35,65
444,170,40,63
421,164,43,64
400,161,44,62
379,153,45,62
359,146,49,60
342,141,47,59
322,140,53,48
309,139,50,45
297,140,46,39
286,140,48,39
277,140,48,38
272,139,48,39
268,141,49,38
266,141,50,37
269,142,51,38
272,142,50,41
274,145,52,40
285,147,48,41
291,156,50,39
301,163,48,40
308,171,50,42
318,185,47,47
332,198,41,47
346,207,37,53
360,213,33,54
374,218,30,51
388,222,26,48
403,224,22,45
416,224,21,47
426,226,25,51
437,230,26,55
444,232,33,61
450,235,38,58
454,235,41,55
455,230,45,61
454,228,45,59
450,226,50,58
445,225,52,59
439,224,56,62
431,225,58,59
422,223,57,59
411,223,58,57
395,221,63,56
380,222,62,52
368,220,65,52
354,215,61,56
344,211,59,55
328,206,58,57
318,201,53,56
306,195,52,52
299,191,47,53
290,185,46,53
282,176,45,54
277,170,45,50
273,164,43,49
271,159,42,46
272,155,37,45
271,155,35,42
271,157,33,42
271,161,33,40
273,164,32,41
273,165,33,44
281,167,28,45
288,169,24,49
296,175,21,51
299,183,20,49
308,198,19,42
315,210,22,40
324,220,21,39
332,230,20,34
343,237,21,35
352,242,23,37
363,246,26,36
373,246,31,32
380,247,34,37
390,245,39,42
394,243,47,46
402,239,51,51
409,234,53,56
416,228,54,57
421,223,52,58
426,217,53,59
430,211,52,58
430,205,52,56
428,197,53,56
423,187,55,56
420,181,54,57
410,174,54,56
406,167,49,55
397,162,50,52
385,159,49,47
374,154,51,43
362,150,49,43
354,144,44,44
342,138,42,46
333,134,39,46
323,130,36,43
315,127,37,43
307,127,37,39
301,127,37,37
296,125,34,38
295,123,28,43
291,127,28,42
287,137,31,40
283,149,31,39
281,160,29,40
280,169,29,45
281,181,28,48
282,184,28,51
283,189,28,52
287,195,26,50
292,206,23,54
295,222,25,46
305,232,23,52
311,240,25,48
318,245,29,50
330,248,24,50
339,251,31,49
353,250,30,49
361,250,34,44
372,250,37,46
384,249,43,55
393,246,45,51
403,244,42,52
411,239,43,54
418,235,44,52
424,228,43,51
427,220,47,52
429,213,45,51
428,204,46,53
427,197,48,53
424,190,49,53
419,185,50,52
411,178,48,51
405,174,46,46
397,168,46,47
387,166,46,40
376,159,43,44
365,153,42,45
355,147,39,45
343,142,39,45
335,139,33,47
325,137,29,47
315,140,29,47
306,145,26,46
298,152,26,43
291,152,27,45
286,152,30,46
284,152,29,48
282,156,30,46
279,165,30,45
280,175,28,45
278,188,28,43
278,203,27,44
280,214,25,46
280,225,28,48
281,234,30,46
291,244,28,48
302,252,23,47
309,263,24,46
313,269,27,50
326,282,23,41
332,289,25,43
343,290,24,48
355,295,23,45
368,295,25,47
378,292,21,52
386,292,25,49
399,294,24,48
409,288,25,54
414,284,27,52
424,282,24,50
429,269,26,56
432,259,28,56
435,248,24,54
434,237,24,58
432,225,24,52
429,213,25,53
423,203,26,53
415,189,28,56
407,178,28,54
397,169,29,49
385,158,32,48
373,148,36,47
361,139,37,44
349,132,40,41
337,131,42,37
329,128,41,38
317,129,45,36
306,130,47,39
299,133,48,41
290,135,49,43
284,139,46,45
279,150,44,44
273,164,43,43
265,177,47,48
261,196,46,49
253,215,50,48
253,232,48,44
254,244,50,40
260,257,49,41
266,267,46,43
270,276,46,44
282,280,44,43
293,281,43,42
302,281,48,43
315,280,48,51
324,280,55,64
337,283,65,65
336,276,74,78
346,267,88,88
315,267,115,93
309,263,143,96
299,265,161,96
295,263,170,90
299,269,158,91
395,272,158,82
388,276,157,77
444,282,151,74
466,286,138,74
462,289,135,67
475,292,115,65
470,294,106,62
480,296,95,61
483,298,89,58
481,296,80,59
479,293,66,62
478,285,63,69
471,278,65,77
475,271,59,73
470,266,61,72
473,263,57,62
467,254,56,61
462,245,56,54
453,239,55,51
452,232,52,50
444,228,50,46
441,222,47,51
435,219,46,54
430,213,44,60
425,209,44,62
421,204,40,66
420,200,33,65
415,192,32,70
409,186,31,72
407,181,30,69
404,174,28,68
402,165,28,69
398,160,30,72
396,155,29,73
395,151,29,75
394,146,28,77
396,144,26,75
399,136,24,74
402,129,24,74
404,121,25,75
407,117,24,76
410,115,25,76
413,110,26,80
413,109,29,81
419,110,26,82
420,111,28,82
422,112,28,83
423,122,29,79
423,126,29,81
421,133,32,77
420,139,35,76
416,141,39,76
412,145,42,79
409,151,47,77
406,157,50,75
403,167,52,69
397,179,57,65
396,193,63,63
392,205,62,61
391,214,69,65
388,224,67,68
391,224,63,74
392,225,60,72
391,223,61,72
392,221,64,74
391,218,64,78
389,216,75,78
390,210,81,81
393,202,84,82
395,199,86,80
398,196,89,79
402,190,89,85
407,191,88,83
