341,162,29,86
344,161,25,92
337,157,28,91
333,153,35,92
330,147,35,96
327,144,35,91
326,142,31,90
322,139,35,88
316,139,40,88
302,133,48,88
300,130,43,88
290,129,45,92
290,129,40,92
292,128,38,92
328,157,47,94
277,128,50,87
279,127,49,91
275,129,55,89
270,132,62,89
275,136,61,85
277,139,68,85
275,146,75,79
282,148,72,84
284,152,69,71
282,156,67,68
284,156,72,66
301,163,68,81
304,165,64,83
305,168,64,78
294,155,59,66
303,161,53,58
324,172,61,65
321,167,52,56
336,164,56,49
337,169,41,60
348,148,58,55
336,149,69,52
326,145,82,55
320,144,90,57
323,145,90,57
324,146,93,63
324,149,91,63
327,154,86,66
332,165,64,56
334,165,54,59
340,154,48,55
341,146,41,57
339,142,39,60
334,140,40,63
329,134,45,67
316,129,56,61
307,128,63,57
299,129,62,46
298,127,65,41
299,123,64,43
305,129,76,40
300,125,80,42
297,124,82,51
299,127,77,55
299,132,81,53
301,128,78,60
304,137,77,60
308,131,72,71
305,134,75,72
308,134,71,74
308,132,71,82
308,132,68,77
299,145,76,93
302,144,75,102
305,148,72,100
308,148,66,98
308,152,63,95
311,156,53,96
298,160,60,88
291,150,61,72
305,149,47,72
315,142,38,79
321,150,36,84
323,113,43,86
318,152,39,74
325,147,44,75
317,151,55,68
310,169,51,75
315,176,58,72
332,111,52,84
335,110,49,96
342,107,52,93
350,111,52,85
351,120,55,92
356,124,48,90
355,129,52,86
346,137,58,74
355,141,50,69
360,149,40,68
353,151,50,65
351,152,54,67
356,152,51,62
354,155,54,65
361,155,48,66
363,157,46,68
365,158,46,70
369,158,43,79
362,156,47,72
368,157,45,80
366,156,45,75
364,157,50,70
363,157,52,71
366,157,49,64
366,157,50,66
368,157,49,67
369,158,49,68
369,160,49,66
371,159,47,73
370,158,46,79
371,160,48,76
368,159,47,78
368,161,45,78
367,159,46,83
363,158,51,87
364,158,49,92
360,156,53,92
360,162,52,93
359,164,51,85
367,165,43,81
366,164,45,85
362,164,51,89
361,163,52,89
368,163,45,83
370,165,44,76
368,166,46,88
367,168,48,88
368,170,49,84
363,171,53,88
362,172,56,88
360,172,58,87
363,173,57,84
367,174,54,82
372,176,47,76
376,177,44,76
377,177,42,72
375,176,44,73
372,176,45,74
370,176,49,74
371,179,50,71
378,179,43,70
383,180,37,67
382,180,39,67
390,180,31,74
386,182,38,71
382,185,41,74
385,187,36,69
383,186,39,74
385,184,39,76
389,184,37,77
388,184,40,76
397,183,32,78
395,183,35,73
398,183,34,66
396,183,36,55
397,187,35,58
399,184,36,55
397,187,39,63
399,188,40,73
403,189,39,75
399,187,47,76
400,189,48,74
399,190,48,71
401,191,45,72
406,190,40,73
405,190,42,71
405,191,42,69
401,192,44,69
401,196,43,64
403,190,41,70
394,195,47,62
400,194,42,57
399,193,43,61
401,193,39,59
402,194,37,61
404,196,33,56
403,195,31,56
402,194,28,56
368,201,29,63
360,205,39,58
376,190,51,61
372,190,55,60
366,189,60,63
359,195,61,56
345,199,69,55
362,180,62,70
365,177,58,67
372,174,50,69
373,176,45,66
372,177,47,68
371,178,48,68
380,181,41,60
379,181,43,61
376,180,44,61
377,178,44,64
375,176,44,67
373,175,47,67
375,171,47,72
381,173,44,60
384,170,44,52
367,183,47,55
375,178,54,59
373,176,56,58
369,175,69,55
370,175,68,47
364,179,71,48
367,177,67,42
367,178,63,33
364,179,61,45
356,176,65,48
354,173,64,46
364,179,53,57
364,176,47,60
372,196,46,58
370,202,44,56
369,194,43,64
371,189,46,66
372,193,44,67
372,190,41,69
370,188,47,67
369,185,45,66
370,186,46,67
371,188,43,64
371,188,43,64
371,188,43,64
371,188,43,64
371,188,43,64
371,188,43,64
378,163,33,55
378,163,33,55
378,163,33,55
344,178,24,59
345,176,22,65
347,166,30,68
347,164,33,68
345,164,33,69
347,163,33,70
347,162,29,72
347,161,29,77
346,162,30,79
346,163,29,79
346,162,30,84
343,164,31,80
343,166,28,80
342,168,32,79
342,171,32,75
342,175,32,71
343,173,31,73
342,172,31,72
343,175,30,69
342,172,30,75
343,175,30,73
381,138,37,62
387,141,34,59
392,145,35,52
399,156,32,44
379,168,44,42
386,196,48,48
351,176,43,46
354,179,32,45
354,179,32,45
354,179,32,45
354,179,32,45
354,179,32,45
354,179,32,45
354,179,32,45
354,179,32,45
354,179,32,45
354,179,32,45
394,210,24,47
394,210,24,47
394,210,24,47
394,210,24,47
394,210,24,47
394,210,24,47
394,210,24,47
394,210,24,47
394,210,24,47
394,210,24,47
394,210,24,47
394,210,24,47
394,210,24,47
394,210,24,47
445,171,29,45
452,169,36,53
465,179,38,46
400,198,47,41
426,177,51,46
420,176,61,47
461,157,62,53
458,157,60,67
463,164,59,61
457,166,71,67
513,131,55,63
477,161,61,71
476,155,63,83
473,152,70,98
466,147,79,106
461,147,100,109
459,143,100,119
455,143,102,119
460,147,96,117
451,147,99,119
462,149,79,120
456,144,80,124
459,136,70,131
450,132,67,138
446,153,57,117
453,151,48,110
447,135,51,125
445,118,48,137
434,121,52,142
421,110,62,150
418,109,58,142
412,108,56,140
404,109,55,141
400,113,51,135
396,110,47,134
392,109,47,136
386,111,47,130
382,112,46,127
378,111,45,125
374,125,44,111
371,123,45,105
371,128,42,100
370,134,42,89
370,142,41,78
365,146,44,70
360,143,46,71
355,137,48,78
356,135,43,82
356,133,42,88
354,133,43,90
354,135,45,89
355,136,44,89
355,138,46,88
351,122,50,92
350,117,51,104
357,121,46,116
365,131,40,105
367,130,40,104
367,128,39,105
369,130,38,99
367,130,38,96
359,127,43,96
357,127,42,97
356,127,44,91
354,128,45,92
355,128,42,91
357,128,39,92
358,132,40,89
362,132,37,89
367,134,35,89
370,136,35,83
375,138,34,86
379,139,33,83
381,138,36,89
386,139,35,85
393,138,44,87
401,137,43,86
407,137,45,88
409,137,53,95
413,143,57,93
418,148,61,93
417,151,64,91
412,160,72,86
418,165,65,87
424,170,61,80
406,183,43,76
429,170,57,79
434,172,51,87
425,170,60,88
426,168,57,91
400,170,76,90
390,174,96,84
384,171,101,87
378,168,108,91
375,172,107,86
370,167,107,90
382,156,105,100
370,179,116,83
365,171,124,81
379,162,115,93
373,156,120,95
398,184,103,96
383,184,113,80
400,190,112,61
391,193,103,57
404,198,98,51
423,198,90,54
422,200,75,56
427,207,65,49
431,207,59,43
431,207,59,43
437,207,48,38
437,207,48,38
440,202,45,42
440,206,39,37
441,209,30,34
443,209,26,35
449,203,23,39
449,207,20,38
450,208,20,36
446,209,23,36
451,197,27,40
449,199,23,43
446,200,22,45
454,186,29,47
441,203,28,42
452,187,31,46
443,207,27,45
443,205,26,42
443,204,27,44
444,203,26,44
443,206,27,40
442,213,28,35
441,212,26,35
440,214,25,33
440,216,26,30
439,221,26,25
438,220,28,26
439,216,25,30
439,216,25,31
439,213,27,33
439,212,25,35
442,211,24,37
445,203,25,43
445,202,23,45
443,199,28,50
442,203,30,45
443,205,23,44
442,206,26,41
441,211,26,37
448,199,33,40
440,211,27,37
448,200,27,45
445,202,25,46
442,205,24,44
442,208,24,41
442,212,23,36
441,213,25,34
442,213,24,34
440,214,26,33
441,213,25,36
443,213,23,35
442,213,24,35
442,213,24,34
442,213,24,34
443,213,23,34
441,214,25,34
443,213,24,34
442,214,23,34
442,213,24,34
442,214,24,33
441,213,24,34
442,213,23,34
442,213,24,33
442,213,23,34
442,213,24,33
442,213,23,34
440,214,26,33
440,213,25,33
442,213,24,34
442,214,23,33
441,214,25,33
444,213,22,33
442,213,24,34
442,213,23,34
441,214,25,33
441,213,25,33
442,213,23,33
443,213,22,33
442,214,24,32
442,213,24,33
442,213,24,32
443,214,25,31
443,215,24,30
441,213,25,31
442,218,25,25
441,219,27,24
441,220,27,23
440,220,27,22
439,218,30,23
439,220,30,22
440,220,29,22
441,219,28,23
441,216,28,26
441,214,27,29
442,215,26,28
442,215,25,28
441,216,26,28
441,218,26,26
440,215,29,29
442,212,24,32
441,214,25,31
442,212,25,31
442,213,24,31
442,213,24,32
442,213,24,30
442,214,24,29
442,214,25,30
442,215,25,29
442,219,25,24
440,221,28,21
440,221,29,22
440,219,28,25
440,220,27,23
440,221,27,23
440,221,27,22
440,219,28,24
441,221,27,22
440,221,27,23
440,219,26,25
439,222,29,22
439,222,29,22
439,222,28,23
440,221,28,23
439,222,27,23
439,219,29,26
440,222,26,22
440,221,27,23
441,221,28,23
440,222,27,22
440,221,27,23
440,222,29,22
439,221,28,23
440,222,27,24
440,222,27,24
441,217,25,27
440,217,26,29
440,218,26,27
439,219,28,27
441,221,26,24
439,221,28,24
440,222,29,23
439,222,28,23
440,220,26,25
440,218,28,26
440,217,27,28
442,216,24,29
441,214,26,32
442,213,25,32
441,213,24,33
441,213,26,34
441,213,26,34
443,214,23,33
443,213,23,34
442,213,24,33
441,212,25,34
441,214,24,32
442,213,24,33
441,213,25,33
442,212,24,33
441,213,25,33
441,213,25,33
441,213,25,33
442,213,25,33
442,213,24,33
442,213,25,35
442,213,25,35
442,212,24,35
441,212,27,35
443,213,23,34
442,212,23,34
441,213,25,33
442,213,23,33
441,213,24,33
441,214,24,32
440,213,25,32
441,212,24,34
441,213,23,33
440,213,24,33
440,213,24,33
441,212,25,34
441,214,24,32
441,213,24,32
440,213,23,32
440,213,23,31
438,213,23,31
437,213,25,32
436,212,26,34
435,213,26,34
435,213,25,33
435,215,25,31
434,213,26,34
432,214,28,32
434,217,26,29
434,219,26,28
432,220,26,25
433,222,24,22
431,223,27,22
432,221,26,25
432,221,26,25
424,208,27,31
423,207,28,40
424,207,25,40
425,208,23,39
425,209,22,37
424,209,21,38
424,210,20,37
422,210,23,36
422,211,20,35
419,211,23,35
418,210,26,36
409,209,32,38
406,211,33,36
406,209,33,37
403,210,32,34
400,210,33,34
398,210,34,33
396,208,35,33
392,207,38,36
391,209,38,47
388,201,44,56
383,196,48,65
391,202,39,57
390,199,40,59
389,196,41,63
387,195,44,63
381,194,50,64
377,184,51,74
373,183,55,74
373,182,54,74
371,183,57,74
388,185,44,79
392,186,39,78
398,186,32,74
402,187,30,74
403,189,29,74
402,194,29,72
402,199,28,65
404,201,26,59
405,199,25,63
403,196,28,68
403,194,28,69
405,192,26,72
404,192,27,72
404,191,25,72
404,189,26,74
404,189,26,71
405,189,24,70
404,188,25,73
405,189,25,74
402,188,28,72
401,191,28,71
403,190,27,72
403,192,27,69
402,192,29,73
401,193,31,72
402,193,29,71
404,193,27,70
404,193,27,71
403,195,27,67
403,195,27,68
403,193,28,66
403,195,27,69
404,197,27,63
404,197,28,65
404,197,29,64
403,201,30,59
401,201,32,62
403,202,32,58
404,203,28,57
403,204,30,58
400,206,34,54
402,204,32,57
401,204,31,56
402,203,30,57
405,201,27,60
408,200,23,62
409,195,23,63
399,196,31,65
401,197,31,65
403,198,33,62
405,201,32,63
408,204,30,56
402,204,38,55
400,202,40,58
401,200,37,61
398,201,39,59
403,204,35,57
399,202,36,59
403,204,34,55
400,202,36,58
398,199,37,60
402,203,33,58
399,200,35,61
407,205,27,54
405,204,29,56
405,204,29,56
403,202,30,56
406,201,29,57
408,201,30,57
407,197,32,63
403,193,37,66
398,191,43,69
400,192,44,66
402,195,44,64
399,198,50,63
402,199,48,61
402,201,48,57
411,186,44,67
410,183,43,75
421,170,35,83
421,157,31,89
420,148,33,93
409,140,42,93
406,133,42,93
405,136,41,81
400,136,44,72
402,123,42,76
397,117,45,78
392,106,48,85
388,103,51,83
387,106,52,78
381,110,53,73
372,112,59,70
373,109,51,70
371,90,52,86
366,87,54,94
358,85,59,100
356,85,59,97
353,83,58,97
348,81,60,103
346,85,59,100
337,102,64,87
343,109,54,76
343,109,55,69
341,107,59,70
336,103,64,79
333,100,66,89
337,101,65,87
332,103,71,95
335,102,72,99
335,102,74,103
333,103,77,106
334,103,78,109
334,103,79,111
335,104,82,111
344,103,72,91
344,99,71,96
343,98,72,99
346,95,69,95
344,92,70,97
347,89,67,110
352,88,59,119
360,83,51,136
362,80,48,143
367,81,47,143
372,82,45,139
376,81,45,142
379,79,46,145
379,81,50,145
379,79,54,147
383,80,53,146
383,80,54,148
384,77,55,149
385,78,53,149
390,71,49,151
392,76,43,147
387,80,53,143
379,89,62,130
376,91,66,131
364,94,80,130
361,102,81,121
359,106,84,110
356,111,87,101
354,118,90,92
355,115,87,95
349,125,94,81
349,125,90,81
348,128,89,79
347,127,88,80
343,130,89,74
340,128,91,78
340,131,87,75
337,132,86,75
333,136,85,73
327,139,89,70
325,143,88,58
322,147,89,60
330,145,78,63
330,150,76,57
339,154,66,42
345,158,57,51
359,159,44,39
355,163,47,41
361,166,43,51
361,163,45,41
373,173,36,34
373,173,36,34
375,162,33,41
375,162,33,41
381,171,34,38
383,168,34,44
384,162,37,50
384,155,39,57
391,153,33,65
391,137,35,71
394,140,33,70
391,143,38,65
395,150,35,56
393,151,38,56
398,149,34,61
397,151,36,61
398,152,38,61
402,159,32,56
400,159,32,57
401,159,31,59
399,152,32,66
399,152,33,70
400,151,32,72
400,151,35,76
402,153,36,72
401,155,38,70
403,159,38,66
403,158,36,67
403,160,34,64
402,162,33,64
405,162,31,63
405,162,32,66
403,160,36,72
405,162,37,72
403,162,39,71
404,164,35,71
404,162,31,79
403,160,33,75
402,162,35,77
402,166,37,73
400,170,42,68
399,170,43,78
400,169,40,84
396,169,39,84
401,175,31,79
398,170,32,86
395,170,37,86
395,173,36,82
384,173,48,82
380,174,54,80
377,175,53,81
373,176,56,81
370,173,60,84
366,172,60,85
371,171,54,87
365,175,57,82
367,176,54,80
371,172,48,85
371,169,51,86
373,170,50,86
378,174,51,82
380,176,51,79
378,175,51,81
375,172,51,83
372,167,52,87
370,166,52,88
371,167,51,89
372,168,53,88
374,173,55,82
375,174,55,81
375,171,55,85
376,172,52,82
369,169,57,84
366,168,58,85
367,169,54,86
359,166,60,90
355,167,65,90
354,169,64,89
354,173,62,87
353,174,63,83
351,174,64,83
353,175,64,83
353,177,63,79
349,165,66,59
351,161,64,59
355,156,58,64
354,144,59,72
356,142,47,72
356,145,43,67
353,141,48,66
355,140,44,64
359,135,42,58
358,135,44,53
359,127,43,53
359,127,44,48
361,128,44,44
362,119,46,50
360,116,47,56
360,108,49,62
362,99,48,71
360,96,51,76
356,96,55,81
351,96,60,84
343,109,64,89
343,101,68,88
341,102,70,88
338,105,74,88
339,105,72,88
332,109,79,88
328,114,81,82
326,116,80,87
320,124,85,78
318,127,86,79
320,130,84,78
317,134,85,77
317,136,85,76
313,149,85,87
311,142,88,100
313,144,82,103
309,144,85,105
311,142,80,111
309,138,79,109
307,138,75,111
305,133,72,117
300,126,73,125
301,128,67,126
294,127,71,126
311,127,54,128
298,125,67,122
290,131,77,111
290,130,81,114
295,132,79,112
294,131,80,118
302,126,75,123
300,125,80,128
305,128,80,122
303,130,82,119
307,129,79,120
307,129,79,122
304,126,86,109
302,124,91,95
316,125,77,82
317,125,75,74
318,123,76,71
320,122,74,73
320,122,74,68
324,120,67,67
325,118,63,71
326,117,62,70
326,119,60,67
324,119,61,65
319,120,63,59
317,118,63,61
317,120,60,60
311,121,64,61
307,122,65,61
306,123,64,67
297,123,72,69
298,123,70,66
299,123,68,72
301,125,66,67
302,126,64,65
304,127,61,61
302,125,63,63
304,126,60,63
309,127,58,57
307,129,62,55
304,130,67,62
306,127,68,58
306,121,69,59
304,117,73,67
312,115,69,72
311,114,73,70
315,113,73,65
321,112,71,63
324,112,72,64
333,110,64,71
340,107,59,72
341,106,60,77
342,106,60,76
345,106,58,80
348,105,55,81
349,104,57,82
347,105,62,82
351,105,60,83
349,104,63,83
350,104,64,83
351,104,63,84
353,102,62,87
351,101,65,87
347,100,69,87
341,98,75,96
340,100,75,99
337,99,73,107
337,99,70,111
344,96,59,124
340,97,62,122
350,101,52,123
349,105,53,118
347,106,54,116
348,107,55,113
351,107,54,115
352,108,53,109
355,111,54,107
356,112,51,106
359,113,51,104
357,113,50,107
359,115,48,101
359,119,48,99
359,129,47,90
358,142,45,76
359,129,49,76
356,128,56,81
355,130,59,76
356,128,59,79
359,129,58,75
359,129,60,85
358,133,59,90
357,144,61,80
354,157,66,72
354,159,65,69
358,153,67,76
359,158,69,71
359,161,69,73
358,157,70,82
356,158,74,79
361,160,70,77
363,166,66,77
372,164,60,72
374,163,55,74
367,166,65,75
367,180,68,62
366,186,73,54
373,187,67,52
372,193,70,45
370,196,73,40
379,197,64,38
385,193,59,40
392,188,53,43
397,183,48,49
399,180,49,52
404,177,43,52
405,175,42,55
408,172,39,64
407,171,41,66
407,170,40,68
409,171,39,67
412,169,39,68
414,167,39,73
418,168,39,68
420,166,38,69
421,165,38,69
420,165,37,73
418,167,40,68
416,167,39,68
415,166,36,68
414,165,36,71
414,165,37,71
415,168,37,72
418,163,37,73
421,165,36,68
419,164,40,72
415,164,42,72
414,164,40,71
414,161,36,73
410,163,37,73
409,164,35,73
410,166,36,73
412,165,36,74
414,164,37,81
416,163,39,82
418,163,37,87
414,153,37,83
410,156,40,77
405,158,40,78
405,157,38,80
406,161,37,75
407,163,37,73
410,165,37,72
415,165,36,69
416,161,36,73
416,161,36,76
415,148,35,81
410,148,39,83
406,148,42,80
405,147,41,85
402,149,40,84
405,157,34,77
401,160,37,73
400,165,36,66
399,166,37,66
399,164,37,71
400,164,38,70
401,165,38,69
403,165,39,68
406,160,39,70
408,158,39,71
412,158,37,76
414,156,39,76
415,153,39,82
416,151,39,91
419,150,36,86
417,147,39,85
418,145,37,94
419,136,34,79
418,137,33,69
419,140,30,62
418,136,31,61
418,135,31,61
417,131,30,64
416,130,31,63
415,129,32,62
413,129,34,63
411,132,34,62
414,137,30,57
416,145,27,47
414,150,27,44
411,146,30,49
407,144,32,52
406,147,31,50
406,143,29,55
402,153,31,53
402,147,30,53
400,145,30,57
400,153,28,52
400,146,28,59
398,146,29,60
396,147,29,62
395,148,29,62
395,148,29,64
395,149,29,61
397,149,27,62
396,150,29,62
396,149,30,63
398,149,30,61
400,148,29,63
402,147,31,60
401,145,32,62
404,146,33,60
409,146,30,56
412,145,30,55
415,148,28,51
417,145,29,50
419,144,30,50
420,139,31,52
422,139,30,55
423,133,29,59
420,128,33,63
421,131,32,60
421,129,31,62
421,130,31,60
422,129,28,61
421,130,29,60
419,130,30,58
417,132,31,55
416,131,31,56
416,129,31,57
414,129,31,60
412,129,31,59
412,133,29,59
410,133,30,58
410,134,30,57
408,133,30,59
405,136,33,55
406,142,30,52
407,144,29,51
408,144,28,52
406,143,28,53
405,143,29,54
405,140,30,59
407,139,29,63
406,148,32,55
408,144,30,59
408,145,30,58
409,145,31,61
412,147,30,61
413,147,30,62
416,147,29,61
417,147,30,61
418,147,31,63
420,147,31,63
421,147,33,61
422,146,33,60
424,145,33,60
425,144,32,60
426,143,31,59
426,139,31,60
426,140,32,57
424,137,35,58
424,135,36,58
423,132,36,56
421,129,36,58
418,129,39,57
416,126,38,58
421,123,32,56
418,120,33,59
417,119,36,60
417,118,35,60
418,116,34,60
417,114,34,61
415,115,36,60
416,112,35,63
415,111,35,61
415,108,33,61
415,105,33,62
413,103,33,61
419,118,32,69
420,109,29,80
416,99,30,70
413,102,33,74
413,104,32,87
417,109,28,85
406,101,36,94
403,107,39,87
404,108,34,87
398,112,36,90
395,120,37,93
393,125,38,93
394,133,37,97
395,138,34,99
397,146,34,90
399,150,31,94
400,151,33,86
400,149,35,77
406,151,32,86
406,148,34,89
409,144,33,93
408,142,34,93
411,142,34,92
410,143,35,93
408,145,35,86
403,148,41,87
400,146,41,94
396,155,44,87
394,160,45,82
389,162,48,94
389,162,46,88
387,161,48,80
383,165,52,84
382,162,53,84
383,157,50,83
386,152,48,89
386,146,48,80
391,140,43,86
394,135,40,84
398,130,36,82
401,130,35,83
404,119,31,87
402,113,33,91
401,110,34,92
398,113,37,87
397,112,38,93
397,113,36,93
396,113,37,94
392,114,40,97
395,116,38,101
391,112,41,102
397,113,36,100
395,114,39,99
397,117,37,96
400,117,35,98
395,119,40,101
392,121,43,99
386,128,49,101
388,125,46,108
386,127,46,108
382,124,47,115
380,123,43,118
378,123,42,115
376,122,46,123
381,122,44,123
381,125,46,129
377,124,50,134
376,122,49,142
371,115,51,144
372,117,51,145
374,114,49,142
381,116,47,146
387,124,42,134
383,122,44,136
379,128,45,127
372,130,52,135
373,125,50,134
379,127,46,130
380,132,49,126
377,131,50,125
374,131,49,124
371,128,51,128
368,126,54,134
379,125,46,135
382,131,48,129
387,135,43,124
389,132,41,122
382,128,44,121
380,127,47,134
381,125,43,135
378,125,48,136
378,127,52,133
387,132,45,126
387,134,46,126
383,132,47,122
378,133,52,121
366,132,61,123
369,134,57,124
364,139,57,117
360,142,57,116
355,148,61,111
354,152,61,105
348,155,64,97
351,157,61,86
350,159,60,74
348,158,55,66
347,154,54,56
345,144,60,65
349,137,50,68
346,136,48,62
349,136,42,50
352,135,43,41
332,176,42,40
357,120,43,42
354,110,46,50
352,106,47,57
307,160,50,57
307,166,51,51
344,103,46,55
300,162,49,53
306,169,44,48
298,164,50,49
293,164,55,52
293,160,53,56
292,163,51,56
291,163,50,58
291,164,49,57
292,164,46,57
291,167,50,55
292,166,43,55
293,171,48,52
293,170,47,52
293,173,47,51
292,175,52,46
293,178,48,44
297,178,45,44
295,179,47,42
297,182,47,39
300,181,47,38
300,183,43,35
303,185,39,30
304,183,43,30
306,186,41,27
308,188,41,23
308,190,43,21
308,190,43,21
317,190,36,19
317,190,36,19
317,190,36,19
331,183,37,19
349,160,36,24
356,155,36,31
358,155,37,37
358,158,39,37
357,161,42,47
356,155,48,55
355,154,54,57
366,135,49,72
361,148,55,66
364,125,57,82
361,115,63,99
369,106,58,109
368,110,59,110
366,109,62,112
367,119,62,102
360,112,70,111
359,115,72,110
363,115,65,112
371,118,56,108
367,121,57,116
372,120,50,114
367,127,54,114
361,128,58,106
353,131,65,112
351,133,67,107
360,137,57,114
372,135,43,102
373,132,43,94
378,132,38,80
377,131,36,77
383,126,29,71
373,123,38,74
366,121,44,81
365,115,42,90
365,111,41,94
364,112,44,90
364,114,45,93
360,119,49,91
359,123,51,90
357,126,53,76
360,133,51,58
358,138,51,57
353,142,54,56
347,147,57,52
348,153,57,46
343,154,60,48
346,158,57,45
345,159,58,44
347,161,56,43
344,160,60,45
346,160,58,45
349,160,57,46
352,160,55,45
352,160,57,46
352,160,59,46
352,160,60,46
351,159,61,46
352,159,62,47
351,160,62,46
351,161,64,45
351,161,63,46
352,162,62,45
353,163,62,43
353,163,59,43
355,163,58,45
352,162,60,47
353,165,60,43
355,164,58,45
355,165,59,44
353,165,60,43
356,166,58,44
355,166,57,42
355,165,57,43
357,164,56,44
356,164,56,45
354,166,58,42
357,167,56,41
356,167,56,42
356,169,57,43
356,168,56,45
356,169,57,44
358,170,55,42
357,170,56,40
354,171,57,40
354,171,58,38
354,170,58,39
352,170,59,37
354,168,57,37
356,166,55,38
359,164,50,40
357,164,53,39
357,164,52,38
357,163,51,41
357,163,50,41
354,163,53,42
354,163,54,42
352,164,55,40
352,165,55,41
353,165,55,42
353,166,55,43
354,168,57,42
352,167,56,43
353,168,55,42
351,167,57,42
353,168,55,43
352,168,56,42
352,169,56,44
352,169,57,42
348,169,60,45
351,171,61,40
350,172,59,43
352,171,60,44
353,171,59,44
356,171,58,42
353,173,61,40
357,170,59,46
358,170,59,46
360,168,61,45
363,169,59,44
366,166,60,48
370,167,61,47
377,166,58,48
379,167,62,50
383,167,63,52
386,170,64,52
390,172,64,50
391,173,67,51
392,175,70,51
392,181,72,46
394,183,73,46
397,186,79,46
398,189,78,44
399,192,80,43
402,196,75,39
404,195,76,43
401,200,77,38
405,201,78,39
402,202,77,41
401,206,78,37
397,207,80,38
392,210,82,38
387,212,85,34
381,212,87,38
374,212,87,40
364,212,83,38
363,209,77,43
355,209,76,43
347,209,76,43
345,208,72,47
348,209,73,45
331,211,67,40
315,210,75,39
304,211,74,40
305,212,67,39
301,212,65,41
296,214,67,42
295,216,61,40
287,220,66,40
287,217,66,45
285,227,71,34
284,225,73,37
284,224,75,46
286,225,76,50
291,225,71,51
293,223,71,52
297,223,68,49
295,222,71,48
300,222,70,44
303,222,70,40
305,222,69,38
304,222,73,36
304,220,73,39
305,220,72,36
303,219,76,35
302,217,76,36
298,216,77,38
298,215,74,37
295,214,75,38
297,213,72,38
296,213,71,38
294,211,65,38
304,197,66,51
294,196,73,49
285,195,81,46
283,169,78,57
289,153,75,59
296,141,64,63
307,126,51,61
346,186,50,75
342,181,49,81
335,181,54,85
332,182,56,84
328,180,56,87
326,179,54,89
323,179,52,89
321,178,52,92
315,173,57,99
314,173,54,102
314,177,51,98
308,173,57,101
307,174,56,102
307,170,55,104
306,167,55,107
303,159,58,114
302,155,57,121
302,157,59,118
299,157,63,120
301,163,59,112
300,164,61,113
301,166,62,109
301,168,60,107
303,170,59,105
304,163,58,112
306,162,56,111
307,157,55,116
306,155,57,120
309,154,56,120
310,152,53,120
311,151,55,121
312,155,55,117
312,149,56,123
313,151,55,121
313,155,54,117
313,159,56,114
313,161,55,114
315,156,52,118
314,153,54,122
313,154,55,121
314,157,54,119
312,156,58,118
315,153,56,122
313,155,59,121
315,159,58,120
316,156,60,121
321,163,56,116
322,166,56,113
327,174,53,104
327,178,54,96
329,164,54,109
330,168,55,106
330,176,58,95
335,176,56,91
343,175,50,93
341,174,53,93
346,170,49,96
345,169,53,96
347,166,52,99
348,167,54,98
350,170,52,95
351,168,55,95
352,168,55,95
353,170,53,91
352,173,57,90
354,168,55,95
352,168,57,95
353,170,57,91
353,169,56,94
352,170,58,94
354,170,58,94
355,167,56,96
355,169,56,96
356,168,56,97
356,168,58,98
359,168,55,99
361,164,55,99
364,167,52,97
364,164,55,101
365,162,53,102
366,160,52,101
364,159,53,101
366,158,51,99
366,157,51,97
366,152,50,101
364,150,52,102
360,152,53,98
359,153,51,97
358,153,48,96
351,151,53,98
351,155,50,92
346,156,50,95
342,159,53,92
345,161,46,89
340,161,49,92
342,162,45,95
339,167,44,90
340,165,41,94
334,166,45,93
331,173,45,85
332,175,42,85
332,174,40,82
330,172,40,86
328,171,41,84
325,175,40,78
325,176,38,76
322,178,38,72
319,177,39,76
321,178,36,76
318,178,38,74
312,182,44,71
307,180,50,73
306,182,51,72
311,182,48,72
313,184,44,69
316,182,46,71
314,184,50,69
318,183,50,69
322,188,50,65
339,197,36,59
338,186,41,65
342,193,34,60
348,189,44,63
353,189,43,67
361,187,36,63
365,184,34,69
370,182,36,72
375,179,41,77
381,180,33,74
387,179,29,75
392,175,24,76
392,175,24,76
392,175,24,76
392,175,24,76
392,175,24,76
392,175,24,76
392,175,24,76
454,174,25,70
454,174,25,70
454,174,25,70
454,174,25,70
454,174,25,70
454,174,25,70
454,174,25,70
454,174,25,70
454,174,25,70
454,174,25,70
454,174,25,70
454,174,25,70
454,174,25,70
369,99,36,76
318,188,43,65
318,188,43,65
318,188,43,65
323,192,36,53
323,192,36,53
323,192,36,53
323,192,36,53
323,192,36,53
323,192,36,53
323,192,36,53
323,192,36,53
323,192,36,53
323,192,36,53
323,192,36,53
323,192,36,53
323,192,36,53
323,192,36,53
323,191,35,53
323,191,35,53
323,191,35,53
323,191,35,53
323,191,35,53
273,195,37,49
273,196,41,47
324,191,33,53
273,197,40,47
273,197,40,47
323,191,35,53
323,191,35,53
271,196,35,48
273,196,32,48
273,197,31,46
285,188,28,50
272,197,21,47
289,188,21,44
289,189,21,41
286,190,25,43
285,192,26,46
287,189,24,42
285,192,27,43
287,189,24,43
287,190,24,40
285,190,26,41
286,189,24,40
285,193,26,41
286,194,25,36
287,191,23,39
288,190,23,41
288,188,23,42
289,189,22,43
288,187,23,44
287,189,24,41
287,190,23,40
290,189,21,41
288,188,22,44
288,187,22,44
288,189,23,41
288,189,24,42
288,187,23,44
287,189,24,41
288,189,23,41
287,189,24,41
286,189,25,41
287,190,25,40
287,189,23,42
287,189,23,40
287,188,25,43
288,188,23,42
287,189,24,41
287,188,24,43
287,189,24,42
287,188,24,42
287,188,24,42
288,189,23,41
287,189,25,41
285,188,26,43
286,190,25,42
285,191,25,39
286,190,25,40
286,190,25,40
286,190,25,39
287,190,24,40
289,188,21,42
289,194,22,37
286,196,25,35
283,198,29,31
287,200,24,29
287,201,24,24
287,201,24,24
287,201,24,24
287,201,24,24
287,201,24,24
287,201,24,24
287,201,24,24
287,201,24,24
287,201,24,24
287,201,24,24
287,201,24,24
287,201,24,24
287,201,24,24
287,201,24,24
287,201,24,24
287,201,24,24
287,201,24,24
287,201,24,24
287,201,24,24
287,201,24,24
287,201,24,24
242,237,21,19
242,237,21,19
242,237,21,19
222,255,19,19
220,253,21,24
215,256,21,22
215,256,21,22
208,257,23,23
201,224,21,24
200,259,17,24
197,253,20,27
195,256,18,23
192,252,17,23
192,252,17,23
207,247,20,27
200,242,22,30
200,252,20,28
200,252,20,28
193,245,16,33
193,245,16,33
193,245,16,33
193,245,16,33
193,245,16,33
193,245,16,33
193,245,16,33
193,245,16,33
141,245,20,30
130,238,25,31
120,240,30,28
120,240,30,28
120,240,30,28
102,241,34,36
102,241,34,36
92,217,41,44
129,149,51,42
114,152,59,52
102,152,64,61
93,144,68,72
67,189,52,72
68,191,46,68
68,193,43,68
64,193,44,67
63,190,45,69
62,188,47,71
63,191,46,65
65,192,45,67
65,199,48,60
69,195,42,61
69,196,40,59
72,197,33,58
68,195,33,60
69,195,30,60
63,199,31,55
63,199,31,55
65,117,35,58
65,117,35,58
65,117,35,58
65,117,35,58
65,117,35,58
29,189,31,67
21,187,39,72
11,185,44,76
4,185,41,75
1,182,39,78
1,182,39,78
1,182,39,78
1,182,39,78
1,182,39,78
1,182,39,78
114,238,46,83
114,238,46,83
146,252,48,90
145,245,49,92
132,249,59,89
119,245,72,92
121,238,71,101
275,170,74,83
291,163,71,83
302,190,64,60
307,192,58,54
313,193,48,52
271,191,44,53
271,193,40,50
275,194,42,49
273,194,38,48
273,194,38,49
282,192,30,46
278,193,32,49
274,195,36,50
273,192,40,52
276,191,36,51
274,195,36,48
280,190,36,51
283,190,29,49
283,191,28,48
287,188,23,47
286,190,24,43
287,189,23,44
287,191,24,41
286,189,24,42
286,189,23,41
287,190,23,40
286,188,26,43
287,187,23,45
287,188,22,44
287,187,24,46
288,188,22,46
288,186,22,46
289,185,22,50
289,185,21,50
288,184,24,54
288,187,24,52
290,185,22,52
289,185,21,49
290,186,21,48
290,185,21,48
290,185,20,46
290,185,20,47
290,187,20,44
291,185,20,50
289,183,22,55
289,184,23,50
288,185,23,47
287,186,25,45
287,186,24,44
287,187,23,43
287,187,24,42
287,188,23,44
287,188,24,41
287,187,24,42
287,188,23,42
288,187,22,43
288,185,23,47
290,186,20,47
288,187,23,46
288,185,22,46
289,186,22,46
289,184,22,48
289,185,21,50
290,184,21,54
291,186,19,47
290,187,21,43
290,189,20,42
291,186,19,44
287,186,23,46
287,187,24,44
285,188,26,38
287,188,24,36
289,188,21,41
286,188,25,43
287,189,24,42
291,190,19,42
295,190,15,39
297,193,11,37
330,148,18,37
330,148,18,37
330,148,18,37
330,148,18,37
330,148,18,37
330,148,18,37
336,206,20,38
334,215,25,35
341,218,21,31
341,218,21,31
341,218,21,31
341,218,21,31
341,218,21,31
341,218,21,31
341,218,21,31
341,218,21,31
341,218,21,31
341,218,21,31
341,218,21,31
285,197,18,34
288,199,20,32
287,199,24,33
287,198,22,32
287,197,24,33
287,196,24,33
287,195,25,35
286,197,24,33
287,195,25,35
286,189,26,41
289,189,23,41
287,190,25,40
288,192,23,38
285,196,26,34
287,191,25,39
287,190,24,39
287,189,25,40
287,190,24,40
285,189,26,42
286,189,25,41
285,191,26,39
287,189,23,41
287,191,24,40
288,190,23,41
288,190,23,43
288,188,22,43
289,187,22,43
287,187,24,43
286,186,25,46
288,187,23,45
287,188,24,42
287,186,24,45
287,188,24,42
287,189,24,41
288,187,23,44
286,187,25,44
286,188,25,43
287,189,23,42
287,188,23,41
287,189,24,41
286,190,25,42
283,190,29,49
279,193,32,48
287,188,24,42
288,186,22,46
287,187,23,43
286,190,26,42
287,190,24,43
287,190,24,43
289,186,21,45
285,188,26,43
286,187,25,43
288,188,22,46
288,188,22,43
288,187,23,43
288,187,22,45
288,189,23,43
288,191,23,39
288,190,22,41
288,189,23,41
286,189,25,41
286,190,25,41
288,189,23,41
289,189,22,41
288,189,23,42
288,189,22,41
288,188,24,44
288,190,24,40
285,190,26,39
287,189,24,42
287,190,24,41
288,189,22,42
289,189,22,41
288,186,23,44
289,188,22,43
290,186,21,45
288,190,22,42
286,189,26,43
286,189,25,41
285,189,26,42
287,188,24,43
288,188,23,44
288,188,23,43
288,188,22,42
288,189,22,41
287,190,22,43
287,190,23,42
287,189,25,42
288,183,24,48
274,197,18,48
292,247,21,49
280,246,27,55
274,255,33,55
271,261,33,52
271,274,30,45
267,285,30,44
262,289,26,42
254,297,30,45
244,298,35,48
244,298,35,48
244,298,35,48
213,299,32,54
200,294,36,58
185,290,38,60
183,289,28,58
168,282,31,60
161,279,32,59
153,274,33,60
146,274,33,54
140,266,34,56
134,268,35,49
132,261,33,49
128,255,34,49
124,248,34,49
122,249,33,43
122,249,32,38
121,242,32,41
119,242,32,40
118,244,30,38
116,243,32,41
116,245,31,39
116,247,29,43
115,250,29,43
114,253,30,44
114,253,30,46
116,252,29,46
120,253,27,44
122,250,25,44
132,245,26,47
131,244,25,43
123,240,34,45
123,240,34,45
123,240,34,45
123,240,34,45
123,240,34,45
123,240,34,45
123,240,34,45
123,240,34,45
123,240,34,45
123,240,34,45
123,240,34,45
123,240,34,45
123,240,34,45
123,240,34,45
123,240,34,45
123,240,34,45
123,240,34,45
123,240,34,45
123,240,34,45
123,240,34,45
123,240,34,45
123,240,34,45
123,240,34,45
123,240,34,45
123,240,34,45
81,254,34,47
81,254,34,47
81,254,34,47
81,254,34,47
81,254,34,47
81,254,34,47
81,254,34,47
81,254,34,47
81,254,34,47
81,254,34,47
81,254,34,47
81,254,34,47
81,254,34,47
95,259,32,45
95,259,32,45
95,259,32,45
95,259,32,45
94,266,32,43
86,271,33,41
83,260,31,47
89,262,30,48
94,259,36,60
94,259,36,60
94,259,36,60
94,259,36,60
94,259,36,60
94,259,36,60
94,259,36,60
94,259,36,60
94,259,36,60
94,259,36,60
94,259,36,60
94,259,36,60
94,259,36,60
94,259,36,60
94,259,36,60
159,287,27,55
159,289,20,58
161,287,19,60
164,284,19,62
166,284,20,62
168,283,22,63
168,285,24,61
171,288,27,59
173,290,29,58
175,293,31,56
179,296,32,53
182,298,34,52
182,305,27,46
182,305,27,46
182,305,27,46
182,305,27,46
182,305,27,46
182,305,27,46
182,305,27,46
182,305,27,46
182,305,27,46
182,305,27,46
182,305,27,46
182,305,27,46
182,305,27,46
182,305,27,46
182,305,27,46
182,305,27,46
182,305,27,46
182,305,27,46
182,305,27,46
182,305,27,46
182,305,27,46
182,305,27,46
182,305,27,46
182,305,27,46
182,305,27,46
182,305,27,46
182,305,27,46
182,305,27,46
182,305,27,46
182,305,27,46
182,305,27,46
182,305,27,46
182,305,27,46
182,305,27,46
182,305,27,46
182,305,27,46
182,305,27,46
182,305,27,46
182,305,27,46
182,305,27,46
182,305,27,46
182,305,27,46
182,305,27,46
182,305,27,46
182,305,27,46
182,305,27,46
182,305,27,46
182,305,27,46
182,305,27,46
182,305,27,46
182,305,27,46
182,305,27,46
182,305,27,46
182,305,27,46
182,305,27,46
182,305,27,46
182,305,27,46
182,305,27,46
182,305,27,46
182,305,27,46
182,305,27,46
182,305,27,46
182,305,27,46
182,305,27,46
182,305,27,46
182,305,27,46
182,305,27,46
182,305,27,46
182,305,27,46
182,305,27,46
182,305,27,46
182,305,27,46
182,305,27,46
182,305,27,46
182,305,27,46
249,312,34,42
249,312,34,42
249,312,34,42
249,312,34,42
249,312,34,42
249,312,34,42
249,312,34,42
249,312,34,42
249,312,34,42
249,312,34,42
249,312,34,42
249,312,34,42
249,312,34,42
249,312,34,42
249,312,34,42
249,312,34,42
249,312,34,42
249,312,34,42
249,312,34,42
249,312,34,42
249,312,34,42
249,312,34,42
249,312,34,42
249,312,34,42
249,312,34,42
249,312,34,42
249,312,34,42
249,312,34,42
249,312,34,42
249,312,34,42
249,312,34,42
249,312,34,42
249,312,34,42
249,312,34,42
249,312,34,42
249,312,34,42
249,312,34,42
249,312,34,42
249,312,34,42
