310,196,16,15
309,195,16,14
308,194,16,15
308,194,16,15
308,193,16,15
308,193,16,15
307,194,16,15
306,193,17,15
306,193,17,15
306,193,16,15
306,193,16,15
305,192,17,15
305,192,17,15
305,191,17,15
305,191,17,15
304,190,17,15
303,189,16,15
304,188,16,15
303,187,16,14
303,185,17,14
302,183,17,15
303,181,15,15
303,180,15,14
303,179,15,14
302,177,16,14
302,176,16,14
302,174,16,14
303,173,16,14
303,172,16,14
304,172,15,13
305,171,15,13
305,171,15,14
306,170,15,13
307,170,14,14
307,170,14,14
306,170,15,14
307,170,15,13
307,170,15,13
307,170,15,14
307,170,15,14
308,170,15,14
308,170,15,14
308,171,15,13
307,172,14,14
307,173,15,14
307,174,15,13
308,175,14,13
308,175,14,13
308,175,14,13
307,175,14,13
307,173,14,14
307,171,15,14
307,168,16,16
308,167,16,15
309,168,15,15
311,171,15,16
310,175,16,15
311,177,17,16
316,181,13,13
318,183,13,13
318,183,13,13
317,182,14,13
317,180,13,13
318,179,12,12
316,177,13,13
316,176,13,13
317,176,13,12
315,175,14,13
315,173,15,14
316,173,15,13
315,174,16,14
315,174,16,14
316,175,15,14
316,175,14,13
316,175,14,14
315,175,15,15
315,174,15,14
316,174,15,15
315,173,14,14
314,172,16,16
313,170,16,15
312,168,16,14
311,163,15,16
310,159,16,14
307,154,16,15
306,150,16,16
305,146,15,16
304,143,16,15
302,141,16,15
301,140,15,15
298,137,16,15
296,136,16,16
295,135,15,14
293,134,15,14
292,133,14,13
290,132,14,14
289,131,14,14
288,130,13,15
286,130,13,14
286,130,13,14
284,129,14,15
284,129,14,14
283,129,14,14
283,130,14,13
284,130,13,12
282,131,14,15
281,132,16,14
282,134,16,14
285,134,15,14
288,135,15,15
290,137,16,15
293,139,16,15
295,141,17,16
299,143,16,15
303,144,15,15
304,144,16,16
306,143,17,17
308,141,16,16
309,138,17,17
309,134,17,17
311,129,16,17
310,123,18,17
311,118,18,17
312,116,16,15
313,115,16,15
312,116,16,16
310,117,17,16
305,118,19,18
301,119,20,18
300,117,19,18
301,116,19,17
303,117,18,16
305,120,17,18
306,125,18,17
307,128,17,15
305,131,18,17
304,135,17,17
302,138,18,18
300,142,17,18
299,148,18,18
298,152,17,17
296,159,17,18
295,165,18,18
295,171,18,18
294,180,20,16
298,180,20,17
301,179,20,18
306,179,19,19
308,177,20,19
309,177,21,18
308,175,20,17
308,175,19,18
305,174,20,19
302,173,20,18
300,174,21,18
298,175,21,19
295,175,21,18
291,175,21,20
286,174,23,22
282,173,23,21
280,169,22,21
283,159,23,22
288,147,24,21
294,135,23,23
303,125,25,23
314,116,23,23
322,108,24,22
329,101,26,22
338,97,23,21
344,90,23,22
349,88,20,20
353,84,20,21
357,80,19,23
360,79,19,21
363,76,19,21
365,74,20,22
367,72,20,22
370,70,19,22
372,68,20,23
374,68,21,23
376,68,21,23
380,70,20,24
384,77,21,23
384,78,23,22
383,78,21,22
376,80,24,24
369,91,25,31
351,100,34,34
340,114,38,29
318,113,30,29
322,112,26,24
327,109,22,22
329,107,22,21
333,104,22,21
336,98,23,22
339,97,23,23
339,97,23,21
338,97,22,22
339,98,23,21
338,97,23,23
339,98,22,23
338,99,23,21
338,99,22,21
337,100,23,21
336,100,22,22
335,102,21,21
332,102,22,21
329,102,21,22
325,102,23,22
322,102,22,22
318,101,22,21
315,101,21,21
312,99,21,23
307,99,22,23
303,98,22,22
299,98,23,22
296,97,21,21
290,96,23,23
286,94,23,24
281,95,22,23
278,95,21,24
274,96,22,24
272,96,21,25
269,99,21,23
267,101,20,24
264,105,21,22
262,109,21,22
260,112,21,22
258,117,21,22
256,122,21,23
255,128,22,23
253,134,22,24
252,141,20,24
251,147,21,25
249,153,21,28
247,160,22,25
246,168,21,22
245,175,21,22
244,182,22,23
243,187,22,24
243,193,21,25
243,199,21,23
241,202,22,23
241,206,22,22
240,207,21,21
240,208,20,20
240,208,20,20
240,209,20,20
241,209,20,20
241,209,19,20
240,208,20,19
240,205,19,20
240,202,20,21
240,199,20,21
242,198,20,22
245,202,19,19
249,209,18,19
267,219,20,17
270,221,20,17
261,213,18,20
267,213,14,18
294,232,17,17
297,237,18,17
297,242,17,18
298,246,17,17
298,248,17,17
297,251,17,18
296,255,18,18
295,257,18,17
294,261,18,17
293,264,19,18
292,267,19,19
292,271,19,19
292,274,19,19
291,278,20,19
292,281,20,19
292,284,20,20
292,287,21,19
293,289,19,18
293,290,20,18
293,293,20,16
293,293,21,16
293,294,19,15
293,294,20,16
292,294,19,15
291,292,19,16
290,290,19,18
289,289,20,19
289,287,19,18
288,286,20,19
288,285,21,19
288,286,21,19
287,286,22,20
287,287,22,19
287,288,21,19
288,290,20,18
287,293,21,16
287,295,21,14
282,297,25,13
275,300,24,13
272,302,20,15
272,302,20,15
272,302,20,15
272,302,20,15
272,302,20,15
272,302,20,15
270,295,21,17
275,284,26,20
271,257,28,24
273,228,24,26
268,193,25,29
265,171,23,28
263,145,22,26
260,127,23,26
257,113,21,24
254,100,23,23
251,90,22,23
247,85,22,22
244,83,22,21
240,83,23,22
240,83,22,22
237,87,21,22
236,86,22,22
250,100,24,25
254,76,22,28
256,59,24,26
258,45,23,24
260,35,23,24
263,29,22,24
265,26,22,22
267,25,23,22
269,26,22,23
271,31,23,24
273,39,23,26
274,52,24,30
276,66,23,32
277,87,24,34
279,110,25,38
279,138,25,36
275,161,24,29
275,180,21,26
275,203,20,24
231,220,20,27
230,193,24,28
232,163,23,32
233,142,24,27
234,120,24,28
234,104,24,28
236,91,23,26
236,83,23,24
237,78,22,22
236,77,22,21
237,76,22,22
238,79,21,22
237,85,21,22
238,95,20,23
237,107,20,25
207,100,24,28
200,84,25,28
192,71,26,26
185,63,25,24
178,57,24,22
170,55,25,23
161,54,26,24
154,57,25,25
145,63,24,26
136,74,25,25
125,87,26,28
113,106,27,29
104,126,27,31
98,147,28,27
103,156,25,24
102,165,29,27
102,172,31,30
100,188,31,33
100,207,27,30
94,230,29,29
93,249,30,31
95,269,29,29
98,282,29,25
106,291,27,28
113,299,27,24
118,298,25,24
119,290,27,25
122,270,28,30
126,244,34,35
139,214,28,32
145,180,27,34
150,150,29,37
156,125,30,34
163,102,29,31
169,83,28,30
176,69,25,27
180,57,25,26
184,50,25,26
186,45,27,26
192,44,26,26
196,46,26,26
199,51,26,25
203,59,26,27
207,73,27,30
210,91,27,32
213,116,26,29
219,149,25,24
223,156,23,22
232,168,23,22
236,185,22,22
240,205,22,22
245,223,22,25
245,247,25,26
247,268,25,28
249,286,25,25
246,323,23,22
250,330,19,20
251,334,22,22
247,338,23,21
240,335,25,21
232,328,25,23
223,311,25,25
214,282,25,29
204,246,26,32
195,207,27,33
190,171,29,37
185,140,29,39
205,98,25,37
172,86,29,36
167,66,29,33
160,49,28,28
154,33,28,28
148,21,28,27
141,13,27,25
134,7,26,24
126,6,26,24
118,7,27,25
111,11,27,25
102,19,27,27
93,30,28,29
80,44,30,32
70,63,31,35
58,90,30,34
37,92,34,34
30,99,31,29
31,100,28,25
40,103,30,26
42,104,29,26
51,110,26,24
54,117,24,24
52,129,25,27
52,141,28,32
55,162,29,34
61,194,30,38
69,230,40,43
99,266,37,38
118,284,46,33
150,292,49,28
182,278,44,31
204,260,40,33
221,235,37,29
232,195,35,36
237,158,35,40
243,123,31,38
246,93,31,41
249,70,29,38
251,52,27,34
254,36,26,29
254,25,26,27
256,17,26,27
257,14,24,26
258,13,25,26
259,15,24,25
259,20,24,27
260,28,25,26
260,42,25,28
261,56,23,32
260,80,25,32
260,104,25,32
260,130,26,34
262,162,22,30
264,192,20,25
268,212,20,21
273,222,22,20
284,229,23,20
294,226,22,21
300,219,21,19
306,211,21,15
309,205,25,17
313,198,27,20
318,193,26,23
324,190,25,23
330,187,22,24
334,184,25,24
338,178,25,26
341,176,24,25
342,173,24,25
344,173,26,25
348,172,25,26
352,173,24,27
355,173,25,27
357,174,25,26
360,175,25,26
361,176,25,26
363,178,25,26
365,179,25,28
366,183,26,26
368,184,25,27
371,186,25,27
373,187,24,27
374,188,25,27
376,188,25,27
376,188,26,26
376,186,26,26
375,186,26,26
373,183,26,27
372,183,25,26
370,182,25,26
369,181,25,26
367,181,25,25
365,182,26,26
363,184,25,26
362,188,25,24
361,193,24,24
359,201,26,26
358,210,25,26
355,221,25,26
351,229,25,26
346,233,25,24
343,230,24,23
337,216,25,26
329,193,29,32
322,159,28,35
318,134,26,28
311,106,26,29
306,79,27,30
303,64,25,26
298,44,22,27
294,30,21,25
290,21,21,24
285,15,22,22
280,12,22,22
276,11,22,21
271,12,22,23
266,18,22,22
263,26,21,22
257,39,21,22
277,44,20,25
276,28,21,25
274,15,21,24
272,6,21,23
271,1,21,22
269,0,21,19
268,0,20,19
267,1,19,20
265,5,18,21
263,13,19,23
261,24,20,24
259,38,20,27
257,56,19,25
254,76,21,28
250,102,22,28
247,129,21,32
202,179,24,27
200,178,22,24
198,180,20,19
196,179,20,19
197,180,20,19
196,180,19,20
197,181,19,18
197,182,19,19
198,183,20,19
199,184,22,21
204,185,21,21
209,184,20,19
213,182,19,18
217,176,21,20
223,170,22,20
228,165,22,21
235,161,20,21
240,160,19,18
241,158,20,20
240,158,21,18
239,160,19,16
237,165,21,18
235,171,21,21
231,182,22,22
230,199,22,24
228,216,22,24
226,237,23,25
223,259,22,25
221,279,24,26
219,296,25,30
219,313,27,28
222,324,24,25
223,332,24,22
224,338,24,21
226,337,25,21
229,331,27,22
234,324,26,24
234,318,28,22
244,284,27,25
249,258,28,28
258,232,26,24
262,188,22,30
263,161,25,32
269,132,23,30
261,84,21,23
276,83,23,24
278,61,23,27
281,48,22,25
283,36,22,25
285,29,22,23
287,24,22,23
289,22,22,23
291,23,22,23
292,27,22,23
294,34,21,22
296,44,20,22
298,56,20,26
299,77,22,25
300,95,22,27
302,126,23,26
302,146,25,30
300,173,27,27
238,177,28,30
245,155,24,29
251,132,23,25
255,113,24,25
260,98,25,25
264,88,25,27
270,81,23,25
272,78,24,23
277,78,22,22
280,80,22,23
285,85,22,24
290,94,21,23
292,106,23,26
297,125,22,28
299,143,25,30
302,164,27,31
308,189,22,27
306,200,22,23
298,213,24,23
292,228,23,24
283,248,24,26
278,270,25,27
275,289,25,23
275,289,25,23
260,335,22,18
256,335,24,19
248,329,26,24
239,322,26,26
224,290,29,25
217,265,30,28
212,230,30,32
210,200,26,30
208,171,25,27
205,140,23,30
229,89,24,27
195,92,26,30
233,133,21,29
234,158,24,24
238,174,24,23
241,187,23,20
249,199,19,20
256,214,16,23
260,235,15,22
259,254,18,22
260,273,21,23
259,292,25,18
259,292,25,18
259,292,25,18
259,292,25,18
259,292,25,18
253,297,24,15
246,282,27,18
238,254,26,24
225,212,26,27
216,182,29,30
206,152,26,28
196,129,28,30
184,107,29,28
169,83,33,30
195,46,30,34
195,71,30,37
194,98,33,39
122,38,31,29
120,39,30,25
108,37,32,24
107,37,33,25
92,38,33,26
77,42,33,27
61,50,36,30
44,62,37,34
25,81,40,36
4,101,41,43
-10,130,34,42
-10,130,34,42
-10,130,34,42
-13,155,36,36
5,163,34,29
15,172,29,25
18,183,25,26
19,199,22,26
16,219,21,26
19,237,21,27
19,254,25,30
24,266,26,29
28,276,28,26
31,280,30,25
31,280,32,27
28,274,33,29
27,258,30,32
29,236,28,36
33,202,25,37
42,168,29,41
54,134,31,41
65,100,38,45
81,69,36,43
94,46,36,37
107,26,35,36
120,10,36,34
132,1,38,27
144,-1,37,24
156,-5,38,20
167,-11,39,24
184,0,36,16
198,0,33,21
211,4,32,27
222,20,36,32
232,37,41,44
247,66,43,49
258,100,44,53
273,139,37,51
287,172,38,44
296,185,38,38
305,207,43,42
325,255,42,45
338,266,41,43
350,248,44,43
363,238,42,40
376,233,41,39
388,233,43,39
400,238,33,38
412,249,25,39
412,249,25,39
412,249,25,39
412,249,25,39
412,249,25,39
412,249,25,39
412,249,25,39
412,249,25,39
412,249,25,39
412,249,25,39
344,218,32,32
344,218,32,32
344,218,32,32
344,218,32,32
344,218,32,32
344,218,32,32
344,218,32,32
344,218,32,32
344,218,32,32
291,293,38,26
291,293,38,26
291,293,38,26
291,293,38,26
291,293,38,26
291,293,38,26
291,293,38,26
231,324,35,30
231,324,35,30
231,324,35,30
231,324,35,30
231,324,35,30
231,324,35,30
231,324,35,30
231,324,35,30
231,324,35,30
231,324,35,30
231,324,35,30
231,324,35,30
231,324,35,30
