375,92,103,115
374,92,98,103
373,94,103,101
374,94,100,103
375,93,99,104
375,93,97,101
376,94,93,100
376,95,95,97
376,95,95,100
374,93,98,101
374,96,93,97
372,94,95,99
372,93,91,99
370,94,97,98
366,91,96,105
366,93,98,101
364,93,97,98
365,90,96,101
368,87,93,104
367,88,96,104
366,92,105,106
361,99,103,105
354,107,100,101
346,107,97,106
338,109,100,105
335,104,98,104
330,103,100,108
325,104,100,108
325,113,96,101
321,119,97,101
319,122,96,105
319,125,94,103
319,126,96,104
325,129,95,98
329,129,96,100
333,130,104,100
348,127,102,99
368,128,103,95
384,130,100,95
394,126,100,98
407,124,99,99
418,126,98,103
414,129,101,102
411,132,103,100
407,136,106,102
405,139,102,102
405,139,101,102
403,141,101,106
399,142,96,99
398,141,95,100
392,141,96,100
382,141,104,98
379,138,103,97
382,133,101,100
381,134,101,93
380,128,103,99
388,123,103,100
391,119,107,99
399,116,107,93
416,112,108,86
434,103,109,94
457,94,106,100
479,84,109,100
495,77,123,109
500,76,127,108
505,71,122,103
503,69,124,105
502,67,126,106
501,68,126,107
500,72,129,112
502,73,124,124
492,78,130,115
486,83,129,112
480,86,134,111
474,90,123,107
472,91,121,111
471,94,116,109
469,96,116,109
457,97,122,112
442,101,122,111
425,107,111,109
411,114,106,101
390,118,107,98
374,124,101,98
359,128,101,100
337,133,104,98
326,135,101,99
319,132,104,106
309,133,94,99
297,132,99,105
295,130,104,107
287,130,102,109
290,130,104,113
292,130,110,114
300,130,110,111
305,128,108,108
308,124,107,113
309,124,110,109
316,125,111,108
324,128,111,112
335,125,118,105
364,124,122,103
413,126,124,101
438,126,132,111
441,119,131,119
446,110,130,121
449,103,134,114
444,97,127,119
426,97,123,119
417,94,121,109
406,89,124,105
398,84,117,109
391,81,116,102
379,85,117,101
364,87,125,99
348,82,108,95
329,77,121,97
316,78,113,89
304,79,108,95
301,84,105,95
300,90,106,96
302,100,105,94
304,112,107,89
306,116,103,95
312,119,99,97
308,126,97,93
312,130,97,92
312,130,96,93
314,130,97,92
317,131,96,96
316,131,97,98
315,136,96,92
315,135,96,92
312,135,98,95
314,130,103,96
317,126,105,90
317,116,107,88
321,105,106,90
321,93,103,95
308,94,104,93
291,90,109,98
288,77,116,96
297,62,113,95
303,45,116,108
308,36,118,108
316,28,121,114
321,24,118,117
329,25,118,108
342,23,120,110
357,20,125,116
370,19,121,117
358,20,113,114
347,24,116,114
339,32,111,110
339,43,111,111
343,59,113,110
351,76,111,106
354,84,113,104
344,79,108,107
336,72,104,94
317,51,108,89
314,26,110,95
324,8,112,94
334,1,107,89
343,2,100,71
361,2,93,60
374,3,91,55
390,4,88,54
404,3,85,54
420,4,86,56
431,2,90,66
429,3,102,65
454,5,105,82
452,6,113,99
448,16,114,102
449,29,110,98
443,43,111,95
439,49,108,99
437,60,115,95
436,66,111,105
434,82,110,92
436,90,104,93
438,94,103,93
435,96,104,98
437,93,109,101
433,94,110,98
437,93,110,100
438,92,106,96
438,92,109,101
439,97,105,97
438,98,107,100
442,101,105,94
443,101,109,95
442,101,106,99
447,105,108,95
446,105,113,97
450,109,113,98
450,111,107,98
454,113,109,102
458,120,110,96
463,129,110,96
470,129,109,101
476,132,107,98
482,136,108,101
487,136,112,103
493,140,114,105
499,143,113,106
502,148,116,104
504,151,111,110
506,156,116,110
505,160,105,102
505,165,108,104
505,166,109,104
509,164,107,103
506,163,108,102
510,162,107,100
505,158,110,103
511,154,108,98
512,152,111,102
513,149,109,104
511,150,113,99
517,147,111,101
519,149,112,103
519,149,112,104
522,150,114,105
523,148,106,105
518,148,103,104
510,150,108,103
502,155,108,100
493,155,104,103
485,155,102,104
480,156,99,99
472,155,104,97
460,160,95,89
450,156,89,94
439,155,89,91
428,155,89,86
420,152,90,91
412,151,86,90
403,153,85,87
395,154,84,89
390,157,78,90
381,160,78,88
373,165,82,88
366,166,78,89
361,168,76,86
364,167,78,87
368,168,78,88
363,171,77,85
365,170,80,87
368,170,74,85
366,169,74,84
367,167,75,86
362,168,75,83
363,168,72,80
362,166,80,84
367,165,77,79
372,161,76,82
373,162,79,81
376,157,81,90
380,158,79,92
385,161,74,88
391,167,76,82
388,179,81,81
385,185,78,81
390,188,75,81
398,189,74,88
402,193,79,84
406,191,78,84
411,188,79,81
418,183,82,90
420,182,82,82
422,181,80,84
423,184,84,85
423,185,81,86
425,185,82,88
426,188,83,86
430,189,83,86
430,191,84,87
431,192,81,88
436,190,83,85
439,192,88,88
445,193,85,87
450,196,83,87
456,199,83,85
463,199,82,84
464,198,86,82
472,193,83,85
485,193,85,85
504,199,78,85
505,200,90,87
515,195,88,82
521,187,95,84
521,174,94,87
524,160,94,85
528,146,94,96
522,138,94,95
521,129,95,99
517,129,98,95
506,126,99,99
492,124,107,93
466,117,130,97
457,108,114,98
445,95,117,102
440,83,104,103
434,79,97,97
425,71,95,103
416,74,93,105
403,78,97,104
393,83,94,102
382,86,96,103
377,89,93,100
367,93,96,100
365,98,98,100
361,101,87,97
343,101,96,90
346,94,96,106
351,97,92,101
358,97,97,106
362,97,95,104
370,95,103,110
381,97,108,116
391,104,107,105
389,104,114,107
374,104,109,102
350,100,101,100
323,98,99,105
294,97,106,109
267,99,116,106
254,93,114,111
228,98,116,108
214,97,123,116
200,102,121,108
225,99,120,108
237,101,125,115
232,109,129,106
209,109,136,104
198,106,132,112
181,106,136,111
172,102,139,115
163,100,144,116
164,102,148,124
159,107,147,112
165,110,149,120
170,114,148,127
177,115,149,118
189,125,147,118
210,139,146,118
225,150,147,114
249,163,144,119
271,183,147,119
277,188,151,117
299,188,148,120
308,186,155,112
315,177,155,115
320,171,156,113
333,170,162,109
347,163,162,112
356,158,165,120
368,160,163,111
368,150,166,122
375,149,171,124
383,154,168,110
374,146,175,119
376,142,171,117
369,139,175,116
378,135,167,117
373,134,169,115
369,137,163,113
355,143,165,113
344,155,163,112
334,155,160,101
308,147,159,98
283,139,157,103
270,141,156,117
261,138,158,109
243,135,163,102
240,164,158,94
236,187,160,99
241,185,165,105
238,184,153,98
204,178,149,98
140,185,156,107
92,196,155,98
71,192,150,97
62,169,153,104
61,154,145,104
62,148,140,107
78,143,130,117
87,145,133,106
89,131,153,105
101,107,156,94
107,82,168,87
136,68,161,91
157,61,157,93
184,52,151,101
205,50,156,96
215,48,159,98
246,50,151,92
265,46,152,97
283,40,148,92
289,33,156,95
285,31,159,97
287,30,158,94
293,31,157,102
294,35,157,93
290,39,162,98
281,33,156,99
266,41,156,102
255,50,154,108
240,61,154,103
221,73,155,103
210,81,154,94
197,86,150,91
185,88,158,97
180,90,148,103
171,90,147,108
152,94,159,99
145,95,162,98
163,91,133,101
168,91,126,109
167,91,125,100
147,86,145,103
155,86,134,98
122,80,160,99
114,72,168,103
110,67,172,101
109,67,168,97
100,63,174,102
109,60,164,105
112,59,157,108
114,57,149,111
122,60,139,117
117,62,140,110
94,66,161,117
114,69,139,111
101,71,149,118
103,76,144,115
114,79,141,115
117,78,135,115
111,85,137,117
109,81,143,118
107,86,142,119
127,89,128,111
123,95,129,112
118,96,136,120
111,99,145,124
96,107,161,124
100,116,156,120
96,126,160,117
105,136,151,119
102,143,152,113
109,148,142,115
110,150,141,116
102,151,151,122
100,153,153,117
110,148,140,121
115,148,137,124
114,144,134,124
112,147,139,120
109,141,138,121
108,140,142,123
117,140,135,120
113,136,138,122
111,133,145,122
115,133,145,126
106,129,150,114
83,115,173,133
71,112,192,122
63,99,196,126
70,91,188,127
69,82,194,128
67,73,194,123
72,59,194,132
79,56,193,126
79,49,194,126
86,41,189,124
93,38,189,128
95,36,188,129
92,36,189,126
96,35,188,129
103,32,190,129
109,34,188,132
112,39,188,129
117,42,182,135
126,47,176,127
130,50,181,135
130,48,172,139
117,63,168,135
90,67,173,137
85,68,173,139
81,76,177,144
94,99,173,143
124,120,160,131
140,121,163,130
164,123,154,133
186,140,155,130
200,147,155,127
216,138,150,129
235,131,144,132
241,128,153,131
252,130,153,123
251,126,153,126
256,125,150,128
256,123,157,133
260,122,150,129
245,121,146,125
224,117,153,132
214,113,148,132
200,114,150,127
169,107,155,135
132,100,151,147
101,95,164,130
110,81,168,132
111,69,162,135
103,54,162,135
102,50,166,135
107,41,166,128
124,31,165,139
141,30,162,138
155,23,151,141
169,35,148,134
172,47,148,130
185,59,142,128
188,66,143,129
203,68,137,129
206,83,142,128
190,102,140,118
180,107,137,128
179,113,140,129
174,123,138,129
169,124,132,126
160,128,133,131
149,134,141,134
143,144,140,139
135,151,137,139
136,151,139,139
141,152,141,140
136,153,141,125
126,144,146,119
119,128,145,129
124,120,141,128
127,113,139,126
126,106,137,132
126,101,139,117
123,91,146,115
140,79,138,113
147,69,138,121
157,64,139,116
173,58,134,117
185,50,131,117
192,44,125,120
200,42,124,125
200,44,123,117
200,37,119,123
197,36,127,120
214,35,121,117
221,35,122,118
225,34,120,117
231,39,125,117
240,43,117,111
243,43,115,113
243,42,119,117
242,42,118,118
250,45,118,114
256,49,119,111
267,53,120,113
280,56,117,109
292,59,117,113
304,65,112,108
308,64,111,110
311,65,114,112
319,70,112,113
326,75,111,109
330,82,114,107
339,87,112,110
350,92,106,109
355,96,110,103
364,101,110,101
371,103,116,105
384,108,109,103
397,110,112,106
408,111,116,105
418,116,114,108
418,117,116,112
417,123,112,108
419,127,111,105
418,120,117,105
427,117,114,108
433,116,117,105
435,113,119,102
443,109,119,95
455,107,116,102
454,109,118,110
456,106,119,103
464,107,115,102
464,102,118,101
473,101,117,101
473,95,120,103
480,90,120,105
489,88,124,103
503,80,125,104
513,78,121,116
513,76,122,119
515,75,121,122
516,76,120,118
516,77,121,115
512,80,123,120
514,85,119,118
505,90,125,113
503,96,123,107
503,100,119,110
499,103,118,112
489,106,119,107
485,114,120,108
482,126,122,107
478,136,121,105
480,157,123,106
476,177,119,102
468,198,119,112
460,220,124,109
458,232,121,119
459,241,125,116
449,256,127,104
446,263,131,100
448,273,127,85
442,274,121,88
440,278,119,79
438,280,118,84
434,280,121,77
427,282,125,81
429,283,124,76
427,281,123,81
429,279,117,82
421,274,125,86
420,266,125,94
426,259,123,99
422,254,121,99
418,243,121,111
423,235,114,117
416,227,114,120
413,221,118,116
412,213,119,116
412,204,115,107
411,193,117,112
412,183,122,114
413,172,121,108
417,162,124,109
424,149,121,102
421,133,134,94
421,107,139,92
433,84,145,98
435,59,155,100
437,36,163,107
451,10,163,117
459,2,145,112
462,0,135,99
468,1,128,90
478,3,111,74
484,3,110,65
489,4,106,67
482,4,109,64
482,3,108,78
483,3,114,86
489,2,109,100
478,4,116,107
461,11,130,117
450,24,140,119
437,36,142,120
424,51,156,112
417,67,139,107
404,79,116,93
390,87,117,104
373,98,111,87
359,104,106,104
339,115,114,93
322,123,108,89
298,131,116,96
284,140,107,93
261,148,112,105
241,155,108,106
216,158,123,108
215,159,104,110
205,162,104,110
196,165,106,105
174,164,118,120
156,165,117,120
137,165,122,126
122,166,123,130
106,163,124,134
99,161,129,136
92,159,132,136
93,157,136,136
98,159,131,135
106,158,131,136
111,163,131,136
113,166,131,135
115,163,129,140
117,162,129,138
121,165,129,135
121,166,133,142
129,175,133,136
133,186,130,137
141,196,127,136
143,206,127,135
149,211,134,139
146,225,133,127
149,230,132,130
155,239,134,120
156,255,134,112
161,264,134,95
164,272,135,90
172,276,134,81
180,291,122,68
180,293,124,66
177,295,125,61
178,296,125,62
178,292,121,66
174,293,123,63
163,290,128,66
157,282,132,76
150,269,135,87
144,263,134,100
144,242,133,116
142,228,136,125
143,214,134,137
143,208,133,129
151,195,133,136
167,188,125,130
170,187,132,126
177,182,131,130
191,177,118,117
200,171,121,119
204,163,127,115
209,156,124,115
212,151,123,109
221,144,113,103
225,136,119,108
232,128,114,112
240,128,114,112
250,128,113,113
255,133,109,110
256,140,111,108
261,144,105,108
262,146,108,112
263,146,105,115
261,149,108,118
262,152,109,116
256,154,113,111
258,150,111,107
257,141,111,103
255,132,115,99
255,120,116,98
258,108,108,96
260,98,106,98
253,84,110,103
253,73,107,99
254,65,112,101
258,60,109,101
269,60,99,93
277,58,100,97
285,61,102,101
292,66,102,99
301,72,98,101
305,81,96,95
310,79,97,97
314,82,94,98
320,84,96,95
325,86,96,91
334,87,100,92
342,90,93,93
350,90,96,91
363,94,95,84
368,95,93,90
374,99,96,96
382,107,94,96
382,116,93,94
381,127,93,88
375,134,94,86
368,143,90,82
355,152,85,76
335,156,83,81
322,157,86,82
306,158,86,75
282,157,98,77
268,156,98,84
249,155,102,93
226,151,108,92
204,146,111,96
186,144,103,92
170,143,99,98
155,146,101,97
142,146,104,104
128,148,107,105
113,148,109,102
98,145,110,109
87,144,112,114
78,144,114,110
68,145,113,110
73,146,113,113
77,146,116,113
96,150,112,106
121,149,109,90
167,145,114,84
187,145,110,76
218,143,107,69
230,147,100,68
267,139,99,66
313,132,88,69
343,125,96,63
376,117,98,67
407,108,106,69
428,101,111,79
445,98,119,90
460,96,110,97
471,96,118,97
483,99,118,94
493,96,123,96
505,93,118,100
515,94,116,106
528,94,109,98
535,96,99,100
545,98,95,101
554,100,87,99
560,101,79,104
562,105,76,101
559,105,80,97
554,107,83,98
544,108,88,95
527,110,105,99
512,113,113,91
496,119,100,82
466,125,98,83
439,133,102,82
414,138,96,85
396,143,95,88
384,145,91,89
368,147,91,88
350,150,90,83
336,153,84,79
323,152,90,84
311,151,91,89
304,151,87,93
303,151,91,92
304,153,92,92
311,158,87,88
319,165,97,86
328,174,97,93
335,181,95,94
345,187,97,99
353,198,94,94
356,212,98,94
352,220,102,95
348,231,102,94
346,238,103,92
340,240,98,92
330,241,100,95
321,240,97,94
310,239,92,92
296,241,97,90
283,240,100,97
273,236,95,97
256,236,100,96
244,232,100,98
237,228,95,98
221,227,99,93
210,223,98,89
193,218,100,91
178,210,107,97
168,201,104,96
148,191,105,98
126,181,104,91
99,166,111,91
86,147,122,107
71,129,123,106
63,115,123,103
62,103,124,100
70,93,118,104
76,88,113,101
78,86,115,95
84,82,113,96
86,76,113,92
91,70,120,89
102,59,119,93
118,50,116,94
136,46,108,94
147,46,109,88
162,49,105,89
183,50,97,84
205,44,93,82
225,37,90,82
244,35,92,83
261,32,94,85
280,31,88,83
294,27,92,88
309,27,90,86
328,26,93,86
346,27,87,86
363,28,98,87
379,34,104,88
395,39,94,87
409,42,97,88
420,47,102,87
429,54,102,86
439,59,106,88
448,65,111,91
459,73,110,92
467,82,104,89
473,92,104,88
477,98,110,94
482,111,109,90
486,120,106,91
484,128,107,95
483,137,112,95
484,144,110,99
486,154,110,96
477,163,118,94
474,172,103,91
462,179,110,86
449,190,103,82
430,202,90,78
401,214,105,81
381,224,97,79
364,223,95,88
352,222,94,94
350,224,92,92
343,221,97,96
340,221,97,92
334,221,90,93
327,220,94,96
322,223,90,93
309,223,91,90
300,223,88,92
286,224,94,90
268,224,90,83
247,219,96,88
227,219,95,87
196,214,106,88
176,210,108,93
164,206,105,93
158,199,105,98
148,195,105,96
141,188,103,94
129,181,109,98
123,176,106,96
112,169,112,92
93,157,122,99
83,145,114,105
75,132,115,98
74,119,116,95
79,109,117,95
90,104,117,94
99,102,118,87
111,93,120,92
129,88,108,92
146,80,101,93
153,75,108,90
171,65,102,87
187,61,100,83
205,55,94,87
222,53,98,90
243,54,101,90
256,62,114,89
275,68,106,88
292,73,103,90
306,79,103,91
320,84,96,89
331,90,82,88
332,100,82,85
331,107,86,87
331,114,80,86
324,123,79,82
321,123,78,83
315,121,79,84
313,119,81,86
315,117,76,83
314,116,78,83
318,111,80,85
324,117,80,81
327,118,80,88
327,124,81,82
328,129,81,87
328,135,81,84
328,140,82,87
332,147,78,82
338,145,81,80
350,139,78,86
352,138,81,85
347,144,79,82
343,149,81,79
337,156,80,75
328,160,81,83
321,168,87,80
315,176,83,86
312,183,84,82
310,184,80,88
312,186,84,83
315,188,84,84
316,190,82,87
319,199,82,76
322,206,83,78
325,209,83,85
327,210,84,84
329,209,85,81
329,207,83,80
332,204,84,79
334,199,82,85
333,198,85,84
331,197,83,80
332,194,84,84
329,192,86,82
329,189,85,81
329,183,88,75
334,172,90,79
337,162,91,78
341,157,89,78
345,150,90,79
359,149,86,84
364,149,88,83
373,152,88,83
380,157,93,91
392,162,87,87
399,166,89,81
407,168,86,86
411,170,92,85
417,172,89,84
418,174,92,85
421,176,92,85
420,176,93,85
421,177,93,83
422,174,92,87
420,173,94,85
420,172,90,83
419,173,91,83
417,169,94,87
416,170,94,86
416,171,95,85
415,172,94,84
417,172,92,84
416,172,92,85
416,169,92,86
419,166,93,80
422,166,94,81
424,161,95,77
434,159,95,84
434,160,99,85
434,163,98,86
435,163,98,85
435,167,98,86
433,168,96,81
429,173,95,86
420,171,97,86
418,170,96,83
417,166,89,81
406,158,91,89
400,157,95,86
379,161,100,82
360,164,95,83
343,163,82,87
324,166,88,85
319,169,82,89
307,164,84,93
302,175,83,89
301,173,81,90
298,170,81,92
295,168,83,91
294,165,85,91
293,160,85,90
291,157,86,92
286,151,85,97
286,148,87,97
289,139,95,93
315,131,78,82
307,112,94,94
310,109,94,98
308,106,101,98
317,96,94,105
316,98,90,101
315,96,96,105
323,102,96,102
325,104,99,110
331,102,97,111
338,101,103,113
338,109,104,111
338,114,102,105
337,115,106,105
346,117,107,118
345,141,112,108
339,153,115,111
342,162,114,120
344,168,117,118
362,181,123,113
369,197,120,112
359,200,122,112
338,203,125,117
329,209,122,112
323,212,125,119
333,217,127,124
332,216,137,129
334,219,130,117
337,222,131,119
335,223,136,116
330,219,140,117
325,220,139,116
322,225,140,119
324,224,145,122
321,227,145,123
325,227,147,124
330,229,144,123
319,226,143,114
306,222,145,122
306,228,145,116
303,233,145,123
288,235,138,111
269,237,137,106
230,231,127,102
184,218,139,102
148,203,153,104
125,192,160,113
104,186,166,98
93,167,167,102
72,149,177,102
62,120,167,101
50,110,169,119
39,124,182,124
46,121,175,117
59,99,177,119
85,92,171,104
86,86,176,107
108,79,178,103
111,79,179,97
98,41,184,102
112,35,180,97
106,23,180,101
103,17,184,111
131,10,176,107
196,12,190,101
256,9,203,99
298,4,215,88
334,2,202,101
346,2,196,113
386,10,177,123
381,19,179,118
364,28,184,118
358,36,178,112
346,45,169,110
327,52,166,104
314,65,165,102
301,72,161,100
286,79,156,103
274,87,164,103
264,91,166,110
266,93,157,106
259,89,161,112
255,88,157,103
243,87,158,111
171,113,158,106
167,120,162,111
163,125,165,107
159,128,167,111
164,127,164,111
170,129,156,115
175,125,149,121
160,131,160,115
164,131,157,118
162,128,161,117
163,129,155,113
158,128,161,118
174,127,144,114
161,125,155,117
158,124,157,117
153,126,163,118
153,125,162,111
151,124,162,118
157,127,150,114
145,128,154,110
118,130,173,111
117,133,158,104
103,130,152,101
69,128,168,100
70,123,157,118
63,117,150,118
35,109,170,124
31,98,157,124
30,94,147,124
7,88,160,128
4,78,158,131
2,76,157,130
2,74,153,129
3,70,159,134
0,64,160,126
2,59,155,135
0,54,162,137
5,49,161,125
7,40,156,126
3,34,164,123
7,26,163,126
12,12,164,137
13,6,170,139
4,0,169,136
3,2,176,110
7,0,180,116
8,2,180,98
6,4,186,97
11,2,184,96
29,4,172,109
35,4,165,94
45,1,157,108
56,3,141,104
45,4,160,101
44,3,162,106
47,4,160,100
52,3,162,113
45,0,167,115
60,4,150,110
52,3,160,113
58,3,155,116
61,2,150,123
66,6,147,125
53,12,165,121
48,18,171,126
58,27,154,128
49,35,170,123
53,41,167,123
53,49,170,126
47,60,177,125
43,74,179,124
49,87,171,123
44,96,175,125
42,105,180,123
57,102,167,126
45,106,172,126
51,106,166,125
44,120,175,127
46,124,169,128
49,131,174,126
52,140,172,126
44,149,182,127
40,161,185,125
45,157,185,132
48,164,185,126
42,167,191,132
36,176,188,124
42,178,189,125
42,186,183,127
47,184,177,120
50,193,173,122
44,200,183,124
41,205,189,126
41,211,187,126
44,214,188,123
50,218,182,124
48,218,187,125
48,221,184,121
51,215,182,118
49,213,182,119
45,203,184,121
44,195,179,124
51,187,172,126
57,182,159,120
56,176,158,124
51,164,156,126
44,160,162,125
39,151,159,133
28,144,169,126
34,133,157,125
13,122,173,130
11,110,168,136
4,102,164,131
4,90,153,125
3,77,149,131
2,71,145,131
-1,66,146,132
0,63,138,126
-2,54,141,135
-3,55,138,127
-1,50,140,134
1,50,140,134
-2,47,141,139
1,49,146,138
5,55,146,138
4,53,153,141
3,63,166,145
17,72,160,133
29,79,161,137
48,87,153,132
52,93,158,130
60,93,155,123
66,96,157,125
59,101,184,117
77,102,176,118
88,106,177,117
88,107,191,122
96,108,191,124
120,109,180,120
136,110,168,119
131,109,180,129
140,109,181,130
147,109,184,127
145,111,191,128
154,109,187,132
166,113,181,123
172,114,181,128
175,110,188,134
187,113,183,127
194,109,179,130
198,107,182,126
209,103,185,127
216,98,188,129
226,97,188,130
237,94,184,132
248,101,183,131
255,98,188,130
270,93,185,136
281,98,186,135
290,96,184,128
299,100,181,134
309,102,178,132
303,101,188,140
309,104,187,136
320,104,183,130
320,104,177,137
17,98,168,129
12,94,168,133
9,96,167,135
9,93,166,135
10,96,162,135
4,89,162,135
5,90,157,132
4,89,157,135
2,92,157,132
1,89,159,138
1,92,147,125
1,86,146,132
1,94,145,128
1,92,141,131
0,94,143,131
2,99,141,128
4,99,144,129
5,105,140,128
0,110,154,130
6,115,152,132
5,119,162,129
4,119,163,130
19,127,156,123
11,129,172,126
30,125,156,130
37,128,156,129
41,125,158,126
42,121,164,129
34,122,173,127
49,121,166,122
56,121,153,121
60,119,161,125
62,115,164,123
60,114,173,122
55,110,183,124
56,110,184,125
55,109,189,122
58,108,187,126
54,107,195,121
56,106,196,126
59,109,196,117
63,107,191,125
64,107,196,124
68,109,191,121
68,109,196,119
70,107,196,121
75,106,194,127
78,106,195,125
79,102,196,128
85,107,188,125
88,105,189,125
86,101,190,130
86,105,188,124
76,100,193,130
69,102,187,121
63,103,179,118
50,98,178,124
54,96,152,130
44,96,149,134
12,95,166,132
7,92,154,133
0,96,139,128
-11,100,121,112
-20,99,99,103
-20,99,99,103
-20,99,99,103
-20,99,99,103
-20,99,99,103
-20,99,99,103
-20,99,99,103
-20,99,99,103
-20,99,99,103
-20,99,99,103
-20,99,99,103
-20,99,99,103
-20,99,99,103
-20,99,99,103
-20,99,99,103
-20,99,99,103
-20,99,99,103
-20,99,99,103
-20,99,99,103
-20,99,99,103
-20,99,99,103
-20,99,99,103
-20,99,99,103
-20,99,99,103
-20,99,99,103
-20,99,99,103
-20,99,99,103
-20,99,99,103
-20,99,99,103
-20,99,99,103
-20,99,99,103
-20,99,99,103
-27,122,84,97
-4,121,85,97
11,121,98,109
14,125,123,117
21,121,151,133
30,118,172,135
46,112,177,138
49,107,198,136
59,98,200,137
68,97,203,132
75,92,211,134
91,92,207,133
103,90,206,143
119,95,196,136
124,95,199,136
129,98,199,142
133,102,203,132
145,106,194,133
151,103,194,138
153,111,199,139
164,109,191,134
167,119,190,131
172,116,187,141
171,125,186,138
170,139,186,130
152,144,186,139
136,149,181,141
133,146,183,138
132,141,182,142
138,146,177,143
151,153,168,135
168,160,163,130
188,165,155,125
210,166,152,115
223,159,156,123
238,155,156,114
260,142,153,120
278,135,152,121
292,130,147,111
300,123,151,120
317,117,145,115
330,115,143,118
338,113,144,128
353,117,139,123
365,119,144,123
368,125,151,133
363,140,147,147
347,157,140,147
338,165,139,131
344,158,147,128
372,145,149,121
392,126,149,120
394,126,147,127
385,133,145,123
369,136,147,118
371,129,140,117
360,116,143,112
352,106,138,128
337,115,147,130
321,124,130,124
296,123,136,123
289,127,131,119
267,131,136,124
256,127,131,119
243,121,132,115
222,113,141,105
188,93,128,113
168,75,147,117
164,54,143,122
165,37,135,124
163,37,131,120
157,38,132,119
147,37,132,125
138,45,138,127
150,50,133,129
148,57,128,122
152,53,122,122
141,55,124,120
132,51,126,121
131,56,119,120
129,62,118,121
127,71,120,117
141,74,119,119
150,85,109,104
138,87,113,111
130,95,116,110
135,106,116,112
142,118,111,114
149,123,110,111
156,131,108,108
161,140,103,105
156,139,97,106
146,141,105,109
145,149,99,108
147,151,101,102
136,144,98,106
118,139,104,101
120,135,98,104
120,140,103,101
128,149,98,96
140,155,98,94
156,161,101,96
171,171,89,95
181,183,93,98
172,199,95,90
172,215,89,93
178,228,89,95
193,239,95,92
207,246,89,93
221,248,81,86
231,251,82,91
238,250,82,88
248,246,78,82
255,238,74,75
257,221,82,68
288,204,81,54
315,190,81,59
340,179,81,58
355,164,81,61
370,154,78,65
375,144,79,75
379,140,80,76
385,132,81,70
400,128,78,69
404,123,77,77
408,117,78,77
421,114,78,76
423,117,81,82
421,124,81,81
418,128,79,77
415,137,78,71
413,142,75,69
405,145,77,81
407,158,75,76
405,173,73,73
406,182,72,77
409,192,75,80
410,199,76,80
414,204,76,78
413,213,74,78
412,221,69,78
415,227,72,82
418,234,74,77
420,239,72,77
425,243,73,75
428,243,75,76
431,239,75,72
434,229,84,71
443,214,89,71
450,201,86,76
453,197,69,74
454,194,74,74
456,190,73,74
458,185,76,70
464,179,77,70
467,170,79,73
475,158,82,75
480,151,72,75
480,148,72,79
478,148,72,78
472,149,69,79
472,151,72,78
475,151,73,79
473,152,74,80
473,150,77,80
481,152,71,78
482,154,72,82
482,159,75,74
480,163,74,75
476,164,76,79
474,167,70,78
474,168,70,78
473,167,70,80
471,172,72,77
467,177,69,76
462,184,68,74
458,186,78,75
450,191,80,77
446,195,76,73
443,196,73,79
443,195,73,79
442,195,67,79
437,194,72,77
430,192,70,78
423,189,69,74
417,187,71,76
408,184,76,70
405,177,79,72
401,175,70,75
398,171,69,78
394,171,73,73
389,167,71,77
386,164,70,75
387,160,77,74
387,160,76,77
386,160,75,82
388,161,75,79
387,157,76,85
389,160,80,87
392,159,78,81
397,157,88,89
404,160,82,88
412,164,81,87
412,171,87,88
421,176,86,90
422,179,92,91
429,181,89,93
429,183,95,91
440,186,90,91
438,182,97,97
440,179,98,96
440,180,102,97
442,181,100,97
443,178,101,101
448,175,100,104
447,177,102,99
448,178,105,94
447,180,105,97
447,183,108,96
447,189,106,91
440,192,108,95
441,192,107,99
437,195,109,95
439,197,104,96
440,194,106,103
439,194,110,94
442,197,100,96
439,198,103,97
434,197,106,96
431,195,102,91
433,190,101,90
429,187,100,90
432,187,91,91
428,188,89,93
425,191,86,89
423,192,87,84
423,189,81,82
421,182,80,80
420,174,87,77
424,165,85,79
428,161,84,81
435,157,79,83
433,159,77,80
426,163,79,82
425,161,77,82
426,159,78,76
430,154,79,79
436,151,82,76
445,146,79,78
453,148,76,73
458,148,84,73
473,147,83,76
483,153,84,80
488,161,85,81
492,167,90,84
496,177,84,84
496,177,80,88
508,178,87,75
521,174,98,88
523,171,82,81
521,166,86,86
519,171,85,85
512,172,92,84
503,167,102,80
487,158,106,78
485,147,102,81
481,130,118,88
467,119,126,75
444,110,123,78
420,103,112,93
392,94,110,91
359,87,106,88
331,75,108,89
302,70,104,81
269,61,111,83
241,63,115,81
207,68,106,86
178,67,109,89
141,78,122,91
106,80,132,98
75,84,127,104
42,84,134,128
11,90,145,132
5,93,136,141
4,92,130,143
0,90,136,139
6,87,142,133
25,82,148,128
54,81,129,116
78,72,122,107
108,67,114,98
150,61,95,93
187,54,92,88
227,44,90,85
265,38,88,78
294,43,81,70
329,45,82,68
362,53,92,64
369,53,104,77
391,65,96,75
405,65,107,79
439,79,111,93
462,98,120,92
483,119,129,91
499,139,102,98
504,152,99,86
482,164,107,76
467,182,101,81
449,199,102,76
448,207,84,78
447,203,87,88
443,202,82,93
437,203,90,92
429,200,82,83
422,197,82,85
415,191,81,81
408,181,88,81
408,170,83,79
404,157,82,76
399,146,84,75
394,134,83,77
390,116,85,83
385,106,85,80
379,97,87,80
377,88,92,84
381,79,88,87
384,72,90,93
386,69,94,90
394,70,97,88
406,70,102,78
423,72,94,80
438,83,109,78
448,86,108,92
462,94,113,99
469,103,127,107
477,122,130,94
486,137,106,102
486,154,99,97
484,175,95,91
485,195,94,84
480,213,92,88
475,230,88,89
470,247,90,85
462,265,97,83
445,279,98,77
428,299,96,59
416,314,92,46
403,322,89,39
402,326,88,34
400,325,87,34
403,321,86,37
404,314,89,42
405,306,93,52
410,297,90,61
413,283,91,72
418,272,87,80
421,259,84,86
421,245,83,89
422,232,84,85
427,217,87,81
431,200,83,84
430,186,92,82
435,167,92,82
439,152,94,78
443,132,97,82
454,115,86,66
457,89,87,67
465,59,89,75
472,33,97,75
479,11,98,81
494,3,105,76
506,0,112,69
513,2,120,66
518,5,102,59
527,2,99,70
532,1,95,76
533,5,101,84
534,6,103,94
546,10,94,111
551,25,91,95
566,29,73,103
585,33,54,104
585,33,54,104
585,33,54,104
585,33,54,104
585,33,54,104
585,33,54,104
585,33,54,104
585,33,54,104
585,33,54,104
585,33,54,104
585,33,54,104
585,33,54,104
585,33,54,104
585,33,54,104
589,90,49,93
576,100,58,93
566,109,68,97
558,112,77,105
545,116,92,105
533,125,100,101
525,130,105,100
518,140,105,93
515,146,103,93
512,155,103,91
509,157,100,99
503,163,106,97
503,169,101,104
501,181,102,97
499,192,107,105
500,212,109,104
492,220,106,107
488,232,104,105
487,239,102,106
488,240,104,108
485,246,108,103
484,251,105,104
485,257,103,96
484,255,108,96
483,253,103,100
481,254,105,99
483,249,103,100
480,251,112,99
485,247,109,96
488,240,113,101
498,236,123,102
514,234,110,95
534,229,97,96
563,234,73,94
584,238,55,78
584,238,55,78
584,238,55,78
584,238,55,78
584,238,55,78
584,238,55,78
584,238,55,78
584,238,55,78
584,238,55,78
584,238,55,78
584,238,55,78
584,238,55,78
584,238,55,78
584,238,55,78
584,238,55,78
584,238,55,78
584,238,55,78
584,238,55,78
584,238,55,78
584,238,55,78
584,238,55,78
584,238,55,78
584,238,55,78
584,238,55,78
584,238,55,78
584,238,55,78
584,238,55,78
575,240,57,79
527,239,71,67
482,232,75,66
455,218,82,79
436,210,95,88
419,201,93,87
413,189,88,84
404,180,91,80
398,170,96,85
394,161,102,90
394,152,109,84
398,141,103,84
398,136,106,88
399,128,106,90
402,124,98,96
401,122,99,96
404,123,99,89
406,126,96,86
407,124,96,93
416,125,94,90
432,125,91,86
449,125,98,83
477,135,108,80
520,141,110,85
549,156,90,97
578,178,90,110
578,178,90,110
578,178,90,110
578,178,90,110
578,178,90,110
578,178,90,110
578,178,90,110
578,178,90,110
578,178,90,110
578,178,90,110
578,178,90,110
578,178,90,110
578,178,90,110
578,178,90,110
578,178,90,110
578,178,90,110
578,178,90,110
578,178,90,110
578,178,90,110
578,178,90,110
580,229,59,107
561,220,73,98
530,219,94,100
502,215,118,93
478,210,130,96
461,199,129,105
451,191,121,104
444,184,110,102
434,177,100,103
425,172,102,96
421,163,103,99
416,153,101,94
413,141,97,99
404,134,97,97
394,125,98,99
387,116,99,93
376,107,101,91
371,96,103,93
370,86,100,94
364,77,99,100
359,70,103,107
353,65,103,94
346,59,106,96
343,53,101,99
336,47,104,106
327,40,104,111
327,39,98,106
323,37,99,105
318,35,100,102
310,27,104,113
308,27,105,109
302,26,104,111
295,28,106,107
285,29,111,103
277,32,120,112
267,35,113,103
258,36,116,109
246,39,123,115
230,42,119,113
218,46,126,123
213,49,130,114
207,48,124,116
208,50,123,123
200,55,117,117
191,58,124,122
187,60,127,123
180,67,129,119
179,68,134,129
177,73,128,127
166,75,139,136
163,82,135,129
154,89,135,129
143,86,135,131
130,87,137,131
114,89,141,134
98,83,143,145
84,80,153,152
72,80,152,146
66,80,143,151
46,79,152,148
41,71,153,161
25,71,163,158
9,66,172,162
7,64,167,168
2,62,161,165
6,62,158,166
2,61,158,166
4,59,165,166
6,59,162,167
4,59,161,165
23,41,172,161
22,38,170,161
15,33,169,161
8,26,173,156
3,23,177,161
7,14,169,164
8,13,169,158
9,11,179,165
17,9,169,157
18,9,174,161
36,24,163,147
52,29,161,150
67,38,159,149
75,48,156,144
82,54,152,147
88,63,151,141
89,68,151,146
92,74,149,148
98,82,150,151
105,85,144,149
110,96,148,143
119,105,145,142
121,112,143,143
126,121,139,143
128,129,142,142
119,131,158,160
110,142,139,156
97,154,139,152
84,164,150,152
80,172,146,153
78,180,146,145
71,182,152,153
68,184,152,161
66,192,156,159
66,198,155,155
60,203,150,149
59,208,147,149
56,224,146,141
49,219,159,132
48,227,154,130
43,211,160,146
52,209,153,138
54,196,155,149
51,190,161,144
55,184,154,142
58,169,157,147
59,159,153,152
61,150,151,143
68,142,153,144
75,129,151,154
78,125,153,148
83,115,151,152
93,109,145,150
105,115,139,135
114,106,139,144
123,105,144,138
133,102,138,137
144,100,137,136
154,97,137,133
165,97,133,131
171,93,131,126
186,89,126,121
192,83,128,125
194,79,132,122
203,71,126,125
216,68,123,123
219,63,127,121
231,58,128,118
245,54,126,116
266,49,117,120
278,46,115,117
299,44,107,118
308,44,113,116
318,49,122,115
331,52,121,115
342,55,125,114
357,61,123,113
367,65,130,114
377,71,131,117
389,77,125,114
398,83,138,116
404,94,134,115
415,104,139,115
420,113,144,115
435,123,135,113
443,128,138,116
445,126,140,119
453,131,141,115
455,128,141,117
465,131,148,119
479,134,140,118
487,132,142,122
492,128,145,125
507,131,128,122
510,125,125,119
513,121,122,114
515,114,123,121
521,106,109,122
522,102,111,121
517,97,116,125
517,93,117,115
513,92,122,119
504,84,129,123
503,87,128,121
495,89,139,119
486,95,147,122
480,101,149,118
474,109,150,117
469,116,149,120
466,127,142,115
468,136,131,115
468,148,133,107
472,153,129,109
471,160,135,113
476,166,129,108
477,172,131,115
479,178,122,115
480,185,122,111
478,182,123,114
475,187,122,116
469,185,124,119
465,184,116,112
452,184,112,107
444,179,110,108
431,172,112,110
423,165,112,114
415,163,110,113
408,160,111,111
404,166,106,111
388,171,115,111
380,175,110,113
371,182,112,118
365,189,110,120
357,196,113,124
346,202,115,129
340,210,114,131
333,211,118,135
325,222,112,125
311,225,114,127
300,234,118,122
292,237,112,118
285,240,114,119
279,250,112,107
262,251,116,104
241,249,122,111
229,250,116,110
208,248,133,113
199,248,126,110
190,249,121,108
167,242,128,113
150,243,133,125
133,245,137,120
115,241,145,116
89,237,157,125
75,243,155,115
63,237,155,123
45,232,157,132
27,228,159,137
7,221,176,141
1,209,163,149
0,202,149,154
11,190,119,155
8,184,110,163
7,170,102,168
2,159,98,164
0,150,94,156
0,131,94,169
1,127,87,159
0,111,87,165
0,103,89,155
2,94,85,148
-1,82,89,141
2,66,90,144
5,47,111,145
6,32,106,150
12,15,110,149
39,18,88,137
56,9,84,126
33,2,106,138
41,3,124,120
41,6,154,106
62,3,151,111
74,1,146,102
85,3,153,92
105,4,165,99
123,3,142,101
134,2,141,103
145,2,138,112
155,3,133,117
160,1,137,119
175,1,130,117
186,3,124,116
207,5,114,116
224,9,107,109
239,14,114,114
253,18,111,104
274,24,113,104
290,29,110,103
310,37,110,104
325,44,108,112
340,54,108,101
351,61,110,102
362,68,112,104
367,73,119,112
373,88,118,100
385,96,112,99
393,106,108,98
408,114,109,102
410,114,108,109
420,122,109,108
423,123,112,111
435,132,122,113
444,139,132,115
454,144,121,118
463,148,133,117
467,150,126,120
477,149,124,121
483,146,132,128
489,153,132,120
493,158,136,118
496,160,130,116
499,165,132,116
499,170,123,115
499,171,120,111
494,173,120,120
492,175,116,110
487,173,118,117
481,173,120,112
477,171,120,115
466,169,118,118
464,173,109,109
458,177,107,108
449,177,109,108
441,175,109,114
433,175,111,114
426,176,107,113
421,174,106,116
412,179,106,110
406,184,98,104
390,187,103,111
377,195,103,108
364,198,104,110
354,207,100,106
344,215,91,102
326,219,98,105
313,222,97,100
292,226,101,99
275,227,104,106
250,224,108,109
239,223,103,112
223,220,107,117
203,216,113,125
194,213,109,124
184,210,113,125
172,207,118,122
168,199,117,123
163,190,116,122
160,180,118,114
155,170,111,113
149,154,116,111
148,140,118,104
147,132,118,98
145,116,118,95
144,93,128,97
158,81,120,97
172,73,118,91
188,66,126,97
207,62,113,93
220,57,115,96
236,53,110,93
253,50,100,89
269,51,98,94
275,50,97,101
280,57,97,95
284,62,95,93
294,68,88,91
301,73,89,91
305,78,89,93
305,82,88,84
305,77,84,85
301,76,84,89
301,82,85,89
312,91,83,80
323,101,86,78
335,110,77,81
350,117,84,80
364,126,75,73
378,134,87,78
395,135,78,78
415,137,87,74
433,142,84,71
450,142,84,77
477,141,85,70
498,148,98,77
515,154,93,85
534,158,93,85
545,162,88,90
556,167,81,98
562,174,78,93
557,180,82,91
561,183,79,90
556,187,79,86
551,184,83,90
543,183,86,89
531,181,92,89
520,181,100,87
505,179,107,85
488,176,121,82
474,175,120,75
461,172,122,75
448,168,126,78
442,167,108,74
433,157,102,80
433,147,82,79
432,143,80,85
430,141,83,89
427,140,81,85
429,139,81,92
424,137,84,96
425,138,84,90
427,139,84,89
432,138,83,87
432,140,84,91
435,142,88,87
431,142,84,84
417,141,91,71
398,137,91,69
374,133,97,71
361,133,85,73
358,131,80,76
354,130,80,82
353,132,87,77
354,133,85,78
356,134,83,78
362,140,78,74
367,146,86,78
372,154,85,79
380,159,84,76
393,162,84,78
403,166,83,78
411,168,87,81
425,170,88,84
428,173,92,81
432,177,94,77
442,178,90,72
454,175,91,81
455,170,95,87
456,171,97,80
471,163,95,90
474,163,98,85
484,162,94,80
492,163,95,80
499,165,100,84
508,168,100,86
520,171,101,100
525,173,106,95
533,178,101,93
538,181,96,101
538,184,99,108
538,187,95,109
536,185,94,104
533,188,99,104
529,189,98,91
520,186,105,94
518,187,106,89
505,186,105,88
500,184,105,83
494,184,101,80
486,181,97,82
482,182,92,88
473,179,93,92
466,180,96,95
456,186,90,82
436,189,81,75
428,188,83,86
416,187,82,82
401,189,90,83
391,191,85,85
383,193,92,86
379,202,92,85
376,203,89,91
373,199,94,91
373,192,88,90
353,190,102,87
334,177,100,83
330,165,98,82
333,155,93,84
352,143,88,82
364,128,93,90
358,120,97,93
357,120,94,94
350,116,102,91
330,123,99,96
321,127,99,99
328,129,106,99
358,140,94,88
372,136,101,101
356,129,109,101
337,128,107,109
321,135,107,111
297,142,109,110
273,145,117,105
255,153,110,112
241,150,117,113
233,143,117,116
236,139,117,117
244,144,116,118
255,158,116,115
262,161,123,116
274,160,117,108
292,163,119,112
319,163,113,101
364,159,115,103
394,157,121,111
420,150,130,111
433,141,145,120
434,132,149,111
430,118,146,114
419,113,146,123
406,111,149,129
397,111,145,132
394,113,146,131
399,122,147,128
398,121,145,118
393,119,149,127
387,124,152,127
384,128,154,124
379,137,155,116
385,142,158,122
398,145,157,108
433,151,176,115
458,164,172,129
449,153,176,119
437,128,179,125
426,107,168,111
420,92,170,109
415,76,170,111
400,72,162,122
390,79,158,113
375,87,161,113
362,96,156,120
349,112,147,119
326,133,156,114
317,129,157,100
308,115,157,103
299,111,158,105
287,106,155,119
276,113,149,112
262,115,154,110
249,117,147,102
224,118,148,94
199,111,159,97
198,110,158,93
187,103,165,99
189,102,160,99
181,100,155,98
170,95,161,103
168,97,166,106
172,105,165,100
168,107,169,101
178,106,161,103
193,110,163,99
213,110,158,95
238,100,151,94
252,91,163,101
241,82,169,109
242,80,166,105
238,78,162,103
228,81,169,102
222,84,170,109
213,92,172,102
198,92,184,121
206,103,172,101
194,108,163,105
169,109,169,107
147,105,173,108
125,105,183,105
111,101,179,107
82,103,193,112
72,97,190,112
59,98,199,119
57,102,184,114
46,103,185,121
64,105,155,118
56,109,158,127
48,109,160,134
50,113,156,135
50,115,152,134
43,114,151,137
33,112,160,129
12,106,178,136
17,101,177,140
24,98,167,134
20,91,170,131
12,86,182,130
5,74,179,137
7,70,173,140
10,62,175,141
10,56,175,136
20,51,168,127
55,46,168,122
56,36,172,123
53,27,169,124
62,25,169,122
60,25,178,126
70,23,163,127
68,27,168,123
67,37,179,116
77,36,187,125
67,39,193,121
62,40,195,126
56,42,198,121
53,45,191,122
48,48,192,121
53,53,184,122
38,59,192,118
36,62,187,128
51,61,161,127
45,62,166,129
23,65,190,129
10,64,197,130
15,61,190,138
21,62,184,137
22,62,180,135
24,64,179,134
27,64,175,133
26,69,186,135
36,75,183,131
39,74,179,128
40,74,179,130
38,76,181,130
42,79,178,124
40,82,179,127
41,84,176,126
41,92,179,118
44,95,180,123
44,100,180,126
46,107,178,118
45,115,177,114
49,116,168,116
50,115,166,117
39,110,174,116
40,106,170,120
37,102,167,126
32,101,174,128
28,105,179,128
41,104,160,127
46,110,163,127
41,119,172,122
44,120,167,118
52,122,162,116
48,125,165,121
50,126,161,123
42,123,168,127
43,127,163,127
41,127,169,125
46,127,161,129
45,132,162,115
49,134,162,118
53,136,164,116
63,139,166,106
70,136,160,110
76,133,162,112
82,135,157,109
87,133,155,112
78,129,164,121
75,131,164,115
74,131,160,114
70,130,154,116
65,130,152,115
57,124,156,117
55,120,157,127
50,120,155,126
49,118,157,124
48,119,158,127
48,120,155,121
48,123,160,121
51,126,159,115
59,130,159,116
60,132,163,117
67,130,158,123
64,129,158,120
66,130,162,113
72,133,160,112
74,129,157,112
72,123,158,122
70,122,163,118
67,120,162,112
66,118,159,124
61,118,166,118
65,117,157,116
63,116,157,119
56,116,162,123
60,117,166,121
62,121,164,114
61,120,165,120
62,121,163,118
65,121,157,112
62,117,161,121
59,116,163,118
59,115,165,117
62,112,166,114
64,107,170,118
66,104,163,120
63,106,165,113
60,101,166,116
57,99,166,118
52,98,167,124
52,97,165,124
51,95,172,124
49,96,167,132
47,97,167,121
51,98,168,122
47,97,169,125
53,98,163,120
51,98,167,122
62,98,155,118
61,97,158,123
59,94,161,124
52,93,173,118
56,93,170,118
58,88,174,121
59,82,176,120
55,76,175,122
53,75,175,121
52,70,182,124
49,71,186,124
51,79,185,114
62,96,181,113
62,103,184,123
67,112,178,127
70,123,179,125
68,125,173,133
65,135,177,122
69,139,181,126
70,141,179,122
65,152,182,126
59,156,193,132
51,162,185,122
55,163,188,130
53,159,187,130
43,163,187,135
21,168,196,134
27,171,177,146
16,169,180,142
20,173,167,148
7,164,180,149
5,157,177,147
2,149,179,141
4,137,182,148
3,128,182,148
3,118,187,154
8,112,179,141
9,103,180,142
5,93,176,146
18,99,172,138
9,91,183,147
19,94,173,137
19,98,184,131
8,102,202,140
12,112,206,138
22,117,201,139
52,125,181,139
67,128,181,130
92,119,173,130
110,108,178,127
138,104,174,117
165,88,169,112
185,78,171,110
211,60,164,117
243,55,157,112
258,50,166,101
269,36,166,114
285,23,169,124
300,28,169,120
311,29,167,120
305,34,158,130
293,52,148,128
268,67,141,120
222,82,157,129
212,87,156,130
213,93,153,121
214,87,152,119
220,84,149,110
213,78,147,109
201,73,148,127
193,73,138,113
190,73,142,119
188,74,144,114
202,74,137,120
214,72,139,115
224,65,142,110
240,53,139,113
250,46,137,105
265,45,130,107
268,48,132,107
266,54,132,114
265,57,130,118
250,79,129,115
246,71,129,115
255,50,135,114
266,38,139,107
272,47,134,108
268,53,128,114
257,63,120,104
242,59,120,108
226,48,124,110
213,30,130,123
207,18,130,109
229,10,121,119
257,19,111,108
278,22,110,109
299,27,112,115
323,40,121,109
348,45,111,105
365,50,111,110
377,45,112,109
392,44,111,95
416,42,108,100
429,35,113,104
441,42,114,106
449,48,117,112
458,60,113,106
465,74,117,106
471,92,119,107
484,107,109,106
492,122,111,105
498,138,112,101
501,150,113,104
503,157,117,105
510,166,112,105
510,172,114,110
513,179,110,112
506,187,109,110
510,192,104,108
500,193,111,103
497,191,106,108
504,190,106,108
500,186,109,105
504,183,106,98
499,178,109,100
503,169,107,97
498,159,105,101
498,146,113,99
511,137,110,84
519,116,113,93
522,100,117,104
538,89,102,104
542,82,97,106
548,79,94,108
548,82,88,107
548,88,89,107
539,99,97,100
529,110,106,99
519,118,107,103
514,125,106,103
512,129,108,102
515,133,103,105
508,137,103,108
515,142,105,107
511,147,104,102
513,154,106,101
510,156,108,105
512,160,106,103
511,160,104,111
505,165,99,110
503,170,103,111
500,175,107,110
499,174,103,107
495,179,105,105
492,177,104,111
487,181,99,105
483,182,101,105
481,181,98,101
479,182,100,97
475,182,98,101
475,181,98,103
474,181,103,107
476,184,97,97
470,184,98,96
472,180,102,100
470,180,100,101
474,179,101,97
477,178,101,98
476,178,95,99
469,177,100,98
471,180,95,92
461,179,99,93
459,176,96,101
460,179,99,96
457,178,98,103
457,182,98,101
453,180,98,99
457,175,102,100
459,178,95,94
454,173,98,102
455,171,99,104
455,172,100,104
452,173,101,101
455,175,96,96
455,172,98,99
456,171,94,102
452,172,99,101
448,173,96,97
447,171,95,97
445,168,100,97
442,171,101,93
440,169,95,97
437,169,94,96
434,169,96,100
430,170,93,102
420,176,98,100
416,183,97,96
412,187,94,107
407,195,94,106
400,208,95,108
398,221,98,108
397,225,96,106
388,225,97,100
380,223,93,99
371,216,93,103
358,211,96,101
354,210,90,101
345,208,89,98
334,207,97,108
328,206,96,107
319,210,97,96
302,205,99,93
288,201,100,95
275,199,103,109
273,203,95,107
270,203,101,108
269,208,105,113
275,213,101,114
280,220,103,117
288,227,103,116
291,231,100,114
293,233,104,113
290,241,101,109
286,238,108,111
297,238,99,108
306,234,100,103
320,225,102,94
336,213,102,93
349,205,105,103
364,193,110,101
381,185,107,97
398,172,120,106
412,163,112,102
420,153,121,108
429,145,128,108
448,138,122,112
450,138,129,110
443,127,129,114
438,120,125,112
428,117,130,115
406,112,133,118
392,111,132,112
374,109,127,112
359,107,121,116
353,104,120,112
348,99,124,119
345,104,124,115
344,112,128,113
354,120,123,112
364,123,119,113
377,125,120,113
379,127,127,113
389,126,123,114
398,128,126,102
397,125,131,124
397,129,125,114
394,133,123,114
390,136,116,111
380,138,121,120
380,142,118,117
379,142,119,116
384,145,122,116
389,147,122,115
392,150,122,123
400,155,118,111
404,152,125,121
407,152,122,121
415,154,120,118
413,153,121,119
415,153,123,113
416,152,119,118
416,151,125,120
417,149,126,120
417,151,125,117
419,150,125,122
421,149,123,121
418,148,123,120
418,147,123,120
417,147,121,118
415,144,121,119
416,145,120,115
413,141,123,119
408,142,122,121
406,141,119,119
408,142,119,112
405,142,122,121
406,142,124,117
408,140,119,114
405,139,125,119
405,137,125,123
402,141,122,113
399,140,121,115
392,140,119,114
381,142,117,120
377,142,112,119
370,146,107,116
366,146,107,113
364,148,114,119
369,149,106,112
366,150,108,111
369,153,103,103
375,162,104,102
374,169,101,100
375,174,102,104
373,181,100,101
366,187,103,97
359,202,102,87
352,211,97,95
344,223,94,93
341,229,91,95
339,226,95,96
344,221,97,98
346,223,98,91
349,219,97,96
352,219,94,91
357,218,94,95
363,215,99,98
378,214,95,101
392,216,96,97
410,218,97,101
425,222,98,98
446,226,94,98
457,230,111,104
467,230,108,107
475,228,110,111
475,226,110,105
469,226,110,113
471,224,107,110
470,225,106,107
464,220,105,109
456,221,110,107
456,219,111,96
455,218,106,102
452,216,109,98
449,214,109,105
445,212,110,106
439,212,110,111
440,213,111,105
438,211,111,113
436,211,111,110
436,212,111,101
435,211,113,105
435,210,114,109
435,207,109,106
434,206,113,108
431,207,112,104
436,204,111,99
434,206,112,97
436,205,106,100
435,202,109,105
433,202,114,108
433,204,111,100
431,204,113,102
431,202,112,104
430,205,115,105
430,201,107,109
431,201,108,106
430,203,114,104
429,203,112,107
430,200,110,103
429,202,116,106
430,201,112,106
430,202,113,105
428,201,110,99
428,202,115,103
428,201,112,101
425,200,107,104
423,198,114,98
419,197,119,106
420,194,111,101
420,195,113,101
418,195,117,104
419,195,111,107
421,195,110,102
419,194,114,105
418,194,111,107
419,192,110,113
417,192,111,109
418,194,113,104
417,190,114,113
415,190,113,104
415,192,118,107
416,191,107,102
414,191,112,105
412,190,109,105
411,191,113,107
412,189,113,106
411,191,113,109
413,192,113,101
411,192,109,102
414,193,110,107
412,192,114,112
414,193,107,100
410,192,113,106
412,192,114,103
407,191,114,114
412,191,108,93
408,192,109,99
405,188,108,106
401,187,111,105
398,185,113,98
395,182,116,108
398,180,110,99
392,182,118,105
394,176,112,102
386,174,118,114
390,172,117,108
388,173,117,112
389,174,118,104
385,177,116,109
385,177,116,106
384,179,113,106
382,179,119,112
380,179,117,104
381,176,120,104
380,176,119,105
382,173,120,109
382,175,121,104
383,172,120,103
390,172,119,103
393,170,121,100
396,170,122,99
395,169,129,112
401,172,124,100
398,172,132,112
401,174,125,110
398,176,125,114
402,180,123,104
403,177,123,114
405,176,118,121
405,177,119,113
