369,261,48,41
368,261,47,39
366,262,48,37
364,261,50,39
360,261,50,39
356,258,48,41
350,257,49,43
344,252,49,49
344,248,39,51
296,258,45,46
336,239,37,40
303,262,38,42
294,259,45,45
289,260,51,46
289,259,50,46
325,204,52,45
289,261,52,46
290,260,50,43
290,260,51,44
290,260,50,47
289,260,52,45
289,259,50,49
290,260,50,46
291,260,49,47
290,261,51,46
290,261,50,45
289,259,51,47
290,260,50,47
289,260,51,47
288,259,51,46
290,260,50,48
289,260,51,47
289,259,50,46
290,259,50,44
290,260,50,46
290,260,50,46
290,260,50,47
289,260,51,47
288,260,52,46
290,260,49,45
290,260,50,45
290,260,49,48
289,259,51,46
290,259,49,45
289,260,51,47
290,261,50,46
289,260,51,45
289,260,51,46
289,260,51,45
289,260,51,48
289,259,50,47
289,260,50,46
289,260,51,44
289,260,52,47
289,259,50,45
289,260,52,46
289,260,50,44
290,260,49,47
290,260,48,46
289,260,51,46
290,260,50,46
289,259,51,47
289,259,50,47
289,259,51,45
290,259,49,47
290,260,49,46
289,260,51,46
290,260,50,48
290,260,50,46
290,260,50,45
290,261,49,46
290,260,49,46
289,260,50,47
290,259,50,45
290,260,49,47
289,260,51,47
289,260,51,44
289,260,51,46
289,259,51,46
289,260,50,46
290,260,49,47
290,259,51,46
291,260,48,46
290,259,50,47
289,260,51,47
290,260,51,44
288,260,53,48
288,260,52,45
289,259,51,47
291,259,49,47
290,260,49,48
289,260,50,45
290,259,49,47
289,260,51,47
290,259,51,47
291,260,47,45
290,260,50,47
289,261,51,45
288,260,53,44
289,260,51,46
289,260,52,45
289,259,50,47
289,260,52,46
289,260,51,46
289,259,52,46
289,260,50,48
289,260,50,46
289,259,52,45
289,260,51,48
290,260,50,47
289,260,52,46
290,259,49,48
290,260,51,45
290,260,49,47
291,259,48,47
290,260,50,45
289,260,51,46
290,260,49,47
290,261,51,46
290,259,50,48
289,261,51,45
290,260,51,46
289,260,52,47
290,260,50,44
290,259,50,47
290,259,50,48
290,260,50,45
290,260,50,47
289,260,51,45
290,260,50,45
290,260,51,48
290,260,49,47
290,259,51,46
290,260,51,47
289,260,50,46
291,260,49,45
290,261,50,45
289,261,51,45
289,260,51,47
290,259,50,45
289,261,51,47
289,260,52,45
289,261,51,46
290,260,51,46
289,261,52,45
289,260,51,46
289,260,51,46
290,260,51,44
290,260,52,46
289,259,51,47
290,259,50,47
289,259,50,47
289,260,51,47
289,260,51,46
290,260,51,46
289,260,51,46
290,261,51,45
289,261,51,45
290,261,51,47
289,260,50,46
289,261,52,44
291,260,49,47
290,260,51,45
289,261,52,46
289,259,51,47
289,261,52,47
289,260,51,46
291,260,48,44
290,260,50,46
290,261,51,44
289,260,52,46
289,260,52,46
289,260,51,45
289,261,51,46
289,260,52,47
289,260,52,46
290,260,50,45
290,260,50,45
290,260,50,46
289,260,51,45
290,261,50,47
289,260,52,47
288,260,52,48
288,260,52,46
289,260,50,48
290,260,49,46
289,261,51,45
290,260,50,47
290,260,50,47
290,260,50,47
289,260,51,47
290,260,50,47
290,261,51,45
290,259,51,46
289,260,49,47
289,260,50,45
290,259,48,47
290,260,48,47
289,260,51,45
290,259,50,45
290,259,50,48
289,260,52,45
289,260,51,46
290,260,50,47
290,259,50,49
290,260,50,46
289,261,51,47
289,260,51,45
289,261,51,45
291,260,49,48
289,261,51,44
289,260,52,46
288,259,52,46
289,260,52,46
289,259,51,46
289,260,52,47
289,260,52,48
290,259,49,46
289,260,50,48
289,260,51,45
290,260,50,46
290,260,50,44
290,261,50,45
289,260,52,46
290,261,50,45
290,259,51,47
290,260,50,47
290,260,50,47
289,260,51,46
289,260,52,46
290,260,50,46
289,261,52,45
290,260,50,46
290,261,49,45
289,260,51,46
290,260,51,47
290,260,51,46
289,260,51,47
289,260,51,45
289,260,52,47
289,261,50,46
289,260,51,46
290,260,49,45
290,261,51,46
289,259,52,48
289,260,51,47
289,260,51,47
289,260,51,47
289,260,51,47
289,260,51,46
289,261,52,45
289,260,51,46
289,261,53,45
289,261,52,45
288,260,51,47
289,260,51,48
289,259,52,45
290,261,51,47
289,260,51,45
289,260,51,46
290,260,50,45
290,261,51,46
290,259,50,47
289,260,51,45
289,260,51,47
289,260,51,46
290,260,51,46
290,260,49,47
289,260,51,45
289,261,52,44
290,260,51,45
290,260,50,46
290,260,50,46
290,260,50,46
290,260,50,45
290,260,51,48
290,261,50,44
290,260,50,46
290,260,49,47
290,260,50,46
290,260,50,45
290,260,50,47
289,260,52,45
289,260,51,46
289,260,51,48
289,260,51,47
289,260,51,46
289,260,52,47
290,260,50,47
289,260,51,44
289,261,51,46
289,261,52,47
288,259,52,47
288,261,52,46
289,259,51,46
290,261,49,46
290,260,50,46
289,260,50,47
290,260,50,45
290,260,50,46
289,261,51,45
290,260,50,46
289,260,51,47
289,260,51,45
289,260,52,45
289,261,52,45
289,260,51,47
289,259,51,47
290,261,50,45
290,260,50,46
289,261,51,45
289,260,51,47
289,260,51,47
290,260,51,46
290,260,50,46
290,260,51,46
289,259,50,47
289,260,52,47
289,260,51,47
290,260,49,46
290,259,50,46
289,261,52,47
289,260,50,46
289,260,51,45
289,260,51,48
288,261,52,46
289,260,52,45
289,260,51,46
289,260,51,47
289,260,51,45
289,260,51,48
288,260,53,45
289,260,51,46
290,259,49,46
289,261,51,46
289,260,51,46
289,260,50,46
289,260,52,46
290,260,51,46
290,260,51,45
289,260,51,47
288,259,52,45
289,259,51,47
290,259,50,46
289,260,52,46
289,259,51,49
289,260,51,46
289,260,52,46
289,259,52,48
289,260,53,47
289,259,52,47
288,260,52,47
290,261,50,44
289,260,51,48
289,259,51,48
289,259,51,47
289,260,52,46
289,260,51,47
289,260,52,46
289,261,52,45
290,261,50,46
289,260,51,46
289,260,51,46
290,260,50,46
291,260,49,45
291,261,49,44
290,260,51,46
290,261,51,46
290,261,49,46
291,260,49,48
290,261,50,46
290,260,50,47
289,260,50,46
289,260,52,46
290,260,50,48
290,261,50,45
289,261,52,46
289,260,50,46
290,260,51,45
291,260,50,48
290,260,51,47
289,260,52,46
289,260,51,48
289,260,51,45
290,260,50,47
289,260,50,48
290,260,50,46
289,261,51,46
289,260,50,46
289,260,51,46
289,261,51,46
290,260,50,47
291,261,49,45
290,261,49,46
290,260,51,46
289,260,52,47
290,260,50,46
290,260,50,45
290,260,50,46
290,261,50,45
290,260,50,46
290,260,51,46
289,260,50,47
290,260,49,46
290,260,50,48
290,260,50,46
290,260,51,47
290,260,49,47
290,260,50,46
290,260,50,48
290,260,50,48
289,260,52,46
290,260,50,45
291,260,49,46
290,260,50,48
289,259,50,49
289,259,51,46
289,260,51,46
290,260,51,44
290,260,51,47
289,260,51,47
289,260,51,45
289,260,51,47
291,260,49,46
290,260,49,46
290,260,49,46
290,260,51,46
289,260,51,47
289,260,51,45
290,260,50,45
289,260,51,46
289,260,50,46
289,261,51,45
291,260,49,46
290,259,50,48
290,260,51,46
291,260,50,44
290,260,50,46
290,261,49,46
290,260,50,45
290,261,50,47
290,260,49,46
290,260,50,45
289,260,51,47
290,260,50,46
290,260,50,46
290,260,49,46
290,260,51,48
289,260,52,48
290,260,50,44
289,260,50,46
289,260,52,45
290,261,49,47
290,260,50,46
290,260,50,47
290,259,51,47
289,260,52,46
289,260,52,46
289,260,51,46
290,260,50,47
290,260,51,47
290,259,50,46
289,260,51,47
289,260,52,45
289,260,52,45
290,260,51,47
290,259,50,47
290,260,50,46
291,260,49,46
290,261,51,46
289,260,51,47
290,260,50,46
289,260,51,47
290,260,50,46
289,260,51,46
289,260,51,46
290,260,50,47
289,261,52,45
289,260,51,47
289,260,51,47
290,261,50,44
290,260,50,47
290,260,49,46
290,260,50,45
289,260,51,48
289,261,52,45
289,259,51,48
289,260,52,47
289,260,50,46
289,260,51,46
290,259,51,47
290,260,50,45
290,260,50,47
290,260,50,46
291,261,48,46
290,259,50,48
289,260,50,48
289,260,51,47
290,260,50,46
289,260,50,46
289,259,52,47
289,260,51,48
290,259,50,47
289,260,51,47
289,259,52,46
289,260,51,48
289,260,51,45
290,260,49,46
290,260,50,47
289,260,51,45
290,260,50,47
290,260,50,46
289,260,52,48
288,260,52,47
289,260,51,47
289,260,50,46
291,259,50,47
289,260,51,46
291,260,50,46
289,260,50,48
289,260,51,46
289,260,52,47
289,260,50,47
289,260,51,45
289,261,52,46
290,259,50,46
289,260,51,48
290,260,50,45
289,260,51,44
290,261,50,46
289,260,51,46
289,260,51,45
290,260,50,48
289,260,51,47
289,260,51,47
289,260,52,45
289,261,51,45
290,260,49,46
291,261,49,46
290,259,50,48
290,260,51,46
289,260,51,48
290,260,50,46
290,260,50,48
290,260,49,47
290,259,51,49
290,260,51,48
290,260,49,46
290,260,50,46
289,260,51,47
289,260,52,47
289,260,51,46
289,260,50,46
291,260,49,45
290,260,51,45
289,260,50,47
289,259,51,47
289,260,51,45
289,260,51,47
289,261,51,47
289,260,51,46
290,259,50,47
289,260,50,47
289,260,52,46
289,259,51,45
289,260,52,46
289,260,51,45
290,261,51,44
290,260,51,45
290,260,50,47
289,260,50,47
289,259,52,47
289,260,51,45
289,259,52,47
290,260,49,48
290,260,51,45
289,260,52,47
288,260,53,46
288,260,53,45
290,260,50,48
289,260,51,46
290,259,51,45
290,261,50,46
289,260,51,45
290,260,50,48
290,260,50,46
289,259,51,47
289,260,50,48
289,260,51,45
290,261,51,45
289,260,51,46
289,260,51,47
289,260,51,48
288,259,53,46
289,260,51,47
289,260,51,45
289,261,52,46
289,260,50,45
290,260,50,46
289,260,51,47
289,260,51,45
291,260,49,48
290,260,49,47
290,260,49,47
290,260,51,46
289,261,51,45
289,259,51,47
290,260,49,45
289,261,51,45
290,260,50,46
289,261,52,46
289,261,51,45
289,260,51,45
289,261,52,46
289,260,52,45
289,260,51,47
289,260,51,47
289,260,51,47
290,260,50,45
289,260,52,47
289,260,50,47
289,260,52,47
289,260,52,46
289,260,51,47
289,260,51,47
289,261,51,45
289,260,51,47
290,260,50,48
289,260,52,46
289,259,51,46
289,260,51,48
289,259,52,47
288,261,52,48
289,259,51,46
289,260,50,48
289,260,51,47
290,260,50,45
289,260,51,47
289,260,51,47
290,260,50,45
289,260,51,48
288,260,52,46
289,260,51,46
289,260,51,46
290,260,50,46
289,260,50,47
289,260,50,45
290,260,49,47
290,259,50,48
289,259,50,47
290,260,49,47
290,259,50,48
290,260,50,46
289,260,51,46
289,260,51,48
290,260,49,44
289,260,50,46
290,259,50,46
289,260,51,47
289,260,51,46
290,260,50,47
290,259,51,46
290,260,50,46
289,260,51,47
290,260,50,47
290,260,50,46
289,260,51,47
289,260,52,45
290,261,51,46
289,260,51,46
290,261,50,47
290,260,50,45
290,261,51,46
290,260,50,45
290,259,51,44
289,260,51,47
289,260,52,46
290,260,51,47
290,261,51,46
291,261,49,45
290,260,50,46
290,260,50,46
290,259,49,47
289,260,51,47
289,260,51,46
289,260,52,47
290,260,49,47
289,261,50,45
289,259,51,46
289,259,51,47
290,260,50,46
289,261,51,45
290,260,50,46
290,259,50,48
289,260,51,48
289,260,50,46
290,260,52,46
289,260,51,47
289,260,52,46
289,259,51,49
288,259,52,46
289,260,51,47
288,259,52,47
289,259,52,47
288,261,52,46
289,260,50,47
290,259,50,47
289,260,50,46
289,259,51,46
289,260,51,47
288,260,52,47
290,260,50,48
289,259,51,47
289,260,51,47
289,260,50,46
289,259,51,47
289,260,51,47
288,259,51,48
289,259,51,49
288,261,52,47
289,259,50,48
289,260,51,48
290,260,50,45
290,261,50,44
290,260,51,45
289,261,51,46
290,260,50,47
290,260,50,46
290,261,50,44
290,261,50,46
290,261,51,46
289,260,52,46
289,260,51,47
290,260,50,46
289,259,50,48
290,260,49,45
291,260,49,47
290,261,50,46
291,261,49,45
290,260,50,46
290,260,51,44
289,260,51,47
289,259,51,46
290,259,50,46
290,260,48,47
288,261,53,45
289,259,51,47
289,260,51,46
289,261,51,45
289,259,51,47
289,260,51,47
289,260,53,47
288,260,53,47
289,260,51,48
290,260,50,45
290,260,51,46
289,260,52,46
288,259,52,47
289,260,50,46
289,261,53,44
289,260,51,46
289,260,52,46
289,260,51,46
290,260,51,47
289,260,51,47
290,259,51,44
288,260,52,47
288,260,53,46
290,260,49,46
289,260,52,46
290,261,50,44
289,260,51,47
289,260,52,45
289,261,52,44
289,260,52,47
289,260,51,47
290,261,51,44
289,260,51,44
289,260,52,45
290,260,50,45
290,260,50,46
290,260,50,47
289,259,50,47
290,260,50,46
289,259,51,48
289,259,51,49
290,259,50,46
289,261,50,46
289,260,51,48
289,259,51,46
289,260,52,46
289,260,52,45
290,260,50,46
289,261,51,45
289,260,52,47
289,260,51,48
289,259,50,45
289,260,52,47
291,260,50,45
289,261,51,46
289,260,51,46
291,260,49,46
290,260,50,47
289,260,50,46
290,260,51,47
290,260,50,46
290,259,50,47
289,260,52,45
290,260,50,46
291,260,49,47
289,260,51,46
290,260,50,46
289,260,52,47
289,259,50,48
289,260,52,46
290,260,51,47
291,260,49,45
289,260,52,48
289,259,51,46
289,260,51,46
289,260,51,48
290,260,50,47
290,261,50,46
289,259,52,45
290,261,50,46
290,260,50,46
290,260,50,46
290,259,51,46
290,260,50,47
289,260,52,46
290,261,51,47
290,260,50,45
289,260,51,46
290,261,49,46
290,260,50,47
290,260,50,45
289,260,51,47
290,260,51,44
290,261,51,47
289,259,51,46
289,260,52,47
289,259,51,48
290,259,49,47
290,259,51,47
291,260,49,45
290,260,50,46
289,260,51,47
289,260,51,46
289,260,51,46
290,258,51,48
289,260,51,49
289,259,51,47
288,260,53,45
289,260,51,46
290,260,50,46
290,260,50,45
289,260,51,47
290,260,50,46
290,260,50,47
290,260,51,46
290,260,50,48
290,260,50,46
289,260,52,47
290,260,51,46
290,261,50,46
290,260,50,46
290,259,49,46
290,260,50,46
289,261,52,46
290,260,51,46
290,260,50,46
289,261,52,44
290,260,50,46
290,261,49,46
289,261,51,45
289,260,51,46
290,259,51,47
290,260,49,47
289,260,51,47
289,260,52,47
290,260,51,45
290,261,50,46
290,260,50,46
289,260,52,46
290,260,50,48
290,260,50,46
290,259,51,48
289,261,50,45
290,260,51,45
290,260,50,46
290,261,50,46
289,261,51,47
289,259,51,48
290,260,50,46
289,259,50,48
291,260,49,47
290,260,52,46
289,260,51,46
288,260,53,46
289,260,51,46
289,261,52,45
290,260,50,46
290,261,50,46
291,261,49,46
290,260,51,46
289,260,51,46
289,260,50,45
289,260,52,47
288,260,53,46
290,260,50,46
289,260,52,46
288,260,52,46
289,259,51,48
289,260,51,47
289,259,51,46
289,262,52,45
289,260,52,45
288,259,52,47
288,260,52,48
289,260,52,46
289,260,52,45
290,260,50,46
291,261,49,45
289,261,51,46
289,260,51,45
289,259,52,47
290,260,49,46
290,260,49,46
289,259,52,47
289,260,50,47
290,260,49,46
289,260,51,43
290,260,50,46
290,259,51,48
289,260,51,45
290,261,51,47
289,260,51,44
290,260,51,47
290,260,50,44
289,262,51,45
289,260,51,45
290,261,51,47
289,260,51,46
291,260,50,45
291,260,48,47
291,260,50,45
289,260,51,49
290,259,50,46
290,261,52,45
291,260,49,46
290,260,52,46
291,260,50,45
290,262,52,46
290,261,50,44
290,261,51,46
289,260,52,46
289,260,51,46
288,260,52,47
289,261,51,44
290,261,50,46
290,260,49,45
289,262,51,46
289,261,51,45
289,260,51,46
291,259,48,48
290,260,49,49
289,259,51,47
289,257,51,48
289,259,51,46
288,259,51,47
289,259,50,45
288,259,51,48
290,259,49,46
290,260,50,46
290,260,49,46
289,260,52,46
289,260,50,47
290,259,49,47
289,260,52,46
288,259,51,47
289,260,51,45
288,260,52,47
288,259,52,47
289,261,51,45
289,261,51,46
289,260,51,44
290,262,49,44
289,260,51,46
289,261,51,46
289,259,50,45
289,261,51,47
289,260,51,45
289,260,50,48
289,260,51,45
289,260,50,47
289,261,51,44
289,260,52,46
289,259,51,47
290,260,50,47
290,260,51,44
289,260,51,48
289,260,51,45
290,260,51,46
289,260,50,46
289,260,50,47
289,259,52,46
289,261,50,47
289,260,52,46
289,261,51,45
289,260,52,46
289,260,50,47
288,260,53,45
289,261,52,45
290,260,49,45
289,260,50,47
289,261,52,45
290,260,50,47
289,261,51,46
289,260,52,47
289,259,51,45
289,260,51,48
289,261,50,46
289,260,53,45
290,260,49,48
288,260,53,46
288,261,52,47
289,260,51,45
290,261,51,45
289,259,52,47
288,261,52,46
289,260,51,46
288,259,51,47
288,260,52,47
290,259,49,46
289,259,51,46
289,261,51,46
290,260,49,45
289,260,51,45
289,260,50,47
290,260,50,46
290,260,50,46
289,260,50,45
289,261,51,46
288,261,51,44
289,260,51,45
290,261,50,44
290,261,50,46
290,260,50,46
290,260,49,46
290,260,49,46
290,259,49,47
289,260,52,46
290,260,49,45
291,261,48,46
290,261,50,45
289,260,53,46
288,260,51,45
290,261,49,45
288,260,52,48
288,261,52,44
289,260,51,47
288,260,52,46
289,260,50,47
289,260,51,46
289,261,51,43
289,260,53,46
288,260,51,46
288,260,49,46
289,261,46,45
289,262,45,46
360,260,39,38
361,259,41,38
290,259,38,45
291,256,38,42
360,259,40,39
362,260,38,36
364,260,36,35
364,263,37,36
361,266,38,32
361,265,35,32
321,239,36,37
326,244,40,39
331,249,41,42
335,256,43,40
334,254,48,48
335,254,48,51
335,253,48,52
333,254,50,50
332,254,52,51
329,252,53,52
328,250,53,54
327,251,55,52
326,251,53,53
323,249,56,55
322,249,54,53
321,249,55,56
322,248,52,55
323,248,49,56
324,248,49,57
324,248,50,57
325,251,47,53
328,253,41,44
328,257,43,44
328,259,42,43
326,261,46,43
324,262,41,41
324,262,37,41
323,261,40,41
324,262,38,43
324,260,40,43
323,261,41,42
323,261,40,43
322,262,41,41
323,262,39,41
324,263,39,41
324,256,36,49
322,261,39,46
321,261,40,45
322,261,40,43
323,261,46,43
323,262,48,42
322,261,51,42
322,261,49,43
322,261,49,44
322,261,50,42
322,261,50,42
322,261,51,42
322,261,49,43
323,261,49,42
323,262,49,41
322,262,53,42
323,262,50,41
322,262,51,42
322,261,52,42
323,262,49,41
323,262,51,41
322,262,51,40
322,262,50,40
322,261,51,42
322,261,49,43
323,261,49,41
323,262,49,41
323,262,50,41
323,262,49,42
322,262,52,41
322,261,50,40
322,263,49,42
323,262,50,41
322,261,51,43
322,261,49,43
322,261,50,41
323,261,48,42
323,262,47,42
323,261,49,41
322,261,47,43
323,260,47,45
322,260,49,45
322,260,50,45
322,261,50,42
322,260,50,42
322,261,49,41
322,261,47,42
323,262,50,41
322,260,47,42
322,262,49,42
322,261,49,42
321,261,50,43
322,262,48,40
322,261,49,42
322,261,51,43
321,260,49,42
321,262,50,41
323,260,49,43
322,261,49,44
322,261,49,43
321,261,50,45
322,261,50,43
321,260,49,44
323,262,50,43
322,261,50,41
321,261,50,44
323,260,49,43
322,260,50,44
322,261,49,44
322,261,50,42
322,261,48,42
323,261,49,42
322,261,48,43
322,261,48,43
322,262,50,42
321,261,50,42
323,261,49,44
322,261,48,43
322,261,49,43
322,261,50,44
323,261,48,44
321,261,49,44
323,260,49,42
321,262,49,43
322,261,49,42
322,261,50,42
322,261,50,43
322,261,49,43
322,261,48,43
323,262,48,41
322,264,48,38
322,263,47,38
320,268,49,33
320,270,51,32
320,271,50,31
320,258,51,44
322,252,48,51
325,245,48,57
331,235,46,66
329,237,53,66
331,229,56,72
320,239,52,66
319,258,51,47
320,262,49,41
321,263,49,42
321,262,49,41
320,261,49,42
321,261,49,44
320,261,49,42
320,262,50,43
320,261,49,43
320,261,50,42
320,261,49,42
320,262,50,42
321,262,50,42
320,261,49,44
320,263,50,43
320,262,49,41
321,261,49,42
320,263,49,42
321,260,50,43
320,260,49,42
322,262,48,40
321,262,48,42
322,260,47,42
321,262,49,41
322,261,48,41
321,261,49,43
321,262,48,41
321,263,48,41
321,262,49,40
320,262,50,40
320,263,49,40
322,262,48,41
320,262,48,42
322,261,49,40
321,262,48,42
321,262,49,41
322,261,48,41
320,262,48,43
322,262,49,41
321,263,48,40
322,264,47,40
321,262,47,41
321,262,49,41
320,261,50,42
321,260,49,43
320,261,51,42
321,262,49,42
320,261,49,42
320,262,49,42
320,261,49,42
320,261,50,41
320,263,49,42
320,262,50,41
320,261,50,43
321,260,49,44
320,262,48,43
321,261,48,41
321,262,47,43
320,261,49,42
320,261,50,44
321,261,49,45
320,261,51,42
320,261,50,44
321,262,48,42
321,262,49,41
320,261,49,44
320,261,49,43
319,261,51,44
321,261,48,42
320,261,49,43
320,261,49,43
320,262,50,42
320,262,50,41
321,261,49,42
320,261,50,41
320,261,50,42
320,262,50,42
320,261,50,41
319,262,49,42
320,260,50,41
322,260,48,43
321,261,49,43
320,262,49,42
321,262,49,42
321,262,49,41
320,262,49,41
321,262,49,42
321,261,49,41
320,262,49,42
321,262,50,42
322,262,48,42
320,260,51,43
320,262,49,42
320,261,49,43
319,262,49,44
320,261,49,42
319,262,50,42
320,261,49,43
320,261,50,43
320,263,50,40
320,264,50,40
321,263,48,39
320,263,47,40
320,262,49,41
321,262,46,41
321,261,47,42
320,262,49,42
321,262,49,42
321,262,48,41
321,261,49,42
320,261,49,42
320,263,49,41
320,264,49,39
320,263,52,40
321,264,48,39
321,262,47,42
321,262,50,42
320,263,50,40
320,262,52,41
321,262,49,42
320,262,51,42
321,263,48,39
321,264,48,40
320,265,49,38
320,264,49,39
321,262,48,41
321,264,48,40
321,263,49,41
321,263,49,40
321,263,48,41
320,262,50,42
320,262,50,41
321,262,48,41
320,262,50,41
320,263,49,39
321,263,48,40
321,263,48,40
320,263,50,40
321,263,49,40
321,263,48,41
321,263,49,41
320,263,51,41
320,262,49,42
320,263,51,40
321,262,49,41
321,262,49,41
321,262,49,42
320,262,49,41
321,263,49,41
321,263,49,41
321,261,49,42
321,263,49,41
322,263,47,40
321,263,48,41
321,264,49,39
320,263,49,41
321,263,48,41
321,264,48,39
321,263,46,40
321,263,48,40
321,263,47,41
320,262,51,41
321,263,49,40
321,264,48,40
321,263,48,40
320,263,48,41
320,264,50,39
320,264,51,39
320,262,49,42
321,262,48,41
321,263,48,40
321,263,48,40
321,262,49,41
321,263,49,41
321,262,50,42
321,262,50,41
321,264,49,39
320,263,49,40
321,263,49,41
321,263,50,41
321,262,49,42
320,262,49,41
321,262,49,41
321,264,47,39
321,263,47,39
321,263,47,40
321,261,47,43
320,262,48,41
320,261,51,43
320,263,50,41
320,261,50,42
319,262,51,45
320,261,50,42
320,261,50,43
319,261,50,44
320,262,50,43
317,261,50,43
320,261,50,43
319,262,50,42
320,262,50,41
319,262,51,43
320,262,51,42
318,262,50,44
320,262,51,42
319,263,50,43
320,263,50,40
320,261,49,43
319,262,50,43
319,262,51,43
319,261,50,44
320,260,49,44
319,261,50,45
320,262,50,40
320,262,49,39
319,262,51,43
320,262,51,42
319,261,49,43
320,261,50,43
320,261,50,44
320,261,50,43
320,262,50,42
320,261,51,43
319,261,50,42
319,263,49,41
320,262,50,43
320,262,51,41
320,262,50,43
318,261,50,43
320,261,51,44
318,262,50,40
321,262,50,42
320,261,49,42
319,262,50,43
320,261,49,42
320,262,50,42
320,260,50,44
320,261,49,43
321,261,48,42
320,262,48,41
320,261,50,43
322,260,49,42
317,260,53,45
319,261,53,41
316,262,53,42
320,262,50,41
316,262,54,42
317,262,52,41
319,262,52,41
316,262,54,41
316,262,55,42
317,262,54,40
318,261,52,43
318,262,50,42
317,261,53,43
318,261,53,42
317,263,52,42
319,261,51,42
317,262,52,42
319,262,51,40
317,263,52,42
319,262,51,40
318,263,52,41
319,261,51,41
315,262,54,41
318,262,52,42
316,261,54,43
316,262,54,43
318,262,53,41
317,263,52,43
319,262,51,39
315,262,55,42
316,262,55,41
313,262,57,42
314,261,56,42
312,261,58,43
301,260,68,43
292,259,77,46
290,258,80,46
291,258,81,47
289,258,81,46
291,257,82,48
290,257,80,48
290,258,81,48
289,257,81,49
291,258,80,47
290,258,80,47
290,259,82,46
290,257,80,48
291,258,80,47
288,259,81,47
293,257,77,47
290,259,82,47
290,257,82,48
292,257,78,45
289,259,80,46
290,258,83,46
291,257,80,46
289,258,82,46
290,258,81,46
290,258,81,46
290,259,79,45
291,258,83,47
287,257,80,48
294,258,76,45
290,258,80,46
292,257,77,46
294,258,76,46
294,257,78,47
299,258,76,47
305,259,71,47
309,260,67,43
315,261,61,43
318,258,58,47
324,260,56,45
331,259,46,46
334,259,42,47
335,260,43,45
335,261,48,43
335,259,58,47
334,261,66,44
332,262,75,43
332,263,78,43
331,265,78,41
330,263,80,42
332,264,83,42
331,265,83,39
332,265,85,40
331,265,91,41
332,266,86,40
333,264,88,40
330,265,90,42
332,265,86,41
331,265,86,42
331,265,88,39
332,264,93,41
331,262,94,43
332,260,92,44
330,261,86,42
327,261,77,42
328,263,61,41
330,262,52,43
333,261,50,45
331,262,50,45
332,262,51,44
331,263,52,42
331,262,51,45
332,262,50,45
330,263,51,43
331,262,50,46
333,263,50,42
331,263,50,43
331,263,51,42
331,262,51,45
330,263,51,43
332,263,50,41
330,262,53,42
332,263,49,43
332,263,50,44
332,263,50,44
330,263,52,42
330,263,52,43
331,263,50,43
331,263,51,45
332,263,49,43
330,263,53,44
332,263,50,45
331,263,50,44
330,263,53,42
331,263,50,43
332,263,52,43
331,264,50,40
331,263,51,44
332,263,51,43
330,263,50,44
333,263,50,43
331,263,51,42
330,263,51,44
331,263,51,43
332,263,51,42
330,263,51,42
331,263,51,44
331,264,52,43
329,263,51,44
331,263,51,43
330,263,52,43
331,264,50,41
330,263,51,43
330,263,51,43
331,263,52,45
331,263,51,44
331,262,52,44
329,263,51,42
332,263,52,42
332,263,49,45
331,263,51,43
331,262,52,44
330,262,51,45
332,263,50,44
330,263,50,43
330,263,52,44
332,263,50,44
331,263,51,44
331,263,51,44
332,263,51,44
329,263,53,44
332,263,50,43
330,263,52,43
332,263,50,43
330,263,51,42
331,262,51,46
333,263,49,44
332,264,49,41
332,263,50,42
329,264,51,42
332,263,50,44
330,263,50,43
330,262,53,46
331,263,50,42
331,263,51,44
333,264,50,41
330,263,50,43
330,263,53,42
332,263,51,41
332,263,50,43
331,263,51,44
330,263,53,44
332,263,50,42
330,263,51,45
332,263,51,44
330,263,52,43
331,262,51,44
331,262,50,45
330,262,51,45
331,263,50,43
331,263,51,44
331,263,52,44
330,264,51,43
331,263,52,42
330,262,52,45
331,262,51,44
329,262,52,46
331,264,52,40
331,263,51,42
329,263,53,45
331,263,52,46
330,264,49,42
331,264,51,43
330,264,51,42
331,264,51,42
330,263,51,44
333,263,51,43
329,263,51,43
332,263,52,42
331,263,49,43
333,263,51,43
331,263,51,42
331,263,51,43
330,264,51,42
332,264,51,42
329,264,52,41
331,264,51,41
331,264,50,42
330,263,53,42
331,262,50,44
332,263,50,44
330,263,52,44
331,263,52,42
331,264,50,44
331,264,49,43
330,263,53,42
331,263,51,44
332,263,50,43
331,263,51,42
329,263,54,43
332,264,50,42
331,263,51,42
330,262,53,43
333,262,48,45
331,263,51,45
330,263,51,44
331,263,51,43
331,262,51,45
332,263,51,44
330,263,50,44
331,263,52,42
330,263,51,43
331,264,51,41
330,264,51,42
331,263,52,42
330,264,52,42
331,263,51,44
331,264,50,42
329,263,53,44
331,263,51,44
331,264,51,42
330,263,52,43
332,263,50,43
331,263,50,42
332,264,50,41
331,263,51,42
331,263,51,42
332,263,50,44
330,263,50,45
332,264,51,42
331,263,51,43
331,262,51,45
331,263,50,43
331,263,52,43
330,263,52,42
330,263,52,44
332,264,51,42
331,263,50,42
331,263,51,43
329,264,53,43
331,264,50,41
330,263,52,41
331,263,52,44
330,262,52,46
332,263,50,43
332,263,50,43
331,263,51,44
330,263,52,45
331,263,52,43
330,263,51,43
332,264,51,41
330,263,52,43
331,263,52,45
331,263,50,43
333,263,50,44
331,263,51,45
331,264,50,42
330,264,51,42
331,263,51,43
332,264,51,40
331,263,51,44
331,264,51,41
331,264,50,43
332,263,51,43
329,264,53,43
331,264,52,42
329,263,52,42
332,264,50,42
330,264,52,42
331,263,51,42
330,263,52,42
330,263,52,42
331,263,51,45
330,263,51,42
331,263,51,43
331,263,51,42
331,263,51,41
331,263,51,42
330,263,51,43
331,263,51,42
330,263,51,43
330,264,52,43
331,264,50,42
330,263,51,43
332,263,50,43
330,263,52,44
331,263,52,45
330,263,51,43
331,263,49,43
331,263,51,45
330,263,51,42
331,263,51,42
329,264,53,42
331,264,52,41
331,263,51,43
329,263,52,43
330,263,53,42
330,263,53,45
330,264,52,43
331,263,51,42
331,263,51,44
329,263,53,44
332,263,51,43
330,263,53,44
331,264,51,42
331,263,51,44
331,263,51,43
331,264,52,42
331,263,49,43
332,263,50,42
329,263,52,44
331,264,52,41
331,263,50,42
331,263,51,43
331,263,52,44
330,263,52,44
331,263,50,43
331,263,52,44
330,263,51,42
331,264,51,41
330,264,53,41
329,263,53,43
331,264,51,42
331,263,51,44
331,264,52,42
330,263,52,44
332,263,50,41
330,263,51,43
331,263,52,43
330,263,52,44
330,263,51,44
331,263,51,43
330,263,51,41
331,263,51,43
331,263,50,43
330,263,51,45
332,262,51,44
330,262,51,45
330,263,52,43
332,263,52,43
330,263,51,44
331,263,50,43
331,263,51,43
332,263,50,45
331,263,51,43
331,263,51,42
331,263,51,45
331,264,51,42
331,263,51,43
331,263,51,43
331,263,51,42
332,263,49,44
330,263,51,43
330,264,52,42
331,264,50,41
331,263,50,43
331,263,51,42
331,263,51,45
330,263,52,44
330,262,52,45
331,262,50,45
330,262,51,45
329,264,53,41
331,264,51,41
330,263,51,44
330,263,53,42
329,264,52,43
332,264,51,41
330,263,51,42
330,263,53,43
330,263,53,43
331,263,52,42
330,263,52,44
330,263,52,44
331,263,52,43
331,263,52,43
331,263,50,43
330,263,51,43
330,264,52,41
330,264,52,42
331,263,51,43
330,264,53,42
331,263,49,45
332,263,50,44
329,263,52,43
332,262,49,44
330,264,52,42
332,263,48,43
332,263,50,43
330,262,52,44
332,263,51,41
330,263,52,43
330,263,53,42
330,263,52,44
331,262,51,46
331,262,51,45
331,263,51,42
331,263,51,44
331,263,50,46
331,264,51,42
332,264,51,41
331,263,50,43
331,262,52,43
330,263,50,43
332,263,50,44
330,263,52,42
330,263,52,43
332,264,50,42
330,263,51,42
330,263,52,42
329,263,52,43
332,264,50,42
331,263,51,44
331,263,50,42
332,263,50,43
330,262,52,45
331,263,51,45
331,263,51,42
331,263,51,44
331,263,52,43
332,264,49,41
331,263,51,42
331,263,52,42
330,263,52,42
331,263,51,43
331,263,51,44
332,263,51,44
330,263,51,42
330,263,51,44
330,263,52,43
331,263,52,43
329,263,52,43
332,263,51,43
331,263,51,42
331,263,52,44
330,263,51,44
331,263,51,43
329,263,52,42
330,263,51,43
330,264,52,43
331,263,51,42
329,263,54,43
332,263,51,43
330,262,51,44
332,263,50,43
330,263,53,44
331,264,51,43
331,263,51,42
330,263,51,45
332,264,51,42
329,263,51,43
330,264,53,42
330,264,52,42
331,264,51,41
329,263,53,43
331,263,51,43
331,264,51,42
330,263,52,42
330,262,52,45
331,263,51,44
332,262,50,45
330,263,50,43
330,263,51,43
331,264,50,42
330,263,50,41
330,265,52,41
331,263,51,43
331,263,51,44
330,263,52,42
331,263,51,45
331,264,51,41
332,263,50,42
330,263,51,43
331,264,52,42
330,263,52,45
331,263,51,43
332,263,50,42
331,263,50,43
330,263,51,43
329,264,52,42
331,264,51,42
330,263,52,43
331,263,51,43
332,263,50,42
331,263,51,43
330,263,51,45
332,264,50,42
331,264,51,41
330,262,52,45
331,264,50,43
331,263,51,42
330,263,52,43
331,263,50,42
331,263,51,45
331,263,52,43
329,263,53,43
332,262,51,45
331,264,50,44
331,263,52,45
330,263,51,43
331,263,50,43
330,263,51,43
331,263,51,43
330,263,53,44
331,263,50,44
332,263,50,44
330,263,51,43
332,263,51,43
330,263,51,45
332,264,50,42
330,263,52,42
331,263,51,42
331,263,50,43
331,263,52,43
331,263,50,41
329,263,53,43
331,264,51,41
331,264,51,43
331,263,51,45
332,263,50,44
331,263,50,41
330,264,51,42
331,263,52,42
330,263,51,42
331,264,50,41
331,263,50,42
330,263,52,43
331,263,50,45
331,263,51,43
331,263,51,43
332,264,50,42
330,263,50,44
331,264,50,43
330,263,52,43
332,263,50,43
331,263,51,42
330,263,52,42
330,264,51,42
331,264,50,42
331,263,51,43
332,264,50,43
330,263,51,43
330,264,50,43
331,263,51,42
330,263,53,43
332,263,49,41
330,264,51,42
331,263,50,42
332,263,50,44
329,263,53,44
331,263,51,43
331,263,52,42
329,264,52,44
331,264,50,42
330,263,52,42
332,264,51,42
329,263,52,43
332,264,51,41
330,263,51,43
332,264,49,41
330,263,51,42
330,263,51,42
332,263,50,43
331,263,50,43
330,263,52,43
332,263,49,43
331,262,51,45
331,263,49,44
332,264,49,41
330,264,52,41
331,263,49,43
331,264,51,41
330,263,52,43
332,263,50,44
331,263,51,44
331,264,51,43
331,263,53,42
330,263,52,45
330,264,52,41
331,264,51,42
331,263,50,44
331,263,52,43
330,263,51,43
331,263,49,44
332,263,50,43
330,263,51,42
329,263,53,43
331,264,50,42
330,263,52,44
331,264,51,42
330,263,52,42
331,262,52,45
330,263,51,42
330,263,51,44
331,264,52,43
331,264,51,41
330,263,52,43
332,262,50,45
331,263,51,43
332,263,52,45
330,263,52,43
330,264,51,42
332,264,49,41
329,263,54,44
331,264,52,41
331,263,51,45
331,263,50,42
330,263,51,42
330,263,54,43
331,263,50,45
331,263,53,45
330,263,51,43
331,263,51,42
331,263,52,44
332,263,49,44
332,263,51,44
332,263,50,43
332,263,50,44
331,263,51,44
330,263,53,43
330,263,51,43
332,262,50,43
331,263,50,43
330,263,51,44
331,264,51,43
331,264,51,41
330,263,52,43
331,263,51,44
333,262,50,44
330,263,51,44
330,263,53,42
331,263,51,43
331,264,51,42
332,263,50,43
331,263,51,43
331,263,51,42
330,263,52,43
331,263,50,44
331,264,51,41
331,263,52,41
329,264,51,42
332,263,51,43
331,263,51,43
331,263,51,44
330,263,52,42
330,262,51,45
331,264,51,42
331,264,51,43
331,263,52,43
330,264,51,42
331,263,51,42
330,262,52,45
332,264,50,43
331,263,51,43
332,263,50,42
331,263,50,41
329,263,52,44
331,264,50,43
331,263,50,42
332,264,50,41
329,263,53,44
331,263,52,44
330,263,52,42
331,263,51,42
330,263,52,43
331,263,51,41
330,263,52,43
332,262,51,44
329,264,52,42
332,263,49,43
331,263,51,45
332,263,50,44
330,263,51,42
330,263,53,45
331,264,51,43
331,263,51,43
331,263,52,44
330,265,52,42
330,263,52,43
330,262,51,46
331,264,51,44
332,263,50,42
332,263,50,43
330,263,53,44
330,264,51,41
331,263,51,43
330,263,51,43
331,263,50,45
331,264,51,42
331,263,52,43
331,262,51,44
331,263,51,42
331,263,50,42
330,263,51,44
331,264,51,43
330,263,51,42
331,263,51,42
330,262,51,45
333,263,51,43
331,263,51,44
331,264,52,42
331,263,50,43
332,264,51,41
330,263,52,43
330,264,51,41
331,263,51,43
331,263,51,43
332,263,51,41
330,264,52,42
332,264,51,41
330,263,52,43
331,263,53,42
331,263,51,42
330,263,52,43
331,263,50,43
331,263,52,44
332,262,50,44
330,263,52,43
329,263,52,43
331,263,52,44
331,264,51,43
330,263,51,43
330,263,52,44
331,263,51,43
330,263,52,43
330,263,53,42
332,263,49,43
330,263,51,43
332,264,50,41
331,263,51,41
331,263,51,42
331,263,51,43
331,264,51,42
331,264,52,42
330,263,52,43
331,264,50,42
331,263,52,43
331,264,50,44
330,263,52,43
332,263,50,42
330,263,52,42
331,263,51,42
329,263,52,42
330,263,53,42
330,264,52,42
331,264,51,40
331,264,51,42
332,263,50,42
331,260,52,45
331,263,52,43
333,264,49,41
331,263,50,41
331,262,48,43
331,263,42,42
331,264,48,43
332,264,49,40
332,263,50,42
333,261,49,44
332,263,51,42
332,263,52,42
332,263,51,41
332,263,50,42
333,263,47,41
331,263,46,42
332,264,39,41
333,263,36,39
332,262,31,42
332,263,30,41
332,263,29,40
329,262,31,40
329,262,30,40
328,262,30,40
327,262,30,38
330,262,27,39
331,263,34,42
330,264,46,40
328,262,50,41
328,263,50,40
326,263,52,41
325,263,53,41
326,262,52,42
326,263,51,41
327,263,51,42
327,262,50,41
326,263,52,42
326,262,51,43
327,263,51,41
326,262,51,42
326,262,52,41
327,263,50,42
326,262,52,42
328,263,51,40
327,264,52,39
327,264,52,38
327,262,51,42
327,262,51,41
327,262,50,42
328,262,49,43
328,263,48,41
326,263,50,40
326,263,50,41
326,264,51,40
326,264,50,40
326,264,48,40
325,264,50,40
326,264,47,39
327,264,48,38
326,263,51,40
327,263,50,40
326,263,52,40
326,263,52,39
327,263,51,41
327,262,51,42
325,263,53,40
328,263,51,40
327,263,52,42
327,263,53,40
325,264,54,40
327,264,51,38
326,264,51,40
326,262,52,42
327,262,50,41
327,261,51,42
327,262,51,41
328,262,49,41
328,263,50,41
328,264,49,39
328,262,50,41
328,263,49,40
329,263,48,41
329,263,48,41
328,263,49,42
328,262,49,41
329,262,50,40
327,264,48,40
328,263,50,39
328,263,49,40
329,263,49,41
328,262,49,42
328,263,48,42
328,262,50,41
327,262,51,42
328,262,50,41
327,262,49,41
328,263,49,41
328,263,50,41
328,262,50,40
328,263,49,40
327,263,50,42
329,261,49,42
328,262,50,42
326,263,52,42
328,262,50,41
327,263,51,40
326,262,52,42
324,264,52,40
326,263,52,39
327,262,49,41
326,262,51,43
325,262,54,42
326,262,53,42
325,262,50,44
328,262,50,42
326,262,51,43
326,263,51,41
327,261,52,44
326,262,51,43
326,262,51,43
327,262,50,43
327,262,51,43
327,262,51,42
326,262,52,43
327,262,50,44
327,263,50,42
325,263,52,41
326,263,51,41
325,262,54,42
327,262,51,44
326,263,51,41
326,262,53,42
325,262,52,43
326,262,52,45
327,263,50,41
327,263,49,41
326,262,51,42
325,263,53,42
326,263,52,41
326,262,51,42
327,262,50,41
327,263,51,42
326,262,53,43
325,262,52,42
327,262,50,43
326,262,52,43
327,263,51,41
327,263,51,42
326,263,51,41
326,263,53,42
327,262,51,43
326,262,51,43
328,263,50,41
328,262,50,43
326,263,51,41
327,262,50,42
327,262,51,42
327,262,50,43
327,262,50,43
327,262,51,42
328,262,50,42
327,262,51,41
326,263,52,41
326,263,52,42
327,262,51,43
326,262,52,44
326,263,53,41
326,262,51,43
327,263,52,41
327,263,51,41
326,262,53,43
327,262,50,44
328,262,49,42
325,263,53,41
326,262,51,42
327,262,51,42
325,262,53,43
326,262,51,42
326,262,52,44
326,263,52,41
327,262,50,44
326,263,52,42
327,262,51,43
327,262,50,44
327,263,52,41
327,263,50,41
325,263,51,41
325,263,53,42
327,262,51,42
326,263,51,42
325,262,53,43
327,262,52,43
326,262,51,42
326,263,51,42
326,262,51,43
327,262,51,43
328,262,50,43
327,262,52,42
326,262,51,42
327,262,49,42
328,262,50,42
326,262,51,43
325,262,53,42
327,262,51,43
325,262,52,42
326,261,52,44
326,262,52,44
326,262,51,42
327,262,51,44
327,262,51,42
325,263,52,42
327,263,51,41
326,262,52,42
326,262,51,43
326,263,52,40
327,263,52,41
326,262,52,42
327,261,50,44
328,263,50,41
327,261,52,44
328,262,51,43
328,262,50,43
327,262,52,43
325,262,52,43
327,262,51,42
326,263,52,41
327,263,50,41
327,262,50,43
326,262,52,43
327,263,50,41
327,262,51,42
327,262,51,42
327,262,50,43
326,263,52,42
327,263,52,42
326,262,52,43
327,262,50,43
326,262,52,43
326,262,51,42
326,262,52,42
326,263,53,41
327,263,50,42
328,262,51,42
326,262,52,42
326,262,50,43
326,262,51,44
327,262,50,43
328,263,50,41
326,263,51,40
326,262,51,42
327,262,51,43
327,262,51,44
327,262,51,42
327,262,50,43
326,262,52,42
326,262,53,44
326,262,51,43
328,262,50,42
325,262,52,42
326,261,52,44
327,262,51,42
327,262,51,42
327,262,51,42
327,262,50,43
327,263,51,40
326,262,51,42
327,263,50,42
327,262,51,44
326,263,51,40
327,262,50,43
327,262,51,43
326,262,51,42
326,261,51,45
327,262,51,42
328,262,50,43
326,262,51,43
326,263,51,41
327,263,50,41
326,262,53,43
327,262,51,43
326,263,51,41
326,263,51,41
326,262,52,42
326,262,52,41
326,262,53,44
327,262,50,42
327,262,51,42
327,262,50,42
326,263,52,41
326,263,53,41
327,262,51,42
326,262,51,43
326,262,52,44
325,263,53,41
327,263,51,40
326,262,53,42
324,263,54,41
327,262,52,41
326,262,52,43
327,262,51,42
326,262,51,45
328,263,50,41
327,262,52,42
327,262,51,44
326,263,51,41
326,262,52,43
325,262,53,43
326,262,51,42
327,263,51,41
326,262,51,43
326,262,51,42
326,263,52,41
326,263,51,40
325,262,54,43
327,262,50,42
326,262,51,42
326,262,52,42
325,262,53,43
327,262,51,42
326,263,52,42
324,262,54,43
327,261,51,43
325,262,53,42
325,262,55,43
327,262,50,41
327,263,50,40
326,262,51,42
326,262,52,42
327,263,50,40
325,262,53,44
326,262,53,41
326,262,52,41
326,262,51,41
327,262,51,43
325,263,52,42
327,262,52,42
326,262,51,42
326,262,51,42
327,263,50,39
326,262,51,42
326,262,52,43
327,262,51,43
326,262,51,42
326,263,52,41
326,263,50,41
327,263,51,41
326,262,52,43
327,263,50,40
327,263,51,41
325,262,53,42
326,263,53,41
326,262,51,43
327,262,50,42
327,262,50,42
326,262,51,42
326,263,51,41
327,263,50,42
327,263,51,42
326,263,52,42
326,263,51,42
326,262,52,42
325,262,52,43
325,262,53,43
326,262,52,42
326,262,51,42
327,263,50,41
327,263,50,42
327,263,51,41
327,263,51,41
325,262,53,41
325,262,53,42
325,263,53,41
326,263,52,41
327,263,50,41
325,263,52,42
326,262,51,43
327,262,51,42
326,262,51,42
326,262,51,42
328,262,50,41
326,262,52,41
327,263,51,42
327,262,50,43
328,262,48,43
326,262,51,41
326,262,50,43
327,262,51,40
326,263,51,40
328,262,51,42
327,262,49,42
327,262,50,41
326,263,51,41
326,264,52,40
327,262,51,41
326,262,51,40
327,262,50,42
327,262,50,42
326,262,52,43
328,262,50,41
326,262,52,42
327,261,51,43
326,262,51,42
326,262,51,42
327,263,51,40
327,262,51,40
327,262,50,43
327,263,50,39
326,263,52,42
327,262,50,42
327,262,50,42
326,263,51,40
326,263,52,41
327,263,50,42
327,263,51,41
326,262,52,41
327,262,50,44
326,262,51,42
327,262,51,41
327,263,51,40
326,262,52,40
325,263,53,42
325,261,53,44
326,263,51,43
326,263,53,41
326,262,53,41
325,262,52,43
326,262,52,42
326,262,52,43
327,262,50,41
327,262,51,41
326,262,51,43
326,262,52,42
327,262,50,43
326,263,52,40
326,263,51,41
326,263,51,41
326,263,51,40
328,262,50,41
328,262,49,43
327,262,51,42
327,261,51,42
327,263,49,42
327,262,50,41
327,263,50,41
327,262,51,41
327,262,51,42
327,263,51,40
326,262,52,41
326,263,51,40
326,264,51,40
327,262,51,39
326,262,51,41
327,262,50,42
327,262,49,42
326,263,50,41
327,262,50,43
326,263,52,42
326,261,52,43
326,263,51,41
326,262,52,42
327,261,51,42
327,262,51,42
328,261,50,43
328,262,50,42
327,263,51,40
327,262,50,42
328,262,50,43
326,263,51,41
326,263,50,40
327,262,49,42
326,262,49,41
327,262,49,41
327,263,50,42
328,261,49,43
326,262,51,42
326,262,52,42
326,263,52,41
324,262,54,43
327,261,53,44
326,262,53,40
325,262,54,43
326,262,52,41
327,263,51,41
326,262,52,41
327,263,51,41
325,262,54,42
326,263,51,41
327,263,50,42
326,262,54,43
326,261,51,44
325,262,53,42
326,262,52,41
326,262,52,42
328,263,50,41
326,262,53,43
327,262,51,42
325,262,52,42
327,263,51,41
326,263,52,41
327,262,51,43
327,262,51,41
326,263,52,42
325,262,52,43
327,263,52,43
327,262,50,42
327,262,51,42
327,262,51,42
326,262,53,42
326,261,52,44
326,263,51,42
326,263,52,41
327,263,52,42
326,262,51,42
325,263,53,41
327,262,51,42
326,263,51,41
326,263,52,41
327,262,52,41
326,262,51,42
327,263,51,41
325,262,52,41
327,262,51,42
327,262,51,43
326,262,51,43
327,262,51,43
327,262,50,42
327,263,50,41
327,262,50,42
326,262,52,42
326,262,52,43
327,262,52,43
326,262,52,41
327,262,52,42
326,262,52,43
326,262,52,42
326,262,52,42
325,263,53,42
327,263,51,41
325,263,54,42
325,262,52,43
326,262,51,43
326,262,52,44
327,263,52,41
327,263,51,42
327,262,50,42
326,262,51,42
327,262,51,42
326,262,53,42
327,262,51,43
327,263,50,42
327,262,52,42
327,262,51,44
326,262,52,43
327,262,50,42
328,263,50,41
327,262,50,41
328,262,50,43
326,262,52,44
327,263,52,42
326,262,51,42
327,263,50,41
325,262,52,42
327,262,52,40
325,263,52,42
327,263,51,42
326,263,52,41
327,263,50,41
326,262,51,42
328,262,50,42
327,262,51,42
326,263,53,39
326,262,52,41
326,262,52,43
325,261,52,44
327,262,51,44
326,262,53,42
327,263,51,42
326,262,52,42
327,263,52,41
326,262,52,42
327,262,50,41
325,262,54,43
326,262,52,42
326,262,53,43
326,262,51,41
327,262,51,44
328,263,50,41
326,262,52,42
326,262,51,43
327,262,51,41
326,263,51,40
326,262,52,42
326,262,52,42
325,262,52,43
328,263,50,41
326,262,52,42
326,262,50,43
327,263,51,41
327,262,51,41
327,262,51,41
326,262,52,42
327,263,51,41
326,263,51,41
327,261,51,45
325,263,53,41
327,263,51,40
325,262,53,42
327,263,51,42
326,263,51,42
327,263,51,42
326,262,52,43
327,262,51,43
327,263,51,41
327,262,51,43
327,262,51,43
326,263,53,40
326,262,52,41
327,263,50,42
328,262,50,42
327,262,51,44
327,262,51,42
327,263,51,40
326,262,52,42
328,262,50,42
326,262,51,42
328,263,50,42
326,262,52,43
328,263,50,42
327,262,51,43
326,262,52,42
327,262,52,43
326,262,53,42
326,262,53,42
326,262,52,42
327,262,51,42
325,263,52,43
327,263,50,41
327,262,51,41
325,263,53,42
327,263,50,41
327,262,51,41
326,263,52,41
326,262,52,41
326,263,53,41
324,262,53,43
328,262,51,42
326,262,52,42
326,263,52,42
327,262,50,42
325,262,52,43
327,262,51,43
326,263,51,41
326,262,52,44
326,262,52,41
326,262,53,43
326,262,51,43
326,262,52,44
326,262,51,43
326,262,51,43
326,262,51,41
326,262,52,43
326,262,50,43
325,262,53,43
326,263,51,42
327,262,51,43
326,263,51,41
326,262,50,42
327,262,50,44
326,262,51,43
326,262,52,44
327,262,51,43
327,262,51,43
326,263,50,40
326,262,52,41
326,264,52,41
326,262,51,43
326,262,52,43
326,262,51,43
327,262,51,43
327,263,51,41
326,262,51,43
325,262,52,45
325,262,54,43
326,262,52,42
326,262,52,44
326,262,52,42
326,262,52,41
327,262,51,41
326,262,53,42
326,262,52,42
328,263,51,42
325,262,52,42
327,262,51,42
327,263,51,41
326,262,51,42
325,263,52,42
326,262,52,42
327,262,51,43
326,263,52,42
326,262,53,43
326,262,51,43
327,262,53,42
324,262,53,43
328,261,50,44
326,262,51,42
326,262,51,41
327,263,51,41
325,262,53,44
327,262,50,43
327,262,50,44
328,262,50,43
327,262,51,43
326,262,52,43
325,262,53,43
327,262,51,44
325,262,53,44
326,262,52,42
326,263,52,42
326,263,51,41
326,262,52,42
326,262,52,41
326,262,52,42
326,262,52,42
326,262,52,43
326,262,52,42
327,262,51,42
326,263,52,41
327,263,50,40
326,262,52,41
326,263,51,40
325,262,52,42
326,263,51,40
328,263,50,39
327,262,50,40
326,263,52,41
327,262,51,40
