369,261,48,41
368,262,46,37
366,262,47,38
364,262,48,38
361,261,50,37
356,259,49,40
350,256,49,43
344,252,49,49
343,247,40,50
343,247,40,50
337,239,36,39
333,230,42,37
328,220,45,40
323,204,50,50
323,204,52,48
325,202,53,46
330,203,51,44
337,204,47,42
342,203,48,41
344,190,49,51
345,187,53,51
347,183,53,54
349,182,51,52
350,182,48,53
351,185,44,54
353,191,45,51
354,196,48,53
357,204,49,51
360,209,49,49
360,213,51,53
361,220,54,52
369,226,50,54
370,231,52,53
378,235,48,51
379,239,49,47
380,240,51,49
382,241,50,49
380,241,51,51
377,244,57,50
382,247,53,49
386,251,48,42
387,250,49,45
386,252,49,42
386,252,50,43
384,250,51,45
385,253,52,44
386,252,49,42
386,254,52,43
388,252,48,46
390,257,46,41
391,257,46,42
394,260,47,39
395,258,47,43
394,262,46,39
396,260,46,38
395,262,46,38
396,260,47,39
394,262,47,39
396,262,46,37
394,262,46,39
391,260,46,40
389,260,47,40
387,261,45,38
384,252,45,41
381,235,49,50
385,223,51,53
389,212,52,54
395,200,52,50
402,190,55,52
407,180,56,50
411,172,54,49
412,165,56,49
415,165,54,44
419,160,48,44
419,157,44,45
417,154,44,45
415,151,47,44
414,147,49,46
412,146,50,47
411,145,50,47
411,145,49,47
405,146,52,49
403,149,52,46
396,150,56,48
388,151,59,50
382,152,59,50
374,152,61,49
371,154,54,48
365,153,52,47
357,153,53,48
348,153,56,48
345,154,53,48
342,154,52,51
340,156,53,48
339,159,56,47
341,161,54,46
342,162,55,47
343,162,56,48
350,163,52,49
357,164,50,49
367,166,52,42
377,165,46,43
387,167,52,48
397,168,54,50
415,172,54,51
427,185,57,49
442,192,60,51
471,199,59,48
488,204,61,46
517,204,65,48
540,199,63,45
544,198,65,45
564,194,64,44
567,194,63,45
588,192,50,37
611,188,43,38
611,188,43,38
611,188,43,38
611,188,43,38
611,188,43,38
611,188,43,38
611,188,43,38
611,188,43,38
611,188,43,38
611,188,43,38
611,188,43,38
611,188,43,38
611,188,43,38
611,188,43,38
611,188,43,38
611,188,43,38
611,188,43,38
617,193,39,44
600,198,42,43
571,201,58,42
536,200,64,45
514,198,56,46
481,193,64,49
450,188,61,48
432,184,53,43
409,176,54,42
382,166,60,45
368,161,54,42
355,156,48,42
339,150,52,44
328,143,53,49
321,141,49,45
321,141,48,44
319,137,53,47
321,139,53,48
327,139,53,48
333,138,55,52
347,140,52,49
361,142,52,47
379,146,48,44
400,149,49,42
418,152,51,41
432,152,59,46
449,153,66,50
470,158,67,46
488,157,72,51
510,160,71,50
533,159,72,53
556,161,66,49
577,160,59,50
595,159,45,52
605,164,36,48
615,169,33,43
621,169,29,37
621,169,29,37
621,169,29,37
621,169,29,37
621,169,29,37
621,169,29,37
621,169,29,37
614,190,27,45
608,189,31,52
601,192,35,53
586,198,48,49
566,208,55,44
537,213,63,47
514,216,71,49
494,220,73,51
474,225,74,53
453,224,78,53
435,229,77,53
422,233,69,50
410,236,57,45
394,236,59,48
379,237,59,50
367,236,57,52
358,238,57,53
353,237,52,50
345,240,49,47
340,242,49,47
337,242,48,47
335,238,48,51
331,238,54,50
333,236,54,49
335,239,53,44
340,236,50,45
345,237,49,45
353,235,45,46
362,233,50,46
374,231,45,44
383,230,47,43
391,229,52,45
402,230,56,43
410,231,60,44
423,233,59,40
435,230,58,45
449,229,59,43
460,229,62,49
473,229,57,50
489,228,54,49
499,228,56,47
504,226,63,47
509,226,66,45
513,225,70,48
517,221,73,52
518,220,76,56
521,219,72,55
524,220,67,52
525,225,60,48
523,227,56,47
520,231,52,45
512,234,54,46
503,235,55,47
496,235,55,47
482,234,62,47
471,235,63,46
465,234,58,45
454,233,58,45
453,235,58,45
443,235,63,46
442,236,60,46
435,237,60,47
429,235,56,48
424,235,52,49
421,233,47,48
416,232,43,46
413,230,41,45
410,227,42,44
408,225,44,44
401,221,51,47
396,221,55,46
394,220,57,43
394,217,59,48
397,217,57,48
400,217,56,46
406,217,53,46
412,217,50,46
422,218,48,48
433,219,47,50
439,225,49,48
443,228,55,47
452,235,60,45
459,239,61,45
469,243,62,46
476,246,67,46
485,244,66,53
492,244,66,52
502,246,61,48
511,246,54,43
519,242,53,45
517,239,61,47
516,235,66,52
513,234,70,52
513,232,72,52
512,231,67,48
512,233,63,47
510,231,60,44
505,229,60,44
498,226,59,44
497,226,51,41
493,222,46,43
490,217,41,42
481,214,47,41
472,212,50,38
468,207,51,40
465,206,50,38
461,203,51,41
458,201,52,42
454,199,52,44
451,199,54,44
451,201,52,43
454,201,47,40
457,199,41,40
460,200,38,39
463,199,39,41
464,198,43,44
464,199,45,39
464,199,51,41
467,203,52,37
469,203,51,40
473,205,53,39
476,207,52,41
480,208,54,41
485,209,51,41
491,209,47,44
495,209,47,47
501,212,45,46
504,213,48,47
504,212,55,48
503,212,60,51
501,208,66,56
499,204,69,62
499,200,71,64
496,199,72,59
495,199,68,59
493,197,64,59
488,196,63,59
485,193,59,60
479,192,57,59
477,188,53,58
470,189,55,54
466,187,51,51
457,185,55,46
451,179,57,47
446,175,57,43
443,172,53,37
441,165,51,38
438,161,50,36
437,157,46,36
435,155,45,35
434,157,41,31
434,157,37,33
433,156,33,34
429,155,33,34
427,156,32,34
422,157,34,33
417,156,35,33
413,159,36,31
408,159,36,31
403,160,35,33
397,160,36,33
394,161,37,33
392,162,34,34
388,162,31,33
388,162,31,33
388,162,31,33
388,162,31,33
388,162,31,33
388,162,31,33
388,162,31,33
388,162,31,33
388,162,31,33
388,162,31,33
388,162,31,33
366,139,27,36
365,135,29,37
362,134,34,34
364,134,36,35
369,128,37,38
368,127,42,40
372,124,43,40
372,123,45,41
377,120,49,39
385,113,47,40
392,104,54,44
401,99,58,45
412,96,59,43
424,92,57,42
439,85,55,48
450,79,55,53
459,74,59,58
470,73,58,60
480,77,64,58
491,84,70,57
501,89,73,58
510,91,75,60
517,88,70,64
524,83,63,64
524,77,62,65
520,72,66,65
514,75,72,60
511,75,69,60
505,77,66,61
502,80,63,58
496,85,59,58
485,90,54,52
472,96,55,51
460,108,54,47
448,111,59,45
438,116,57,45
428,120,56,44
421,127,51,44
414,133,44,38
404,135,46,37
396,137,46,35
388,139,46,34
384,140,44,32
381,142,41,32
380,142,34,28
377,141,31,31
374,141,32,29
372,140,35,28
371,137,38,31
369,135,41,32
374,133,40,31
375,132,38,30
380,134,35,28
385,133,32,34
387,134,36,37
391,137,39,39
394,140,47,41
401,144,49,40
409,147,50,38
418,147,51,40
428,144,54,44
440,139,56,48
455,136,52,47
465,130,51,47
476,123,55,50
484,110,66,58
493,101,75,57
505,86,79,63
516,77,76,63
525,70,75,62
533,62,74,66
540,55,73,70
541,53,75,73
537,53,75,76
535,61,79,75
527,70,87,74
524,79,88,71
517,84,83,70
509,87,79,71
496,93,70,65
483,102,64,60
470,108,60,58
455,112,64,58
443,120,62,53
434,124,57,52
423,129,58,46
413,132,53,41
407,137,45,39
400,137,47,34
392,139,49,35
385,140,49,33
382,139,46,33
380,138,43,35
378,136,40,38
378,136,36,37
375,136,37,36
373,136,38,34
372,137,40,34
373,136,40,34
377,136,38,37
379,136,36,36
382,139,34,36
385,141,33,35
388,144,34,34
390,145,39,34
394,149,41,33
398,149,45,35
404,150,45,36
410,150,49,38
417,147,53,40
425,143,56,44
438,139,55,49
450,131,50,51
456,125,55,51
460,112,63,61
470,104,71,64
479,92,78,70
485,81,80,74
489,75,81,69
495,68,83,73
506,64,74,76
507,63,70,72
505,59,69,78
498,59,77,84
489,66,81,82
483,74,78,80
478,87,77,70
477,88,76,70
470,94,75,74
468,98,72,66
463,105,66,66
449,117,60,59
437,131,61,51
426,142,61,47
419,147,57,43
412,152,53,40
407,153,51,37
403,152,44,36
400,148,39,37
397,145,34,36
390,141,39,37
387,138,40,37
384,135,39,36
383,134,38,32
382,132,38,31
382,130,35,32
384,130,31,34
383,134,30,32
381,136,32,31
383,140,33,29
382,142,38,29
384,144,40,30
386,146,40,31
390,147,41,30
396,148,38,34
403,149,37,37
410,147,36,40
415,147,38,39
419,149,43,37
425,147,48,40
431,145,54,44
437,141,60,48
447,139,60,49
455,134,61,53
465,132,59,53
477,132,50,49
482,127,50,55
483,124,54,55
482,119,59,59
478,118,66,56
473,117,70,58
468,118,71,55
462,119,71,56
452,118,76,59
446,121,66,60
433,127,61,55
417,132,64,53
400,139,66,54
383,139,70,55
371,144,67,54
356,147,64,52
345,153,55,46
336,151,45,46
320,150,46,43
307,148,46,46
295,146,47,42
285,136,49,44
277,128,51,45
272,119,50,48
269,109,46,50
262,98,47,52
259,91,47,51
257,84,51,48
260,80,48,46
261,74,47,47
262,73,50,46
263,74,50,48
272,76,50,50
282,81,48,46
293,84,42,43
302,92,44,38
317,98,48,38
332,104,47,40
357,107,44,42
374,108,45,41
392,108,49,40
411,108,53,41
433,106,59,44
458,104,56,41
483,103,49,38
502,105,47,38
520,102,57,38
541,102,58,39
557,102,59,39
577,100,54,39
594,99,44,42
603,98,40,41
609,97,35,44
615,103,30,38
622,104,23,38
622,104,23,38
622,113,29,41
617,120,28,39
612,124,28,38
607,129,32,43
594,136,41,42
576,137,51,49
557,146,65,49
541,153,62,47
515,156,62,49
488,161,63,48
463,165,70,47
440,166,64,47
419,165,60,47
393,163,59,49
361,163,71,49
344,158,72,46
331,152,61,46
312,146,60,46
297,140,58,48
284,131,57,50
279,130,52,46
274,127,50,47
267,126,45,47
264,126,48,46
262,126,47,47
264,128,47,49
265,130,50,52
267,129,48,53
270,132,52,52
270,131,52,51
281,132,54,54
288,135,56,53
298,142,65,48
312,142,61,49
331,147,59,47
347,150,63,46
376,152,55,46
397,155,52,43
420,155,51,41
439,156,54,41
457,154,57,44
478,156,60,39
498,155,65,40
516,152,65,41
533,151,64,42
550,149,64,42
564,145,64,45
577,143,58,48
584,138,53,52
592,135,46,55
593,135,44,55
590,138,47,54
585,141,53,53
579,145,58,55
569,149,65,57
558,156,69,55
549,162,61,53
528,167,63,52
505,173,65,49
482,174,62,44
457,172,63,46
431,168,68,46
408,162,62,44
385,150,57,47
371,139,48,48
344,125,51,50
319,115,58,59
303,102,52,52
283,93,49,48
269,87,47,49
256,78,52,51
245,76,49,50
237,72,47,48
231,71,45,49
222,74,45,46
219,75,45,48
216,82,46,47
215,88,47,47
217,98,44,41
219,108,46,38
226,120,41,43
226,120,41,43
226,120,41,43
226,120,41,43
226,120,41,43
226,120,41,43
226,120,41,43
226,120,41,43
226,120,41,43
226,120,41,43
226,120,41,43
226,120,41,43
226,120,41,43
226,120,41,43
226,120,41,43
226,120,41,43
226,120,41,43
226,120,41,43
226,120,41,43
226,120,41,43
226,120,41,43
226,120,41,43
226,120,41,43
226,120,41,43
226,120,41,43
226,120,41,43
226,120,41,43
226,120,41,43
226,120,41,43
226,120,41,43
226,120,41,43
226,120,41,43
226,120,41,43
226,120,41,43
226,120,41,43
226,120,41,43
226,120,41,43
226,120,41,43
226,120,41,43
226,120,41,43
319,32,40,42
303,30,49,47
281,35,50,50
264,42,51,48
252,50,48,46
241,58,51,47
237,66,50,45
235,74,47,44
234,83,44,41
236,92,42,38
242,99,37,37
248,105,32,35
255,111,31,33
263,116,31,29
270,119,31,27
279,123,28,23
279,123,28,23
279,123,28,23
279,123,28,23
279,123,28,23
279,123,28,23
279,123,28,23
279,123,28,23
279,123,28,23
279,123,28,23
279,123,28,23
279,123,28,23
279,123,28,23
279,123,28,23
279,123,28,23
279,123,28,23
279,123,28,23
279,123,28,23
279,123,28,23
279,123,28,23
279,123,28,23
279,123,28,23
279,123,28,23
279,123,28,23
279,123,28,23
279,123,28,23
279,123,28,23
279,123,28,23
279,123,28,23
335,98,27,30
332,95,33,36
312,84,39,41
295,80,45,44
281,79,45,42
270,78,45,41
262,78,45,40
257,79,45,39
252,79,46,41
251,83,46,41
251,87,44,43
254,92,40,39
259,97,37,40
265,101,35,39
273,106,32,35
280,111,31,30
280,111,31,30
280,111,31,30
280,111,31,30
280,111,31,30
280,111,31,30
280,111,31,30
280,111,31,30
280,111,31,30
280,111,31,30
280,111,31,30
280,111,31,30
280,111,31,30
280,111,31,30
280,111,31,30
280,111,31,30
280,111,31,30
280,111,31,30
280,111,31,30
280,111,31,30
280,111,31,30
280,111,31,30
280,111,31,30
280,111,31,30
280,111,31,30
280,111,31,30
280,111,31,30
280,111,31,30
280,111,31,30
280,111,31,30
280,111,31,30
280,111,31,30
280,111,31,30
280,111,31,30
280,111,31,30
355,101,24,35
358,101,31,36
357,96,36,43
356,93,38,45
354,91,41,49
353,93,45,46
353,95,46,47
356,98,45,45
360,100,39,43
364,101,36,42
366,101,37,40
366,100,38,39
368,96,37,37
369,94,35,34
371,91,30,34
370,87,33,32
369,86,36,30
369,84,36,29
369,82,35,29
372,82,32,29
373,83,29,30
371,83,32,28
371,85,33,28
371,86,35,31
371,88,34,30
373,92,31,28
373,94,33,27
372,95,35,27
371,95,36,28
373,96,34,27
375,94,32,29
378,94,32,30
378,94,36,31
378,93,37,33
380,94,36,33
384,96,35,33
388,97,34,34
387,96,41,38
389,97,44,37
393,98,45,38
398,101,41,38
406,103,40,37
407,104,46,41
409,106,50,42
412,108,51,45
420,112,44,48
425,116,46,50
423,120,51,52
421,123,55,54
422,128,54,51
424,131,47,51
422,134,48,52
418,140,51,52
412,143,53,51
409,146,52,51
405,149,48,47
403,152,47,46
399,154,45,44
400,156,43,43
391,158,48,41
390,159,47,41
381,159,49,37
377,159,47,36
374,159,42,35
370,159,37,34
365,156,37,34
358,153,41,37
353,152,42,39
350,152,40,39
346,152,36,37
346,152,33,35
343,151,35,33
343,149,36,35
341,145,37,35
341,140,37,35
342,135,38,36
345,131,35,35
352,128,32,37
356,126,37,35
359,125,38,32
362,123,41,32
365,122,45,33
371,118,44,35
377,115,44,36
385,110,43,42
394,107,43,43
404,103,44,40
409,97,49,42
415,90,55,45
422,84,56,47
426,76,61,50
435,69,62,53
442,65,59,51
450,61,55,50
456,54,57,56
462,53,57,57
462,52,63,61
460,53,66,60
454,56,71,61
449,58,68,63
445,64,65,61
438,70,63,61
429,77,58,63
417,86,58,63
406,98,54,57
390,111,56,55
372,120,58,50
359,127,57,53
342,130,58,54
326,136,62,52
315,142,54,45
306,144,52,42
300,141,45,43
300,138,45,41
301,132,44,44
305,126,39,44
309,118,38,45
312,105,41,51
317,86,48,52
331,83,60,58
346,74,58,57
363,60,55,47
379,50,55,43
395,42,56,44
409,37,56,42
425,33,56,45
440,35,57,43
455,34,55,42
469,38,55,39
484,42,53,35
498,43,52,36
508,45,55,40
518,47,57,44
528,48,57,48
535,53,58,48
543,56,56,48
546,61,58,50
551,68,59,48
550,72,58,51
546,77,61,53
541,82,63,51
530,86,63,51
518,88,67,53
504,91,66,47
487,88,65,49
469,86,65,49
449,83,64,52
428,80,65,52
409,75,64,53
389,70,64,55
370,66,63,53
356,63,59,53
339,60,62,52
329,59,55,51
316,59,54,50
310,58,49,48
304,57,50,52
300,60,49,50
300,61,48,49
302,63,47,45
307,65,44,43
312,65,46,43
320,66,46,44
330,66,48,47
342,70,46,45
353,77,47,42
368,84,44,40
380,92,45,35
394,97,48,37
407,103,51,38
423,109,49,39
437,113,52,40
453,117,51,39
467,121,52,36
481,122,50,35
494,123,51,37
504,122,52,39
514,121,53,40
521,119,55,45
523,121,57,43
530,119,53,45
530,121,53,44
534,122,55,41
539,122,54,40
539,120,54,43
536,120,52,44
533,122,54,44
525,121,55,44
514,119,57,45
505,123,56,45
491,123,55,41
478,125,54,42
462,123,57,42
444,123,58,42
426,125,57,41
410,124,52,39
394,123,47,40
378,126,42,38
360,127,44,37
346,126,45,36
328,129,45,32
316,127,43,32
306,128,40,32
293,128,41,31
283,128,41,33
275,129,40,34
270,130,39,33
266,131,37,36
265,131,38,34
266,130,38,33
266,129,38,32
267,130,38,31
270,130,39,33
273,132,40,32
278,134,37,32
286,135,39,33
296,138,40,31
307,140,38,30
319,143,38,31
333,143,38,32
347,143,39,34
362,146,43,33
377,146,45,37
392,148,48,39
408,149,51,40
425,148,53,44
443,146,55,48
461,144,54,49
473,146,57,51
487,146,59,51
500,147,61,54
511,149,61,55
517,151,66,59
522,156,68,59
526,163,66,57
528,172,65,57
527,183,63,53
521,192,63,51
514,200,63,53
503,209,67,51
492,216,67,49
480,222,65,44
464,223,67,45
449,226,64,45
436,230,59,43
422,237,58,44
412,246,52,44
396,256,50,45
385,262,48,39
377,258,49,40
371,260,47,40
368,259,48,40
367,259,44,39
370,260,36,37
366,260,36,37
363,259,37,37
362,260,37,37
361,260,37,35
360,260,38,37
361,260,38,36
361,260,36,36
360,260,39,36
361,260,39,37
361,259,37,37
361,260,39,37
361,260,38,37
361,260,36,36
361,259,37,37
361,260,37,37
361,260,39,35
361,260,39,36
361,259,37,38
361,259,40,36
361,260,39,37
361,259,38,38
361,260,38,37
361,259,38,39
361,259,39,39
361,259,38,39
361,260,38,38
361,260,38,37
362,259,37,38
362,260,36,36
362,259,37,38
361,259,37,38
361,259,36,38
361,259,35,38
361,259,38,37
361,259,36,38
361,260,38,37
362,259,35,38
361,259,35,37
362,260,37,37
365,262,34,36
303,228,33,39
311,230,39,45
318,235,41,43
324,240,42,46
330,243,43,51
333,252,46,49
333,253,49,52
333,253,48,51
333,253,50,50
332,253,50,50
331,252,51,50
328,251,54,53
326,250,55,53
326,249,56,55
325,248,55,56
323,248,55,56
322,249,56,53
320,248,55,57
321,249,54,53
321,247,52,58
323,249,50,56
325,248,48,58
325,252,46,50
326,253,44,44
327,256,43,46
327,258,42,43
326,260,43,44
323,261,40,44
323,261,38,42
323,261,39,42
361,264,33,36
366,264,27,36
368,265,26,34
369,267,23,32
329,267,30,33
327,264,34,38
325,262,36,41
325,261,36,44
365,264,33,39
362,267,32,36
324,262,32,39
327,261,40,42
322,260,49,44
322,260,51,43
322,261,50,43
321,261,51,43
321,261,51,43
323,260,49,43
322,261,50,44
321,262,51,43
322,261,50,41
323,261,49,42
322,262,51,42
322,262,49,42
323,262,48,41
323,261,49,41
322,262,50,43
323,261,50,42
323,260,49,43
323,261,48,43
322,262,49,40
322,261,49,41
323,261,48,41
323,261,48,43
322,261,49,41
323,260,48,41
322,263,51,41
322,261,50,42
323,260,47,42
323,262,49,42
323,261,50,43
323,261,48,42
323,261,48,43
323,261,47,41
323,260,48,43
322,261,50,42
323,259,46,42
372,255,40,36
373,253,40,37
376,252,38,36
377,252,38,35
379,249,45,37
382,249,45,38
385,249,45,35
388,247,45,38
389,245,47,40
394,242,45,40
394,241,49,41
398,240,49,42
402,238,47,42
404,237,47,42
405,237,48,40
408,236,47,40
409,234,48,40
413,232,44,40
415,231,44,39
414,227,46,40
415,223,45,41
417,219,42,38
418,216,40,37
415,215,42,35
416,212,40,36
411,210,44,36
410,207,43,39
408,205,44,38
406,204,41,36
404,203,41,37
400,201,41,37
397,199,39,35
393,197,39,34
390,194,39,35
385,192,39,35
381,192,38,35
375,190,39,34
370,191,39,34
368,194,36,33
361,193,39,36
356,196,40,36
352,197,39,37
347,198,41,38
342,199,41,37
338,200,42,38
334,201,41,39
333,205,39,39
328,211,40,38
326,218,40,39
324,222,40,41
325,227,37,42
325,228,38,42
323,227,42,46
320,224,47,56
319,228,51,67
322,228,49,70
323,230,48,72
328,233,47,70
330,234,48,69
329,230,54,69
330,228,57,74
336,225,54,57
337,226,54,48
336,223,59,44
337,219,60,45
340,214,60,46
340,212,62,46
343,212,58,49
344,210,56,48
343,208,56,46
343,206,55,44
343,204,53,42
343,203,52,41
346,203,44,42
345,201,42,44
344,201,40,46
343,202,39,45
344,207,35,43
341,210,38,42
336,211,43,44
329,217,48,40
324,221,49,41
321,222,52,39
318,225,51,38
318,226,50,38
316,225,51,39
316,226,48,38
317,226,50,38
315,226,49,37
317,227,50,38
317,226,51,39
319,226,51,38
318,225,53,38
319,224,52,40
317,225,52,39
318,226,53,39
316,225,54,40
316,226,51,39
317,226,52,39
318,226,51,38
318,227,52,36
316,227,53,37
318,226,52,37
318,226,52,36
319,226,52,36
319,224,55,38
321,222,53,40
324,220,52,40
325,218,53,43
330,216,51,42
334,211,50,43
334,209,53,40
338,208,51,41
341,210,49,39
344,210,50,42
344,214,54,46
345,217,55,49
349,224,50,44
347,229,55,38
353,232,50,35
356,232,48,38
358,230,46,39
358,226,47,41
358,224,48,41
360,221,46,37
359,217,45,37
359,214,44,36
357,211,45,35
357,210,43,37
355,209,42,40
348,209,47,42
347,211,45,42
349,212,41,41
346,217,41,38
346,219,38,37
345,220,37,39
343,220,35,38
340,218,36,39
336,215,38,40
332,215,38,40
333,217,36,36
327,218,38,37
323,223,40,36
321,227,38,35
320,226,39,36
318,225,40,38
316,225,40,36
314,226,39,35
315,227,38,35
313,228,39,34
313,228,38,33
314,228,39,34
313,227,40,34
314,222,41,40
315,217,42,43
314,208,44,49
316,205,42,47
318,203,43,46
319,204,45,43
319,206,46,40
320,208,47,42
320,214,50,39
322,218,48,42
322,221,50,43
324,222,49,44
323,227,54,37
326,227,54,38
328,228,53,38
331,227,48,40
330,227,48,38
330,227,48,40
330,227,50,39
330,229,47,36
331,227,47,39
330,228,47,39
332,227,46,38
330,228,48,38
331,227,48,39
332,227,46,39
330,227,48,40
329,228,50,39
329,227,51,41
329,228,50,38
329,228,50,38
331,227,47,40
331,227,47,40
331,228,48,37
330,228,48,38
330,229,48,36
330,227,49,41
331,227,48,42
330,227,48,39
329,227,51,40
328,227,52,41
332,229,48,37
330,228,48,38
331,228,48,37
332,228,47,39
330,227,49,39
331,228,48,37
330,228,48,39
330,228,49,39
331,228,47,38
330,228,47,37
331,228,48,38
331,228,48,39
330,227,47,40
331,227,50,40
331,227,47,41
330,228,50,39
329,228,49,38
329,227,50,40
332,227,48,42
329,228,49,38
330,228,49,37
330,228,48,39
332,227,48,40
330,228,49,38
330,228,49,37
329,228,48,37
331,228,47,38
331,228,47,37
331,228,48,37
331,228,49,37
331,228,47,37
330,228,49,38
330,228,48,38
331,229,50,36
329,227,48,39
330,228,48,38
330,227,49,39
329,227,50,39
330,228,50,39
329,228,48,37
332,227,47,38
330,228,49,38
331,228,47,37
331,229,49,36
328,229,50,37
329,228,48,38
331,227,48,40
327,228,52,39
329,228,51,38
329,227,47,37
332,226,47,39
330,226,48,38
330,224,50,40
331,225,49,40
332,224,47,39
332,224,47,36
333,220,48,37
336,216,49,40
336,212,47,40
338,209,46,41
341,206,46,40
344,202,46,40
346,201,44,40
350,198,43,40
350,197,45,41
352,195,46,40
354,194,45,42
356,194,46,43
362,194,41,38
364,193,42,39
366,194,42,41
368,196,42,40
373,198,39,41
377,202,36,38
379,203,35,39
381,205,36,40
385,205,34,38
387,206,33,37
389,205,34,36
391,204,33,37
392,203,34,38
392,204,35,38
392,205,36,39
392,207,36,39
390,209,38,39
389,211,38,37
386,212,40,38
383,213,41,39
379,212,42,40
376,214,42,39
372,217,43,37
367,216,45,39
365,218,44,37
360,217,46,36
353,212,49,39
347,209,50,37
348,206,46,38
345,206,43,38
345,209,42,38
340,209,44,39
338,210,43,41
333,213,45,41
328,221,45,37
326,225,44,38
322,229,43,35
317,234,43,32
313,238,44,32
308,242,42,32
308,242,42,32
308,242,42,32
308,242,42,32
308,242,42,32
308,242,42,32
308,242,42,32
308,242,42,32
308,242,42,32
308,242,42,32
308,242,42,32
308,242,42,32
308,242,42,32
308,242,42,32
308,242,42,32
308,242,42,32
308,242,42,32
308,242,42,32
308,242,42,32
308,242,42,32
308,242,42,32
308,242,42,32
308,242,42,32
308,242,42,32
308,242,42,32
308,242,42,32
308,242,42,32
308,242,42,32
308,242,42,32
308,242,42,32
308,242,42,32
308,242,42,32
308,242,42,32
308,242,42,32
308,242,42,32
308,242,42,32
297,257,46,43
296,257,50,46
295,257,53,47
293,257,66,52
292,257,76,49
345,209,69,45
348,209,66,43
345,209,69,47
291,257,79,50
290,256,82,50
291,258,79,48
293,257,77,46
291,257,78,47
291,258,77,47
291,257,79,48
291,258,80,45
288,258,82,47
288,257,83,47
291,256,81,49
291,258,77,47
292,258,80,44
290,257,79,48
290,257,80,48
292,258,79,46
290,258,80,46
291,258,80,46
292,257,78,46
291,259,77,44
290,259,79,45
292,258,77,48
292,258,79,46
296,256,74,46
299,258,72,48
300,257,73,47
306,258,69,47
312,261,63,44
312,257,64,46
318,259,59,46
322,260,56,46
333,259,43,46
335,259,39,45
335,260,42,46
334,260,49,44
334,260,57,43
334,261,63,46
334,261,71,46
334,262,74,43
331,264,79,39
332,264,78,40
331,265,79,40
331,264,74,40
333,264,84,41
332,265,83,39
332,266,82,38
331,265,81,39
331,264,78,40
328,265,79,39
331,265,92,38
330,264,92,40
331,263,94,42
331,262,93,42
329,260,96,43
330,258,99,45
328,253,102,51
344,246,94,47
358,244,89,48
361,241,69,46
376,240,54,46
384,237,43,46
383,236,42,45
383,235,42,46
381,232,46,46
378,233,54,47
377,233,59,47
378,232,58,48
381,232,57,49
381,233,54,46
383,231,54,47
386,231,51,46
385,231,53,46
388,231,49,44
392,229,44,45
391,227,47,44
390,225,52,43
391,223,54,43
393,221,52,42
394,217,55,42
397,212,55,42
398,207,53,43
401,205,48,39
404,201,45,39
408,198,40,39
408,194,40,39
406,192,41,39
403,190,45,37
400,186,47,39
399,183,49,38
398,181,51,36
396,179,51,37
397,176,47,38
397,175,41,36
398,176,39,34
395,176,37,35
391,175,40,40
387,178,43,37
386,178,45,36
384,176,45,37
383,174,47,37
380,171,48,40
381,169,45,40
381,167,43,41
382,168,40,42
384,167,36,40
382,164,38,41
380,163,41,43
379,160,46,44
378,160,47,43
377,160,50,43
379,161,49,40
377,162,51,40
377,161,50,40
379,162,47,38
384,161,39,36
386,157,35,36
387,153,36,34
384,147,40,36
382,141,43,37
381,135,46,37
380,132,46,37
381,130,45,35
379,128,42,33
380,125,43,32
380,120,41,33
379,119,36,31
378,115,34,33
376,112,34,33
371,108,37,35
367,105,39,36
364,105,41,36
360,107,42,34
359,108,41,36
356,108,42,38
354,111,42,40
353,114,40,38
352,118,36,34
352,119,32,34
352,121,30,34
349,122,32,35
347,125,34,35
344,129,39,35
345,134,37,33
344,139,39,34
345,143,38,34
346,150,37,34
346,155,36,35
347,163,35,32
350,170,29,31
350,177,29,30
349,182,32,29
351,188,29,24
349,195,35,21
349,195,35,21
349,195,35,21
349,195,35,21
349,195,35,21
349,195,35,21
349,195,35,21
349,195,35,21
349,195,35,21
349,195,35,21
349,195,35,21
349,195,35,21
349,195,35,21
349,195,35,21
349,195,35,21
349,195,35,21
349,195,35,21
349,195,35,21
349,195,35,21
349,195,35,21
349,195,35,21
349,195,35,21
349,195,35,21
349,195,35,21
349,195,35,21
349,195,35,21
349,195,35,21
349,195,35,21
349,195,35,21
349,195,35,21
349,195,35,21
349,195,35,21
349,195,35,21
349,195,35,21
349,195,35,21
349,195,35,21
349,195,35,21
349,195,35,21
349,195,35,21
364,198,35,16
365,195,37,18
367,191,39,23
368,186,41,27
370,180,42,31
372,176,41,32
374,173,42,32
377,169,40,32
379,166,41,31
380,162,43,32
381,159,44,33
381,157,46,34
383,154,44,35
384,152,41,34
384,150,42,34
386,149,42,33
383,147,41,34
381,143,41,35
379,139,43,36
376,136,44,39
374,134,44,39
370,133,45,38
367,134,44,36
366,133,43,35
363,133,43,35
357,134,45,37
353,135,47,40
348,138,49,40
344,142,49,42
341,147,48,38
339,151,48,37
338,156,46,37
334,159,48,38
335,160,48,42
336,162,51,44
336,166,51,40
338,167,48,39
341,170,48,38
347,171,47,36
350,168,49,39
356,167,48,38
363,164,45,38
369,161,44,36
374,159,46,36
381,156,44,36
389,154,40,35
393,151,41,37
399,149,40,37
406,148,39,37
409,147,39,38
411,146,40,39
415,146,38,37
416,145,38,38
417,145,38,38
417,144,36,38
415,143,35,39
413,141,34,39
409,141,34,40
405,142,34,39
402,143,33,38
397,143,33,37
393,144,34,37
386,145,34,38
381,145,34,36
377,145,33,38
373,147,32,37
369,148,32,38
363,150,34,36
359,154,33,35
357,156,32,35
354,159,34,34
351,163,34,33
350,165,36,35
348,168,37,36
349,173,35,35
351,179,32,30
351,183,35,28
353,186,35,24
355,187,35,24
358,188,34,23
361,188,35,25
367,190,31,25
369,191,31,27
371,192,32,31
373,194,32,30
374,195,34,32
378,197,32,33
380,197,32,35
382,197,33,33
384,194,33,34
384,189,36,36
385,184,37,37
386,176,37,41
386,171,40,43
386,167,40,42
385,163,42,44
384,160,43,44
382,156,45,47
380,154,48,49
378,153,48,50
376,155,49,50
372,156,53,50
370,157,54,49
369,158,51,48
368,157,50,45
367,157,49,42
365,156,51,46
364,157,50,43
362,157,51,44
360,158,53,43
362,160,51,40
362,164,48,37
362,169,46,37
360,171,46,36
362,175,47,37
360,177,46,37
360,183,48,38
359,190,47,39
359,196,46,39
360,203,43,34
358,206,42,33
357,207,41,31
358,206,41,32
358,207,41,30
357,205,43,33
358,206,42,32
357,206,42,32
358,206,41,32
357,206,42,33
358,206,41,32
358,206,40,32
357,206,41,31
358,206,41,32
358,206,42,31
358,206,42,32
357,206,43,31
359,206,42,32
358,206,42,32
357,206,43,34
358,206,44,33
358,206,42,32
358,206,42,32
358,207,41,32
359,206,41,32
359,206,41,32
358,206,43,31
358,207,42,31
358,206,42,32
357,206,42,32
358,206,43,32
358,206,43,32
358,206,42,32
358,205,43,33
360,205,41,33
359,204,43,33
358,202,46,34
358,199,47,35
361,196,46,37
364,195,46,38
366,193,44,34
369,192,43,31
373,190,41,32
375,187,42,33
377,183,40,36
381,181,40,35
382,179,41,34
385,177,39,36
387,176,38,37
388,176,38,35
390,174,36,36
391,174,34,37
390,174,35,38
391,175,33,39
390,173,32,39
389,174,33,39
388,174,33,37
386,174,34,35
383,169,36,37
380,164,36,38
374,159,39,40
370,155,40,40
369,152,38,40
363,150,40,39
358,149,43,39
356,148,43,38
353,144,41,41
350,143,45,39
347,140,45,41
346,137,42,41
345,134,41,41
342,132,42,38
344,131,43,38
343,129,42,38
343,128,44,40
343,126,42,40
344,125,41,41
345,125,45,41
347,125,41,38
348,125,44,36
352,125,42,36
352,125,42,37
355,124,44,39
359,123,44,40
362,122,44,39
365,123,42,37
368,122,42,36
371,121,42,38
375,121,41,37
377,119,41,37
379,120,41,39
378,118,43,41
380,119,42,41
379,119,41,42
381,117,37,44
379,116,37,42
377,113,39,44
372,110,41,46
368,111,42,43
362,109,43,47
358,111,42,45
353,115,39,42
348,118,39,40
340,123,42,39
336,126,41,39
331,131,41,35
328,131,39,34
325,130,40,32
324,130,39,31
323,130,41,32
322,128,42,31
326,127,41,29
326,126,42,30
329,125,42,31
333,122,41,33
339,121,41,33
339,121,41,32
343,120,42,31
345,120,41,30
349,119,43,31
356,118,42,31
362,115,41,34
366,112,45,36
371,108,48,38
375,102,50,41
382,94,48,40
386,85,49,43
390,78,49,45
393,71,48,46
394,62,48,49
393,52,48,53
393,45,45,52
390,43,43,49
387,40,41,51
381,41,43,52
376,43,42,50
369,47,42,50
364,54,39,47
359,57,39,43
352,57,41,43
350,57,36,41
344,59,38,40
338,62,40,41
333,69,41,39
330,81,40,38
328,94,41,41
328,102,45,41
334,101,46,39
344,102,47,40
357,106,43,43
368,115,42,44
377,127,43,40
387,134,47,36
398,131,48,40
408,122,51,44
415,114,52,46
426,110,53,43
433,107,54,39
439,101,52,39
441,94,55,48
438,86,65,54
435,78,65,56
430,71,62,55
420,64,63,56
407,60,63,55
392,57,67,59
379,59,63,58
367,60,63,60
354,67,60,54
341,72,60,52
332,79,58,49
327,83,55,47
321,85,53,46
318,90,49,44
313,95,51,41
314,100,48,38
316,103,43,38
316,108,46,38
320,108,46,39
325,108,44,38
331,108,43,38
337,113,42,37
346,115,38,37
352,119,39,34
359,122,41,35
367,120,43,35
378,120,40,36
387,121,39,36
399,118,37,34
408,113,40,39
418,107,41,41
425,98,44,45
430,87,48,52
434,76,51,52
439,67,52,57
441,62,55,55
443,63,58,56
443,66,62,62
443,81,67,68
445,103,63,65
441,113,65,55
430,117,64,61
424,131,59,52
414,138,60,62
400,149,63,58
388,154,66,55
382,153,62,52
376,159,53,47
368,164,51,44
362,166,50,47
357,168,47,43
354,168,43,35
349,166,44,34
348,161,39,35
347,155,39,38
345,149,40,40
344,143,40,41
344,141,41,36
344,139,38,34
346,136,35,33
346,134,38,31
346,130,42,33
346,126,43,36
346,124,45,37
348,119,44,41
351,121,42,36
353,118,41,33
354,111,41,38
356,106,41,38
358,100,44,42
359,95,45,44
361,91,45,46
365,89,45,51
368,87,42,53
372,88,39,54
372,86,45,55
372,84,47,59
371,85,50,61
370,86,51,61
371,87,51,61
372,91,51,61
370,89,52,60
368,95,53,55
369,101,52,51
368,107,51,49
365,112,52,50
362,118,51,49
362,124,49,48
361,132,46,42
358,139,47,35
355,144,42,31
353,147,40,30
352,150,39,30
346,152,42,32
342,156,40,32
340,161,37,29
338,163,34,28
334,167,33,27
331,167,33,29
328,170,34,27
325,171,34,28
323,173,32,27
322,175,30,26
319,178,32,28
317,181,31,27
315,181,33,29
314,182,31,29
316,183,29,29
319,181,27,29
321,180,26,30
323,179,28,29
325,175,29,30
328,171,29,29
332,166,28,30
334,160,31,32
339,154,31,35
340,148,34,36
342,144,34,34
345,141,34,32
348,138,35,33
351,134,33,32
353,131,34,30
353,128,32,31
354,124,34,30
353,122,31,29
352,118,32,29
351,116,31,27
349,113,31,26
348,111,29,25
345,110,29,24
342,108,31,26
339,106,31,25
334,105,31,25
332,103,29,24
329,102,28,24
327,101,26,22
324,100,26,23
320,99,26,23
317,97,25,23
316,95,24,25
315,94,24,26
314,94,25,27
315,93,26,28
316,91,26,29
320,92,26,30
323,91,28,28
329,91,30,30
336,91,31,29
342,89,35,33
350,90,36,32
360,90,39,32
369,92,39,32
380,93,41,32
390,95,39,31
401,96,39,31
411,98,39,30
420,99,38,30
430,99,35,30
436,100,36,30
442,99,35,33
447,100,33,32
448,99,35,33
449,101,34,32
448,101,32,32
447,102,31,31
443,103,31,32
437,105,31,32
430,108,31,31
423,111,30,31
413,115,30,27
404,119,28,25
393,121,29,26
383,123,27,25
371,125,29,24
357,125,31,25
347,124,29,24
333,122,30,25
326,115,28,27
316,109,31,27
309,103,30,29
304,98,31,30
300,94,29,30
297,93,30,30
296,91,31,30
297,91,31,32
296,92,34,33
302,94,33,33
309,98,33,33
314,100,35,32
324,103,34,29
333,104,37,28
344,104,37,28
354,104,36,26
364,103,36,26
372,101,39,28
382,100,37,28
389,98,35,28
394,97,37,27
397,95,36,29
397,95,38,31
399,95,37,32
399,95,38,31
399,96,37,32
397,98,36,32
394,101,34,29
390,105,35,29
382,108,34,27
373,112,34,28
363,114,33,31
354,120,32,28
342,124,32,29
330,127,31,28
317,127,34,29
306,128,33,29
296,126,33,29
285,123,34,31
277,118,33,30
271,114,34,32
266,110,33,32
262,106,33,32
259,100,34,34
256,96,33,35
259,93,31,34
261,91,33,31
263,86,33,34
265,84,35,33
271,83,36,33
279,82,34,34
287,83,34,33
295,82,34,32
306,79,34,34
317,77,35,34
327,74,37,37
338,69,39,38
348,66,42,39
357,62,45,41
367,58,46,44
377,55,48,44
384,52,51,47
392,52,51,45
397,51,52,49
404,52,50,50
408,55,50,49
409,59,50,51
409,62,52,53
407,67,52,53
403,76,53,50
397,84,54,51
392,92,54,50
386,97,57,52
379,106,57,50
369,116,60,46
361,121,59,49
353,129,57,47
347,140,56,44
337,148,58,45
329,157,59,48
323,165,58,48
316,173,58,46
311,179,59,45
307,185,58,46
304,190,59,47
305,193,55,49
306,198,54,50
308,203,54,45
312,208,55,47
317,212,53,45
321,215,56,44
330,216,54,41
337,218,53,46
344,223,51,49
349,228,57,53
353,229,62,58
360,234,57,68
370,239,53,64
379,241,44,66
384,252,41,58
386,255,47,54
388,257,46,47
391,259,44,46
391,258,44,47
387,256,49,47
384,254,51,49
383,253,49,47
378,252,52,48
374,250,55,52
370,250,52,50
364,253,55,45
361,254,55,43
358,252,55,47
356,249,59,53
353,246,61,52
355,243,58,53
355,241,58,52
355,238,60,52
352,236,64,52
354,230,62,46
356,222,59,45
359,214,56,45
355,207,60,46
359,202,60,44
358,197,58,44
357,195,55,43
360,193,54,43
357,193,53,42
357,194,55,40
355,196,54,42
354,197,56,46
353,200,54,48
352,204,55,48
354,211,49,45
353,218,48,45
354,222,43,46
352,226,43,46
349,227,45,48
348,228,42,49
350,228,41,52
348,228,45,56
341,229,56,61
340,232,60,62
342,232,63,64
340,232,65,64
339,234,70,60
344,235,68,55
349,235,67,55
352,236,65,50
356,236,61,48
360,235,57,43
363,233,57,43
365,230,57,48
365,226,59,48
362,223,62,48
363,221,60,47
362,221,58,46
360,223,54,43
359,223,56,44
356,222,57,44
354,222,57,44
350,219,57,50
346,218,57,53
343,221,55,51
341,223,52,45
336,223,52,42
333,223,52,42
330,221,52,43
328,223,51,41
325,224,53,39
325,224,52,41
326,227,50,36
324,227,51,38
324,227,52,38
325,227,52,38
324,227,53,39
324,227,53,39
323,228,53,37
324,228,51,37
324,226,54,40
324,226,51,39
323,227,53,37
325,226,51,40
323,228,53,36
321,227,54,38
326,227,52,37
323,227,53,38
325,227,52,40
324,227,52,39
323,227,53,38
324,227,53,38
323,227,54,38
325,227,51,37
323,227,52,38
326,227,52,38
322,227,54,37
325,226,52,39
325,222,53,41
325,214,55,44
327,204,55,49
328,199,55,48
330,194,53,42
331,187,53,40
336,177,52,42
338,175,47,38
340,168,48,40
339,166,51,40
339,160,49,41
340,157,48,36
340,151,44,38
339,147,44,40
340,144,44,39
338,144,43,37
338,148,42,36
337,151,41,33
337,149,41,36
335,149,42,34
335,152,41,33
335,152,40,30
336,154,38,32
335,155,38,34
337,156,37,36
336,157,37,34
335,158,37,36
339,161,33,34
338,164,33,32
335,167,36,32
334,170,37,35
335,176,35,36
333,180,38,38
334,186,37,39
332,194,39,37
335,199,36,38
334,201,35,36
333,201,35,36
332,202,35,35
332,203,35,35
332,202,35,36
332,202,35,37
332,203,35,35
332,202,37,35
332,203,36,35
332,203,35,34
333,203,35,34
331,202,36,36
333,202,35,36
332,202,36,35
332,202,36,35
333,201,37,36
335,199,37,38
339,196,34,39
343,195,32,36
346,191,30,35
348,186,31,35
350,183,31,32
351,178,32,30
354,174,33,30
353,166,37,35
355,161,35,35
354,158,38,35
355,155,38,34
356,153,38,31
354,152,40,31
354,153,42,33
351,157,42,33
351,159,41,32
351,164,43,33
350,165,43,33
350,172,42,33
351,178,43,33
352,181,43,33
354,184,42,32
355,185,44,34
358,186,44,32
362,186,45,33
366,187,44,30
371,184,44,33
376,181,45,35
381,180,44,34
387,179,42,35
392,180,42,33
397,183,39,29
400,184,40,33
403,186,40,32
407,186,39,31
410,187,37,32
414,187,34,30
415,188,32,32
413,189,35,33
412,190,37,35
409,191,38,37
407,194,38,35
406,198,36,34
402,204,37,35
399,210,36,32
395,215,36,29
389,219,37,26
382,223,39,20
377,225,39,18
373,227,38,18
369,228,37,16
369,228,37,16
369,228,37,16
369,228,37,16
369,228,37,16
369,228,37,16
369,228,37,16
369,228,37,16
369,228,37,16
369,228,37,16
369,228,37,16
369,228,37,16
369,228,37,16
369,228,37,16
369,228,37,16
369,228,37,16
369,228,37,16
369,228,37,16
369,228,37,16
369,228,37,16
369,228,37,16
369,228,37,16
369,228,37,16
369,228,37,16
369,228,37,16
369,228,37,16
369,228,37,16
369,228,37,16
369,228,37,16
369,228,37,16
369,228,37,16
369,228,37,16
369,228,37,16
369,228,37,16
369,228,37,16
369,228,37,16
369,228,37,16
369,228,37,16
369,228,37,16
369,228,37,16
413,278,35,20
412,272,29,19
415,267,26,23
417,265,29,28
419,260,32,31
421,257,34,34
423,257,35,36
429,255,34,36
431,253,37,38
435,252,40,38
441,254,40,37
445,255,43,38
449,256,42,37
453,257,42,37
455,261,46,36
460,264,47,34
464,268,46,34
468,274,46,34
469,279,49,36
472,284,47,38
473,292,45,31
475,301,45,26
475,301,45,26
475,301,45,26
475,301,45,26
475,301,45,26
475,301,45,26
475,301,45,26
475,301,45,26
475,301,45,26
475,301,45,26
475,301,45,26
475,301,45,26
475,301,45,26
475,301,45,26
475,301,45,26
447,292,37,24
450,286,44,28
458,286,47,29
468,274,42,39
476,265,42,39
481,256,46,41
484,249,49,40
487,239,52,42
491,231,52,42
495,223,49,42
498,222,47,40
502,215,40,38
503,214,38,38
500,210,40,37
500,208,40,36
495,200,45,40
487,192,52,44
481,189,56,41
479,186,47,38
476,184,44,37
462,180,48,40
452,176,49,42
438,173,52,38
427,166,56,39
418,161,55,40
413,151,47,43
406,140,42,45
393,128,48,47
382,121,51,43
374,109,53,44
368,97,54,47
366,90,52,48
363,83,49,51
359,77,46,53
354,75,49,51
354,70,50,54
354,68,53,58
355,66,54,60
355,70,58,60
363,72,53,56
370,77,48,50
374,84,53,48
381,87,54,54
386,93,59,54
395,100,58,53
403,104,62,55
419,115,51,51
428,127,46,47
434,137,46,48
437,148,54,45
441,159,53,41
445,166,52,41
448,164,49,43
450,164,43,43
420,176,43,40
414,176,40,39
404,178,43,38
395,180,44,36
385,181,47,34
377,180,47,34
371,180,44,31
364,178,42,34
354,173,41,39
346,170,45,39
339,168,48,38
333,166,52,39
329,165,49,40
326,164,47,40
325,163,45,42
321,162,45,42
319,160,47,46
316,163,54,45
318,165,53,43
321,168,52,41
327,171,50,40
335,172,44,40
340,176,44,39
345,179,45,38
350,180,50,38
357,182,51,38
362,183,54,40
372,183,51,40
380,187,49,37
389,189,44,37
394,189,45,39
397,188,49,45
397,190,57,49
400,196,56,43
404,200,51,40
407,203,45,38
409,211,42,36
409,218,37,36
404,224,40,36
398,230,46,36
392,234,51,41
386,242,55,44
385,248,48,43
384,253,41,44
378,257,38,43
376,259,37,41
374,260,37,40
374,261,34,39
375,263,33,37
375,262,32,37
375,261,32,37
375,262,33,36
374,262,34,38
375,262,32,37
375,262,33,37
376,262,31,37
374,262,34,37
375,261,33,37
374,262,34,37
375,262,33,36
374,262,34,36
375,262,33,37
375,263,33,35
375,262,33,37
375,262,32,37
376,262,32,37
375,262,33,38
376,262,31,37
376,262,31,36
376,262,31,37
375,262,33,36
375,262,33,36
375,261,31,38
375,261,33,36
375,262,33,37
376,261,31,38
376,261,32,38
375,262,33,37
375,262,32,37
375,262,33,36
376,262,31,36
375,262,31,37
375,261,32,37
375,262,33,37
375,262,32,38
375,261,33,37
375,262,32,38
375,261,33,38
375,262,32,38
374,262,35,37
375,262,32,38
375,262,33,38
374,262,33,37
375,262,33,38
374,262,32,38
375,263,33,36
375,261,33,38
374,262,33,38
375,261,32,39
375,262,32,38
375,263,32,37
374,262,34,38
374,262,33,37
374,261,34,38
375,262,34,37
375,262,33,37
375,262,34,38
375,262,34,37
375,262,32,37
374,262,33,37
375,263,33,36
375,261,33,37
375,262,32,36
375,262,33,37
375,262,32,36
375,262,33,37
376,261,31,37
376,262,31,37
376,262,31,36
375,262,31,37
375,261,32,38
375,261,33,38
375,262,33,37
375,262,33,36
376,263,32,35
375,262,32,36
376,262,32,37
375,262,33,36
376,262,29,37
375,261,32,37
375,262,33,37
374,259,34,39
376,257,36,41
377,255,41,43
378,254,48,45
381,252,50,45
389,253,52,45
399,256,46,42
409,256,45,40
420,254,43,40
429,253,45,42
437,249,48,45
446,245,49,46
454,242,50,44
464,239,46,43
471,235,44,43
477,232,45,41
481,231,46,40
486,227,45,40
488,222,46,43
489,217,48,45
489,214,44,43
486,210,45,41
483,204,46,41
479,200,47,42
475,197,46,41
470,194,48,42
461,191,52,47
452,189,54,47
447,188,51,45
441,187,49,41
434,185,49,42
429,182,48,43
421,179,51,44
417,178,51,43
410,174,52,44
405,172,55,43
403,171,52,41
401,168,49,40
398,164,53,41
397,162,53,42
397,161,52,43
396,159,54,44
397,158,54,45
399,156,56,45
402,158,56,45
406,158,54,43
409,161,54,43
414,161,54,46
420,161,55,45
425,159,59,48
432,162,59,47
440,165,59,46
448,168,58,43
457,172,58,42
465,173,58,44
472,173,59,43
479,172,59,44
486,172,60,45
493,174,59,42
500,171,56,42
505,169,58,41
508,168,58,45
511,167,58,43
513,167,58,45
514,168,60,46
512,168,61,48
514,169,61,47
513,169,60,47
513,172,58,49
511,174,58,48
509,180,59,45
505,183,57,44
503,183,58,47
497,184,60,46
492,187,61,47
491,191,59,48
487,197,55,46
483,201,54,44
478,207,56,41
476,211,54,42
470,213,55,46
465,217,55,46
461,222,55,47
458,225,51,42
452,226,51,40
449,225,52,40
444,224,52,43
440,222,52,42
434,219,53,42
430,215,51,44
425,214,52,40
420,212,51,37
415,208,49,39
411,203,50,41
402,202,51,42
397,200,52,42
389,200,53,41
383,201,52,43
378,204,50,42
368,202,54,43
362,200,56,44
356,196,57,47
352,191,58,50
349,187,58,49
347,181,59,50
350,175,59,49
350,166,62,50
354,160,63,52
357,156,64,55
363,152,63,55
370,152,66,52
376,151,67,54
387,152,66,55
399,153,63,55
411,153,62,53
421,156,61,49
431,157,61,49
442,155,59,51
452,157,58,49
461,159,54,43
468,159,50,44
472,159,49,41
475,158,47,37
477,156,42,39
474,155,44,37
473,152,42,38
468,150,42,40
462,150,42,41
456,150,41,40
449,151,41,37
439,149,44,41
429,149,44,42
419,151,45,43
411,152,46,39
402,153,45,39
394,153,45,41
385,154,47,41
379,153,47,43
375,152,45,44
371,150,46,46
367,146,50,51
366,142,54,52
371,140,51,49
377,134,52,53
383,131,57,53
395,126,56,58
405,121,61,61
420,118,63,60
437,116,61,62
449,116,64,61
464,116,66,61
479,118,67,59
490,121,66,57
503,123,65,57
514,127,62,53
522,131,59,54
526,137,62,49
527,142,58,48
526,145,58,47
522,152,57,43
515,157,56,41
511,163,53,39
501,167,53,37
493,170,51,36
481,172,52,33
471,175,50,32
461,176,48,32
448,177,50,31
437,179,50,32
427,180,49,32
419,183,47,34
409,186,47,33
409,186,46,33
379,148,47,39
356,144,52,45
339,141,50,45
326,138,49,44
312,135,51,42
304,133,48,42
298,132,46,41
294,128,45,45
293,125,44,45
293,122,43,44
295,122,45,41
298,122,43,39
306,122,41,38
312,125,41,38
321,127,41,37
330,131,42,36
342,135,42,35
354,141,42,34
367,145,42,33
382,147,42,33
398,149,40,31
415,150,40,30
428,147,43,34
443,146,44,35
458,144,45,36
471,139,48,38
483,136,48,39
494,130,51,45
504,127,50,47
510,126,51,46
513,121,53,51
513,122,54,53
509,121,58,54
507,124,55,53
499,127,59,51
487,128,59,56
474,130,59,52
459,132,56,51
442,131,56,52
425,131,55,50
409,132,56,51
395,132,49,48
382,132,47,48
369,133,44,45
357,132,43,42
346,131,45,43
343,131,38,42
334,132,41,40
331,133,38,37
326,132,38,39
324,134,37,39
323,136,38,38
325,138,36,34
326,141,37,32
326,143,39,32
331,145,37,31
338,145,38,30
344,146,38,29
352,147,36,28
360,147,38,29
368,148,40,30
379,149,40,30
390,150,40,30
399,149,44,32
410,150,48,33
421,146,51,37
434,143,52,41
444,141,56,41
456,137,57,43
469,135,56,46
478,132,57,49
486,131,60,50
492,131,61,52
497,132,64,54
501,136,62,57
502,144,65,57
503,153,61,54
499,163,61,60
493,177,63,59
483,190,64,61
474,202,61,60
463,216,62,58
451,234,61,50
442,243,56,48
430,248,52,48
420,255,51,47
410,262,48,43
400,264,48,44
395,264,45,44
388,265,47,46
385,267,44,44
381,267,45,43
382,267,44,41
383,268,40,41
