284,156,113,111
287,149,112,113
288,150,111,115
291,152,105,114
293,151,100,113
293,152,93,115
293,157,92,103
296,154,80,107
294,154,78,108
293,154,72,107
299,154,68,104
301,155,56,103
298,150,57,102
298,158,52,98
298,153,49,102
298,151,47,103
298,147,55,104
301,146,47,108
302,137,41,108
306,141,37,111
306,141,37,111
306,141,37,111
306,141,37,111
328,119,27,117
328,119,27,117
338,131,31,104
338,144,32,91
349,130,32,95
345,127,41,100
236,181,54,94
228,185,72,86
216,182,91,92
206,182,116,98
205,180,122,101
202,182,139,101
204,182,142,98
203,183,152,95
202,182,150,105
203,183,160,114
203,185,167,121
203,182,164,117
203,184,164,122
201,183,163,119
208,184,163,123
340,-3,134,122
371,-4,104,120
386,1,86,107
395,3,81,107
392,7,82,105
392,16,85,99
393,35,85,81
394,38,82,82
393,47,82,80
393,48,81,79
388,57,82,80
389,58,85,78
382,64,86,77
375,66,89,74
372,67,86,82
353,69,97,88
350,67,100,92
347,67,95,98
343,69,93,93
339,71,89,90
337,72,88,87
329,74,87,78
324,75,90,75
312,66,92,78
296,62,95,74
296,58,88,77
300,60,85,74
274,57,90,78
271,57,89,79
257,68,89,77
260,70,85,73
240,84,79,70
238,86,79,67
210,98,87,77
212,93,82,86
194,99,90,88
195,99,86,88
177,99,97,86
175,99,97,85
164,95,96,86
166,95,89,85
160,90,90,96
162,88,84,95
160,92,82,102
158,92,85,107
154,106,83,99
156,113,82,89
150,114,85,87
155,110,85,88
162,106,83,90
164,104,83,91
173,95,77,93
179,95,72,87
184,98,75,79
185,100,76,76
192,108,75,73
193,111,74,69
198,115,78,70
200,112,76,74
206,104,72,79
207,104,72,80
208,101,70,77
208,102,71,78
211,106,70,71
208,107,71,72
212,110,67,73
212,110,68,74
214,112,65,81
213,112,67,81
215,113,65,82
215,117,65,75
215,116,62,71
212,113,62,73
209,110,57,71
209,107,54,75
202,104,49,78
203,104,47,74
184,103,50,78
184,104,48,77
160,105,52,78
160,105,48,76
140,105,49,76
140,106,48,70
116,111,54,77
113,112,57,76
87,118,63,83
83,122,67,80
63,130,70,76
61,130,69,80
51,132,71,83
51,135,72,78
52,139,68,79
53,138,67,83
66,144,57,80
68,147,54,78
83,157,58,74
88,160,51,68
106,166,53,67
113,170,47,62
143,173,36,69
144,173,47,73
169,177,35,74
196,182,35,76
203,182,28,75
218,181,33,75
220,181,33,71
233,183,34,67
238,183,31,69
248,179,27,75
247,180,28,73
253,175,25,76
246,179,33,71
248,177,31,69
242,173,31,74
238,174,32,73
218,176,41,72
211,174,52,77
200,178,46,73
199,181,50,69
187,170,38,75
168,167,38,72
164,168,36,67
147,164,42,66
143,163,40,67
131,157,45,68
130,156,41,69
122,153,42,66
120,153,46,66
112,155,51,60
114,158,51,60
113,161,56,54
119,163,54,56
122,164,52,55
131,169,53,63
131,170,56,65
141,179,66,66
141,182,73,67
159,189,65,62
163,190,73,64
182,193,77,65
197,188,79,73
207,186,77,77
218,184,80,82
224,184,89,88
241,185,90,90
235,183,121,91
242,179,118,102
237,176,124,102
245,165,113,114
253,158,93,107
258,158,86,98
259,152,75,84
251,152,81,79
235,151,82,73
221,152,90,62
207,143,86,70
202,142,85,63
184,145,88,60
162,139,83,62
156,137,85,64
134,132,85,60
132,132,81,59
112,127,80,55
107,123,86,55
89,109,90,55
88,105,88,55
79,92,85,54
81,87,83,56
75,75,85,57
76,65,84,56
75,62,90,58
84,57,84,59
87,56,83,57
100,49,75,54
101,51,75,50
118,45,69,49
118,44,68,50
138,39,65,49
156,33,60,51
158,32,62,50
169,27,59,50
172,26,56,50
181,21,50,53
183,18,49,52
189,9,42,55
192,10,40,49
189,2,38,47
187,0,37,42
186,0,33,40
181,-4,28,39
182,0,26,32
182,0,26,32
170,2,25,25
165,3,24,19
163,4,21,18
158,4,17,15
153,7,16,13
150,8,15,14
143,13,17,15
139,13,17,19
138,11,20,22
136,16,21,27
134,23,21,31
134,12,23,34
128,35,22,41
127,41,24,47
125,45,27,55
125,53,26,64
124,63,26,64
128,75,24,70
128,85,26,66
131,103,30,71
132,97,30,77
137,122,39,82
137,119,44,87
150,147,50,79
166,166,48,65
167,165,52,68
188,173,54,65
196,177,57,66
217,182,59,67
232,185,54,67
245,188,64,71
259,190,60,69
268,186,70,74
282,187,74,73
290,188,72,83
304,192,68,76
316,195,62,74
318,192,67,86
317,198,71,79
326,205,68,78
322,207,71,79
327,209,69,82
320,213,69,78
320,212,69,76
311,212,69,78
306,214,71,75
293,208,72,85
283,199,81,94
270,192,87,105
265,191,93,107
245,191,108,106
217,185,138,114
201,184,159,117
200,186,160,123
188,184,171,140
186,185,172,152
159,187,202,155
137,184,222,172
167,182,193,164
155,183,198,169
133,186,224,173
164,178,189,171
175,184,184,155
176,176,183,134
193,182,170,122
202,182,159,109
202,181,159,106
207,182,154,102
201,178,164,109
209,179,162,115
296,167,138,88
307,172,112,76
334,165,99,70
359,160,88,62
364,159,93,57
383,154,92,54
387,151,85,56
396,144,96,59
396,144,94,61
398,141,99,62
395,143,94,62
396,145,85,62
379,153,92,61
375,158,85,56
355,165,83,57
347,168,73,61
317,172,76,61
294,173,75,62
263,178,84,60
235,183,90,60
202,180,91,65
172,169,93,70
158,161,81,70
132,156,81,79
123,148,84,84
101,143,81,85
96,140,82,88
73,133,85,94
57,128,85,101
56,131,84,95
52,130,84,102
54,130,87,104
56,138,96,102
55,136,92,106
71,146,92,104
76,150,92,103
106,162,88,96
116,165,80,88
150,173,80,75
183,178,84,77
201,182,94,85
227,183,94,75
258,186,85,62
279,180,78,65
299,174,68,67
310,169,72,64
315,168,73,56
325,165,76,52
331,162,77,55
334,163,77,58
336,167,78,59
334,171,75,57
324,179,74,56
324,179,69,62
298,188,78,66
279,188,77,84
250,193,81,77
221,198,85,67
199,197,82,68
166,187,81,76
149,181,70,73
127,176,74,79
109,168,87,88
80,152,94,100
73,149,94,95
57,133,90,98
47,124,82,93
49,119,81,95
48,116,75,90
50,117,72,89
53,118,71,90
54,116,71,94
61,130,78,91
63,130,80,95
80,149,84,95
83,150,92,97
109,174,91,90
138,189,79,77
161,196,87,75
195,195,86,80
213,192,86,81
238,196,90,80
257,199,101,80
260,192,98,86
271,192,93,89
287,185,88,80
297,191,84,67
302,190,81,63
304,192,79,66
301,192,78,72
290,195,79,75
274,203,82,71
261,203,94,74
237,196,113,93
210,185,143,99
197,186,165,99
148,190,157,93
123,195,141,83
113,193,126,80
86,187,96,77
85,176,84,83
65,155,67,90
63,154,63,79
46,135,61,82
28,120,65,83
26,115,69,85
20,105,71,90
22,104,66,91
24,104,67,89
24,107,69,87
36,116,68,89
35,120,74,84
55,138,87,91
60,148,96,99
89,166,92,91
114,180,96,85
150,196,86,71
196,208,76,64
234,213,69,62
262,206,78,69
284,200,74,77
318,198,64,64
336,187,61,52
349,180,62,46
358,166,69,47
370,161,63,47
384,150,62,50
385,149,67,49
387,144,70,51
387,141,71,56
388,143,67,57
384,142,68,58
371,150,63,59
353,164,64,51
337,167,67,50
318,180,65,53
293,174,60,60
255,186,70,55
216,180,77,57
178,160,75,62
145,152,77,67
119,138,89,79
88,117,92,90
76,111,83,86
56,90,84,88
55,89,76,77
36,68,71,83
38,65,66,77
35,59,61,75
35,56,62,77
38,51,63,81
51,58,56,83
51,63,60,81
67,82,60,77
72,93,68,83
91,114,77,90
103,126,83,94
133,150,71,85
147,158,76,74
194,179,73,69
227,184,72,73
260,183,83,76
290,168,68,58
309,164,70,50
328,153,77,50
331,146,87,54
349,131,88,63
351,126,96,68
368,115,88,72
367,113,91,75
371,109,91,78
364,120,86,78
361,126,87,71
349,144,84,66
349,156,70,60
328,177,68,52
307,188,72,57
263,201,82,70
236,200,95,73
200,196,80,72
155,190,81,72
134,185,67,71
109,177,70,77
92,169,78,80
71,141,70,94
61,133,77,91
46,114,75,90
48,112,67,81
40,94,67,83
37,90,62,80
37,84,64,83
37,90,65,82
40,84,63,85
47,97,69,85
47,99,71,86
61,116,83,96
70,124,89,103
91,146,95,100
107,162,93,95
138,177,86,83
195,201,68,68
228,201,65,67
260,201,69,66
290,192,70,70
319,186,62,60
340,181,57,50
354,173,63,46
365,169,69,45
381,160,64,45
392,149,59,49
395,145,58,50
397,143,61,53
393,142,60,54
386,146,63,58
384,145,60,58
363,163,63,54
354,177,57,47
333,183,63,55
316,193,60,53
293,190,49,61
258,203,58,69
226,199,64,67
192,190,65,71
164,184,57,71
139,181,67,69
126,166,73,79
97,149,81,79
85,122,74,85
82,114,74,86
78,92,67,91
79,93,69,81
78,89,67,73
80,87,59,78
78,87,64,77
80,93,61,76
91,99,54,83
95,114,57,84
108,127,71,91
128,141,75,90
145,158,66,87
172,180,80,73
202,189,64,73
233,187,69,72
252,187,60,69
288,182,55,57
306,177,47,49
315,167,55,51
325,161,64,48
327,161,70,45
337,149,70,50
335,147,75,53
340,143,73,53
338,145,72,52
340,146,65,53
339,150,63,50
328,163,62,46
311,172,58,49
301,173,56,56
284,185,56,58
258,197,59,60
237,198,60,59
212,191,56,70
174,183,59,67
159,180,49,76
136,168,60,78
116,157,56,82
102,152,63,77
84,135,66,82
83,133,61,79
68,115,70,85
69,112,69,85
65,105,68,90
66,105,66,86
69,110,69,86
81,118,73,89
82,117,78,95
100,129,81,96
104,131,89,99
138,152,81,82
148,157,89,75
191,168,81,69
202,170,92,71
227,177,99,57
244,171,101,57
270,165,86,58
286,159,85,56
299,157,84,54
310,150,83,57
311,148,85,55
315,145,82,53
317,143,83,54
312,142,83,54
308,143,85,52
292,148,81,50
274,151,78,52
264,153,77,54
232,152,81,61
213,151,86,63
177,148,83,58
165,142,68,62
127,137,82,77
105,130,101,84
81,112,91,91
56,90,94,101
56,86,81,100
37,71,84,97
35,69,82,95
24,53,83,99
25,49,80,102
19,47,87,96
26,46,83,101
49,57,72,94
56,49,52,98
55,48,46,93
56,49,43,93
56,49,43,93
56,49,43,93
56,49,43,93
56,49,43,93
56,49,43,93
56,49,43,93
56,49,43,93
56,49,43,93
56,49,43,93
56,49,43,93
56,49,43,93
56,49,43,93
56,49,43,93
56,49,43,93
56,49,43,93
56,49,43,93
56,49,43,93
56,49,43,93
56,49,43,93
56,49,43,93
56,49,43,93
56,49,43,93
56,49,43,93
205,61,32,89
194,52,42,88
178,53,54,83
149,52,61,68
147,50,60,69
129,47,58,68
128,49,56,66
111,49,63,68
105,55,63,68
104,57,60,69
103,65,61,72
104,69,60,69
113,83,58,66
116,87,58,64
127,96,60,65
128,100,64,65
144,111,62,60
160,122,62,53
161,126,67,52
184,138,60,44
194,142,54,42
209,150,51,34
216,152,46,32
234,158,43,28
237,158,40,28
263,162,37,30
265,161,42,30
274,165,49,26
274,165,49,26
274,165,49,26
274,165,49,26
274,165,49,26
274,165,49,26
346,184,53,34
365,175,55,41
370,170,62,49
377,161,63,54
397,148,61,48
399,146,63,45
408,133,64,48
406,129,66,51
410,118,65,52
411,113,62,54
405,102,56,56
401,101,48,54
381,98,45,52
349,100,51,50
331,103,43,55
303,103,52,56
266,116,60,58
247,119,53,59
209,120,54,60
180,118,63,56
146,121,63,58
115,120,77,51
75,116,90,55
62,114,85,57
41,114,83,52
42,113,75,49
22,118,67,43
21,118,63,40
15,122,54,34
17,121,48,38
20,121,39,41
27,123,32,40
32,127,34,44
39,138,36,41
43,146,42,42
52,152,46,45
60,157,49,46
72,166,57,52
80,171,61,54
105,183,59,52
106,191,59,45
143,201,50,46
155,205,44,45
160,207,39,42
160,207,39,42
160,207,39,42
160,207,39,42
160,207,39,42
160,207,39,42
160,207,39,42
160,207,39,42
160,207,39,42
160,207,39,42
160,207,39,42
160,207,39,42
160,207,39,42
160,207,39,42
160,207,39,42
160,207,39,42
160,207,39,42
160,207,39,42
160,207,39,42
160,207,39,42
160,207,39,42
160,207,39,42
160,207,39,42
160,207,39,42
160,207,39,42
160,207,39,42
160,207,39,42
160,207,39,42
160,207,39,42
160,207,39,42
160,207,39,42
160,207,39,42
160,207,39,42
160,207,39,42
160,207,39,42
160,207,39,42
160,207,39,42
160,207,39,42
160,207,39,42
160,207,39,42
160,207,39,42
160,207,39,42
160,207,39,42
160,207,39,42
160,207,39,42
198,117,48,40
212,114,47,50
215,109,48,59
232,127,46,53
233,131,49,51
239,139,46,44
241,141,46,42
249,146,47,43
248,149,53,39
255,158,51,32
256,166,51,26
256,169,51,20
256,169,51,20
256,169,51,20
291,140,49,26
291,140,49,26
291,140,49,26
291,140,49,26
291,140,49,26
291,140,49,26
291,140,49,26
291,140,49,26
291,140,49,26
290,131,50,30
290,131,50,30
290,131,50,30
290,131,50,30
290,131,50,30
290,131,50,30
290,131,50,30
290,131,50,30
290,131,50,30
290,131,50,30
290,131,50,30
290,131,50,30
290,131,50,30
235,165,45,31
235,164,40,34
239,155,40,30
239,150,41,36
239,147,42,38
238,140,42,42
235,136,48,47
234,125,50,51
233,121,51,53
233,110,51,55
230,108,55,53
226,95,58,60
220,89,63,62
220,89,63,61
216,87,68,61
217,87,67,60
216,86,64,58
216,86,65,57
217,82,64,58
218,81,62,57
218,79,68,54
222,80,65,52
222,80,64,53
227,83,60,54
229,85,60,52
236,92,50,54
237,95,50,56
240,104,51,53
242,104,48,53
245,110,48,52
247,112,44,50
250,117,45,49
257,118,39,53
262,121,31,50
266,122,27,52
267,124,26,50
273,128,20,48
274,128,19,49
276,129,17,51
279,130,13,49
278,130,12,50
277,130,15,51
275,129,17,52
271,130,22,52
272,130,21,50
266,129,28,51
264,129,30,45
254,127,38,43
254,126,38,43
247,121,43,43
238,117,47,42
239,117,48,40
231,109,53,41
230,108,53,41
226,103,56,42
222,103,60,40
217,100,65,42
215,98,66,45
213,92,66,52
214,89,67,51
214,87,66,53
214,86,67,52
214,85,69,54
215,85,67,52
215,85,68,52
215,86,67,57
216,86,67,56
218,88,68,59
219,88,68,55
218,86,69,58
221,89,66,59
222,89,64,59
225,92,65,57
222,90,63,61
223,91,62,64
222,92,64,64
221,96,61,69
223,101,60,62
222,108,53,66
223,112,46,69
223,114,44,70
222,116,39,75
222,118,39,79
221,120,35,88
225,125,30,85
226,136,23,84
228,140,23,83
229,149,21,85
231,155,18,86
233,156,17,87
234,159,21,85
235,163,21,83
233,172,27,80
231,175,30,81
228,183,41,83
228,196,40,70
228,196,40,70
224,227,48,72
222,231,52,73
216,239,64,79
214,240,66,78
209,247,74,75
210,251,72,73
203,258,78,72
203,259,77,72
201,261,79,75
196,261,86,77
194,260,88,76
195,251,87,74
193,245,89,73
193,229,85,76
191,218,89,83
191,215,89,71
191,207,91,74
194,195,86,81
194,189,89,85
194,183,90,84
194,175,89,82
197,166,86,89
196,157,87,79
201,158,83,65
203,144,90,67
204,137,85,69
208,125,84,69
208,123,81,68
211,105,81,79
212,90,82,79
212,90,79,72
212,84,76,68
214,83,70,67
213,76,74,62
216,72,71,63
218,60,65,64
219,59,60,61
223,48,55,56
227,30,47,56
229,27,46,54
231,10,42,55
234,9,39,52
238,2,29,46
236,2,32,45
238,1,23,40
239,1,22,40
238,0,20,42
239,3,18,42
240,2,17,44
240,4,21,49
241,12,21,47
242,17,22,50
242,17,22,53
242,25,25,55
242,28,25,53
241,40,29,52
239,50,32,53
240,55,31,50
239,67,34,50
237,77,36,53
236,90,37,53
230,104,40,53
230,129,40,48
233,131,37,51
230,149,37,41
228,150,38,36
228,150,38,36
228,150,38,36
228,150,38,36
228,150,38,36
228,150,38,36
255,106,35,31
255,113,30,33
255,113,30,33
255,113,30,33
255,113,30,33
255,113,30,33
255,113,30,33
255,113,30,33
255,113,30,33
255,113,30,33
255,113,30,33
255,113,30,33
255,113,30,33
255,113,30,33
255,113,30,33
255,113,30,33
255,113,30,33
243,111,36,37
240,104,34,33
240,104,34,33
240,104,34,33
240,104,34,33
240,104,34,33
207,162,32,28
205,159,32,27
207,152,29,28
206,149,29,32
208,134,27,34
209,126,24,38
212,115,22,40
211,107,23,44
213,97,25,47
211,100,27,45
217,81,26,48
228,71,19,47
230,67,16,45
237,59,15,46
237,51,18,52
242,41,17,58
243,37,19,61
249,28,18,63
251,26,18,63
257,17,17,66
260,16,20,65
261,17,19,64
263,16,20,68
262,17,21,68
264,19,22,69
263,20,22,70
261,29,25,66
261,28,26,70
257,43,28,67
254,62,31,67
253,67,32,64
249,83,39,70
244,85,45,72
241,103,43,67
240,109,44,59
235,120,48,59
232,119,51,62
228,129,53,59
225,133,58,64
224,135,57,65
222,135,59,59
223,135,59,59
221,131,61,61
220,129,61,64
220,126,63,65
219,124,65,67
218,125,66,70
218,126,67,68
220,132,64,65
217,144,66,62
218,145,66,63
216,153,73,63
215,151,75,66
216,153,77,71
215,154,78,70
217,156,79,69
219,156,76,69
220,158,78,67
223,161,79,62
225,161,77,65
224,164,81,67
225,166,79,67
227,168,78,67
226,169,81,66
224,171,84,63
224,172,85,62
225,172,84,60
228,170,78,65
223,173,82,61
221,175,84,60
217,177,87,59
212,181,92,67
212,181,88,84
202,184,97,86
216,185,100,90
209,184,94,90
207,182,96,94
199,185,89,88
201,185,80,82
204,187,73,80
202,188,69,82
200,195,68,77
196,200,65,77
195,205,64,74
190,207,62,76
187,209,60,74
186,208,64,75
184,203,61,79
187,206,58,76
183,204,58,76
185,199,60,79
186,194,53,80
187,201,58,70
188,192,54,74
192,194,54,68
198,185,51,71
202,175,47,75
203,166,46,74
211,155,40,74
210,152,43,76
215,143,42,72
218,142,40,72
220,137,42,67
220,136,43,65
228,132,38,61
231,123,36,62
232,121,35,63
236,115,33,64
236,110,34,65
238,102,32,62
239,102,30,58
241,93,26,58
241,90,24,57
240,86,24,53
240,82,20,52
240,83,20,50
238,82,18,50
237,84,20,50
231,84,21,52
233,83,19,53
226,82,19,51
226,82,18,45
217,77,22,46
214,73,23,47
214,73,22,46
211,72,21,46
211,73,19,45
206,75,21,47
205,76,22,48
202,77,26,48
201,78,26,47
199,83,29,46
200,86,28,45
201,91,28,50
203,96,28,51
203,98,29,50
206,102,28,51
206,102,29,54
210,108,28,55
210,104,28,61
212,118,32,55
216,128,31,49
223,130,28,50
229,140,28,43
231,143,27,39
240,153,20,34
240,156,21,27
246,168,24,25
246,168,24,25
246,168,24,25
246,168,24,25
246,168,24,25
246,168,24,25
246,168,24,25
246,168,24,25
246,168,24,25
246,168,24,25
246,168,24,25
246,168,24,25
246,168,24,25
246,168,24,25
246,168,24,25
246,168,24,25
246,168,24,25
246,168,24,25
246,168,24,25
246,168,24,25
246,168,24,25
246,168,24,25
246,168,24,25
246,168,24,25
246,168,24,25
246,168,24,25
246,168,24,25
246,168,24,25
246,168,24,25
246,168,24,25
246,168,24,25
246,168,24,25
246,168,24,25
246,168,24,25
219,167,25,24
218,165,23,20
212,159,28,22
214,155,27,26
205,153,32,29
204,150,33,32
196,144,39,35
196,143,38,38
191,126,41,43
190,109,42,50
191,106,41,50
190,99,44,50
187,99,43,48
185,96,48,48
187,98,47,45
187,97,48,47
186,98,50,46
191,95,51,46
202,91,52,46
202,90,55,48
213,91,55,45
217,91,49,47
237,94,41,49
242,101,37,50
256,115,41,44
263,132,46,50
275,133,43,53
294,149,42,59
296,154,41,65
309,167,43,69
309,171,50,76
316,184,49,73
316,189,49,75
317,191,48,76
316,191,50,75
304,192,46,75
303,192,59,77
285,193,48,67
263,189,56,63
258,189,47,62
235,187,54,59
225,188,51,54
203,180,55,60
191,180,55,58
169,180,55,57
163,179,55,57
140,179,64,52
118,179,71,45
112,178,78,45
96,174,81,45
93,174,81,44
85,171,84,43
84,172,86,44
84,170,87,46
84,172,86,45
91,175,88,52
104,186,88,57
106,189,87,60
131,207,82,56
147,221,85,54
167,233,87,50
203,249,84,47
239,261,77,45
279,266,74,48
296,273,62,58
333,266,67,59
356,269,71,67
386,258,73,81
405,251,76,89
427,246,70,88
442,249,78,80
460,239,77,83
472,236,78,79
480,232,79,79
480,227,91,86
488,224,85,90
484,221,84,94
482,224,89,93
475,232,85,90
468,240,86,82
453,243,91,88
431,247,98,89
412,248,92,92
398,253,89,90
375,257,82,84
348,261,83,72
328,261,73,58
293,262,76,50
267,249,67,53
250,235,61,52
226,229,56,45
203,206,58,53
196,188,47,62
176,181,46,54
161,167,55,48
146,163,61,44
138,153,62,44
138,149,58,44
135,146,56,43
138,145,54,44
139,147,57,48
141,148,54,52
156,166,59,48
165,180,54,54
173,191,64,56
211,209,57,55
230,229,48,48
255,255,49,46
298,269,50,42
336,287,50,50
380,296,46,58
425,302,43,51
463,310,48,48
508,316,46,39
543,307,54,38
584,309,51,48
594,297,45,56
596,296,38,62
596,296,38,62
596,296,38,62
596,296,38,62
596,296,38,62
596,296,38,62
596,296,38,62
596,296,38,62
596,296,38,62
596,296,38,62
596,296,38,62
610,232,31,53
597,231,36,56
573,226,42,63
542,224,48,73
508,222,57,76
462,219,70,74
415,205,83,80
387,198,85,74
355,174,75,66
331,166,75,59
303,153,70,48
267,145,76,44
257,128,60,52
218,109,64,51
208,104,70,49
187,86,75,61
182,85,79,59
165,75,76,68
163,75,79,71
147,77,83,77
146,77,80,78
139,92,77,80
141,112,78,80
143,125,77,71
162,155,74,61
168,169,78,60
187,188,77,69
223,215,83,59
257,241,94,47
305,251,86,54
347,251,95,66
380,258,107,75
425,253,110,88
469,253,119,88
507,240,100,98
556,234,78,91
581,207,56,98
581,207,56,98
591,172,42,82
591,172,42,82
591,172,42,82
591,172,42,82
591,172,42,82
591,172,42,82
591,172,42,82
591,172,42,82
601,176,33,75
598,179,36,70
557,186,44,78
521,221,47,60
477,237,52,48
439,233,49,59
413,226,41,69
367,221,52,68
340,212,55,56
291,208,54,50
260,197,60,39
227,172,66,44
205,152,73,49
188,135,89,58
169,100,82,78
160,89,88,93
138,65,107,109
135,62,107,105
129,64,112,104
133,64,115,107
139,73,118,111
144,82,121,102
175,113,109,81
199,132,108,79
240,155,115,76
264,178,107,84
323,175,83,66
371,169,77,64
384,162,85,69
441,148,68,66
474,134,64,68
511,122,59,67
544,106,51,69
568,97,59,62
589,75,50,72
600,73,39,71
604,50,33,76
617,53,23,77
616,62,26,65
615,62,23,60
613,59,24,65
608,57,28,67
603,65,29,69
587,90,35,71
556,104,44,77
516,118,57,79
457,131,70,82
388,144,85,85
359,140,87,86
311,133,79,80
261,132,79,63
223,131,64,54
190,108,74,57
175,100,60,53
137,84,75,43
130,70,73,53
109,56,82,49
104,52,81,49
97,45,81,51
98,46,77,45
97,44,73,51
103,48,70,56
105,52,68,55
118,68,65,52
126,73,66,54
144,91,65,50
150,99,54,43
174,107,59,46
182,115,57,47
211,131,53,45
222,132,60,50
240,139,51,41
274,143,45,37
283,139,45,40
307,136,38,42
312,134,39,43
324,127,43,50
331,126,42,53
348,125,38,56
354,125,40,56
371,127,29,57
385,130,25,57
386,130,27,56
386,128,30,57
386,127,29,57
378,128,35,55
378,130,33,50
365,130,35,47
358,129,42,47
335,127,42,51
313,123,40,56
296,123,38,59
263,124,42,56
230,122,53,60
204,126,59,53
176,126,58,48
153,125,67,43
134,126,73,45
108,126,76,52
88,122,78,66
87,122,73,71
71,125,75,77
71,129,74,76
67,136,75,78
69,138,70,78
73,144,70,79
75,145,72,81
84,156,71,74
90,158,64,73
107,167,62,65
125,173,60,58
129,175,57,57
147,180,51,50
154,181,45,46
168,188,35,37
168,187,35,37
168,187,35,37
127,265,46,40
127,265,46,40
127,265,46,40
127,265,46,40
127,265,46,40
127,265,46,40
127,265,46,40
127,265,46,40
127,265,46,40
127,265,46,40
127,265,46,40
127,265,46,40
127,265,46,40
127,265,46,40
127,265,46,40
127,265,46,40
127,265,46,40
127,265,46,40
127,265,46,40
127,265,46,40
127,265,46,40
127,265,46,40
127,265,46,40
127,265,46,40
127,265,46,40
127,265,46,40
127,265,46,40
127,265,46,40
127,265,46,40
127,265,46,40
127,265,46,40
127,265,46,40
127,265,46,40
127,265,46,40
127,265,46,40
127,265,46,40
127,265,46,40
127,265,46,40
127,265,46,40
127,265,46,40
127,265,46,40
127,265,46,40
127,265,46,40
127,265,46,40
127,265,46,40
127,265,46,40
127,265,46,40
127,265,46,40
127,265,46,40
127,265,46,40
127,265,46,40
127,265,46,40
127,265,46,40
127,265,46,40
127,265,46,40
127,265,46,40
127,265,46,40
127,265,46,40
127,265,46,40
127,265,46,40
127,265,46,40
127,265,46,40
127,265,46,40
127,265,46,40
127,265,46,40
127,265,46,40
127,265,46,40
127,265,46,40
127,265,46,40
127,265,46,40
127,265,46,40
127,265,46,40
127,265,46,40
127,265,46,40
127,265,46,40
127,265,46,40
127,265,46,40
127,265,46,40
127,265,46,40
127,265,46,40
127,265,46,40
127,265,46,40
127,265,46,40
127,265,46,40
127,265,46,40
127,265,46,40
127,265,46,40
127,265,46,40
127,265,46,40
127,265,46,40
127,265,46,40
127,265,46,40
127,265,46,40
127,265,46,40
127,265,46,40
127,265,46,40
127,265,46,40
127,265,46,40
127,265,46,40
127,265,46,40
127,265,46,40
127,265,46,40
127,265,46,40
127,265,46,40
127,265,46,40
127,265,46,40
127,265,46,40
127,265,46,40
127,265,46,40
127,265,46,40
127,265,46,40
127,265,46,40
127,265,46,40
127,265,46,40
127,265,46,40
127,265,46,40
127,265,46,40
127,265,46,40
127,265,46,40
127,265,46,40
127,265,46,40
127,265,46,40
127,265,46,40
127,265,46,40
127,265,46,40
127,265,46,40
127,265,46,40
127,265,46,40
127,265,46,40
127,265,46,40
127,265,46,40
127,265,46,40
127,265,46,40
127,265,46,40
127,265,46,40
127,265,46,40
127,265,46,40
127,265,46,40
211,203,50,49
211,203,50,49
211,203,50,49
211,203,50,49
236,154,46,35
241,140,42,39
246,137,36,37
243,119,39,40
244,117,39,38
239,108,43,36
239,107,41,37
235,99,43,42
235,98,46,42
231,94,47,47
228,92,50,50
223,87,56,53
223,85,58,48
225,85,58,45
225,81,61,45
225,82,60,45
223,81,64,47
224,81,63,50
219,88,73,56
220,89,70,59
219,104,75,54
217,117,80,57
218,117,80,58
217,121,83,62
219,121,83,60
219,123,80,60
217,121,84,63
215,119,79,63
215,118,79,61
216,111,80,53
218,101,77,50
217,101,73,44
220,89,73,46
221,88,71,47
224,84,69,48
226,83,67,51
227,87,64,51
229,88,62,52
233,97,59,45
235,108,58,41
237,107,56,45
240,116,55,42
240,115,55,42
243,125,54,41
243,124,54,45
245,135,51,43
245,138,51,41
247,154,45,32
259,165,41,33
259,165,41,33
259,165,41,33
259,165,41,33
259,165,41,33
259,165,41,33
249,113,34,35
250,119,32,31
250,119,32,31
250,119,32,31
250,119,32,31
250,119,32,31
250,119,32,31
250,119,32,31
250,119,32,31
247,111,34,37
248,105,28,34
248,105,28,34
248,105,28,34
248,105,28,34
248,105,28,34
248,105,28,34
218,151,25,36
219,148,23,35
224,138,23,37
224,131,24,41
230,117,22,40
231,113,21,40
237,105,18,36
241,96,20,36
242,93,19,35
245,85,20,38
245,81,23,41
250,71,19,48
250,71,20,49
253,68,20,54
253,66,19,58
258,63,17,64
260,56,17,74
260,52,17,77
262,44,16,84
262,44,17,84
261,38,17,88
261,38,16,87
258,37,19,91
258,37,20,93
257,44,21,97
257,51,22,96
251,64,30,97
248,80,37,101
247,81,37,106
242,115,47,98
243,116,47,103
246,145,49,88
246,154,50,81
248,171,52,70
249,180,52,65
248,193,55,72
248,201,58,73
249,206,56,67
250,217,54,59
249,224,56,51
245,227,57,53
245,227,56,54
244,229,53,57
242,228,56,58
238,225,56,64
230,224,61,73
229,227,61,72
226,228,59,82
225,228,61,84
223,227,62,94
224,224,62,94
230,215,56,96
231,212,58,92
236,203,59,88
247,194,56,87
248,190,57,88
259,190,53,84
262,188,49,88
270,187,46,90
272,190,44,85
276,190,42,83
277,191,41,82
278,194,41,77
278,195,40,74
278,199,37,70
275,197,36,72
274,199,35,68
267,200,36,68
266,201,35,63
251,203,47,64
247,202,57,72
242,198,67,82
243,195,65,92
237,190,74,101
228,186,100,118
230,185,127,120
203,182,157,125
195,184,167,127
195,183,167,124
192,184,168,122
198,183,164,127
195,186,167,119
196,183,168,125
196,180,166,137
190,182,170,162
185,185,174,172
191,176,170,169
187,185,174,167
194,185,162,159
188,183,174,145
184,179,173,171
192,181,169,166
193,183,165,168
184,181,171,160
195,182,167,137
197,182,165,112
198,175,164,138
198,175,165,140
203,170,158,124
202,172,163,131
203,159,155,152
196,164,161,147
194,169,166,146
194,176,166,146
193,176,164,180
194,173,163,174
188,174,166,184
195,143,158,176
193,164,168,155
187,171,171,180
185,174,172,176
192,171,166,169
191,167,168,188
188,167,175,182
186,158,173,194
194,151,165,200
181,162,180,193
196,147,163,172
197,150,163,168
200,153,159,160
203,154,154,151
200,143,161,160
203,145,156,156
202,146,155,138
209,143,144,133
208,153,152,138
203,160,157,152
202,166,154,142
199,166,162,142
200,173,166,135
198,176,167,134
200,177,166,127
198,181,169,132
193,180,170,136
200,181,165,125
198,179,167,129
195,180,170,132
196,181,167,122
196,183,169,130
191,182,171,128
198,184,166,124
197,184,163,116
199,185,164,124
197,184,166,117
201,186,164,128
199,185,163,127
197,185,163,117
204,185,157,120
200,185,164,120
204,186,159,122
200,185,159,120
201,185,162,125
197,184,164,121
197,186,169,125
197,187,166,109
200,184,167,121
198,184,163,127
199,184,169,113
196,185,179,117
193,182,203,131
188,185,195,149
182,181,178,164
188,185,179,163
184,177,174,166
195,184,166,139
198,184,164,123
192,183,171,128
196,185,171,121
196,184,164,127
197,184,162,124
197,184,168,122
195,183,165,125
195,184,162,125
192,184,167,127
192,183,198,114
196,186,184,120
198,183,164,130
202,185,160,115
202,186,163,117
200,185,161,114
201,186,161,113
198,184,166,119
195,184,168,119
179,177,184,121
181,180,185,126
169,173,195,114
174,176,188,119
179,176,189,125
184,178,179,118
187,175,179,126
197,181,167,126
200,181,168,115
199,185,164,120
197,185,170,123
196,185,169,126
200,184,168,116
200,184,165,122
199,183,160,123
198,185,164,128
198,184,168,122
193,183,168,130
192,183,169,130
197,184,166,121
196,183,167,130
199,183,163,120
201,183,161,124
199,184,162,128
195,182,169,133
194,182,167,122
195,182,168,131
198,184,167,117
202,183,159,126
197,184,161,124
195,186,170,122
197,183,163,122
201,184,169,128
199,185,163,122
201,185,158,110
202,184,161,114
199,183,163,119
197,183,169,124
194,180,170,110
202,181,164,119
194,184,172,119
197,186,169,124
196,184,166,116
193,185,173,123
196,186,169,120
196,186,170,118
195,185,169,120
193,180,168,118
188,164,176,135
204,182,159,113
206,183,154,116
203,185,160,119
195,185,171,124
197,183,167,122
193,185,169,124
194,183,173,121
196,182,164,126
196,184,169,126
196,183,167,120
198,183,168,132
194,181,167,127
192,184,172,128
192,185,173,122
194,183,169,132
195,183,169,118
195,183,163,127
200,185,166,123
197,183,162,126
199,184,168,124
197,182,164,133
197,182,163,123
195,183,167,128
192,184,170,128
195,183,162,118
195,180,185,121
198,180,170,128
196,178,165,131
198,175,165,132
205,158,153,140
200,163,163,137
200,185,166,113
195,182,167,121
195,184,171,123
193,180,166,130
197,183,174,128
196,182,164,131
195,184,172,112
198,185,169,117
199,182,168,124
199,177,161,128
195,181,169,128
197,183,168,125
197,183,166,132
197,183,165,131
197,184,161,121
196,185,167,127
195,183,164,120
197,183,163,123
197,185,167,123
196,183,164,121
199,186,166,116
198,186,166,121
197,184,171,133
189,184,169,139
190,181,172,127
194,184,171,143
189,184,173,138
178,181,180,166
185,186,175,167
189,183,170,163
187,183,168,163
179,184,177,174
170,185,188,168
185,184,181,167
182,184,177,161
195,183,171,138
184,186,180,168
187,182,173,159
172,182,190,151
174,180,190,160
182,182,181,153
194,185,170,141
199,184,165,115
200,182,162,123
196,183,168,125
196,185,168,121
197,183,171,131
199,184,166,109
197,185,167,113
198,182,167,124
202,183,167,130
190,183,172,132
170,177,194,116
168,180,198,118
186,184,183,126
194,182,168,125
202,184,163,131
197,183,168,142
194,179,164,171
182,183,171,175
184,182,165,168
