242,60,58,50
243,62,59,50
250,71,60,48
252,80,63,48
256,92,63,47
261,97,66,55
262,111,72,53
265,123,75,53
274,134,74,53
276,146,78,55
283,152,80,62
283,155,86,63
286,153,87,71
288,156,87,68
291,160,87,67
291,161,85,70
290,166,90,71
288,167,94,75
286,171,96,77
284,174,99,78
283,175,99,79
283,174,97,83
283,179,96,79
278,173,101,83
275,181,105,76
273,178,103,78
270,175,104,79
268,173,98,77
264,171,103,76
261,168,103,77
261,168,93,77
264,165,93,74
262,164,90,73
264,162,85,71
268,159,76,66
268,152,76,68
270,148,74,63
269,144,75,62
269,139,75,62
268,133,77,61
266,128,74,57
268,123,74,57
269,119,73,56
273,116,71,54
272,115,76,53
273,117,75,51
275,117,72,49
276,117,71,52
277,122,73,51
279,121,73,49
281,124,75,45
283,126,71,42
285,126,70,48
286,129,71,48
287,132,70,48
286,137,72,50
286,141,70,48
285,147,72,50
284,153,72,50
283,160,73,48
282,162,76,51
282,171,78,50
282,180,82,49
280,186,87,50
281,193,87,50
280,198,87,51
279,203,85,52
279,206,89,53
281,208,91,54
284,213,95,55
288,215,96,55
293,217,96,52
300,214,95,50
299,210,98,52
297,207,95,52
297,203,90,55
300,198,91,60
301,196,91,61
303,199,94,61
310,193,89,69
314,191,87,77
315,187,88,81
320,185,86,82
322,188,81,85
323,192,82,81
310,191,90,80
310,192,93,93
310,188,87,102
308,188,86,99
316,190,76,92
324,191,65,88
316,192,67,90
299,191,75,93
295,191,77,88
285,195,84,86
284,197,79,85
281,197,75,83
279,199,68,81
278,199,63,82
284,198,53,84
287,195,48,85
287,192,47,84
281,190,53,85
275,188,58,77
270,188,69,76
265,186,76,82
255,188,86,77
249,186,90,85
244,186,95,84
245,187,95,82
243,188,98,82
243,187,99,81
245,187,97,81
246,188,94,80
246,184,93,81
245,185,96,79
249,184,87,85
250,183,84,83
249,182,84,80
251,181,88,77
253,181,89,75
271,178,95,73
256,179,112,76
257,180,111,74
254,182,115,74
254,184,118,72
255,186,120,71
254,184,122,72
253,183,125,72
250,184,128,72
248,182,128,73
252,182,120,70
247,184,126,66
247,182,125,69
248,184,124,67
248,186,122,67
249,187,123,68
248,188,126,66
248,189,129,68
255,189,125,69
261,187,118,69
265,184,120,77
260,181,122,79
254,179,133,80
258,175,125,83
256,177,129,78
261,177,123,78
257,177,131,79
261,175,125,80
262,175,126,81
258,177,132,78
259,177,130,78
263,177,121,77
266,178,111,74
260,177,104,69
279,174,87,65
295,173,77,68
301,173,74,64
301,171,80,65
301,173,91,60
300,172,90,62
299,171,93,62
300,169,90,65
299,170,94,59
298,168,94,61
296,167,95,59
298,167,95,58
293,167,97,61
297,167,95,61
299,166,91,61
301,161,93,61
303,159,92,64
303,159,91,60
304,162,90,56
300,159,92,62
300,160,94,57
286,155,106,72
275,160,104,72
281,154,103,72
281,149,118,81
272,147,133,92
267,142,140,88
277,137,155,111
281,136,166,113
278,129,175,117
275,132,189,102
278,133,195,95
272,135,210,73
275,131,212,74
251,126,233,81
259,121,213,88
257,111,206,119
252,95,202,151
254,86,184,173
259,74,165,198
256,65,146,228
288,60,122,228
254,58,155,220
209,59,197,237
235,54,172,217
253,53,155,230
243,56,153,210
279,55,119,217
274,56,124,226
251,49,147,247
262,53,133,257
254,64,138,248
268,66,116,254
295,70,99,244
299,71,64,251
297,79,78,229
295,84,97,206
297,88,101,217
297,97,101,212
292,105,103,200
293,108,97,200
291,110,96,193
288,106,98,197
287,103,97,198
286,100,92,200
285,99,82,200
287,95,67,195
286,97,62,198
291,101,56,201
290,100,52,198
293,100,48,202
280,102,60,199
291,99,60,197
287,96,58,200
296,94,79,198
289,89,86,211
290,89,98,210
292,87,94,212
295,81,96,216
297,80,91,218
305,81,86,215
309,83,83,209
310,76,83,220
316,74,76,223
325,74,71,217
312,75,83,215
318,82,77,206
305,80,87,204
312,83,78,202
304,85,81,201
300,85,69,198
299,93,62,194
294,92,63,193
289,91,64,193
279,93,67,182
265,96,82,172
263,94,86,173
260,97,92,164
259,101,97,160
260,95,106,164
258,102,124,155
257,101,134,158
260,98,123,166
265,93,101,170
265,92,91,168
281,88,113,181
284,99,84,170
284,84,65,189
289,85,55,193
287,85,58,188
283,81,61,194
278,78,65,201
267,78,58,197
257,80,57,193
248,79,48,188
240,73,46,183
232,87,57,173
303,88,81,173
294,86,100,179
285,74,105,187
293,86,94,177
288,81,96,188
299,87,87,175
289,88,98,172
297,94,95,168
294,97,97,163
292,100,99,159
296,101,98,160
212,116,78,164
231,119,54,167
239,120,47,160
242,121,50,162
247,119,52,181
261,116,47,196
263,127,53,189
265,123,57,195
271,127,55,191
276,128,50,195
273,122,49,204
267,122,51,203
265,120,47,205
263,117,46,202
258,109,47,202
261,108,38,212
260,108,36,210
258,109,38,206
257,110,38,203
255,108,39,207
254,109,41,204
256,108,39,204
258,107,37,203
260,104,36,207
262,105,36,203
259,104,40,204
260,104,37,196
261,102,35,193
262,103,33,176
260,103,36,164
259,105,37,161
252,105,43,165
249,104,45,168
251,105,49,169
249,106,59,165
250,102,72,171
272,100,83,154
254,106,95,170
257,94,108,191
264,90,122,205
269,85,114,209
275,91,110,214
281,92,95,210
291,87,88,212
293,90,77,206
299,86,66,213
301,85,59,209
301,88,62,201
304,90,58,203
309,88,51,209
305,86,55,212
303,91,63,207
297,95,62,202
297,98,90,200
284,103,102,199
282,97,106,210
279,92,108,189
284,108,104,150
291,112,101,149
260,110,130,151
264,106,124,153
259,99,130,164
260,93,128,164
229,110,106,184
244,105,81,176
248,107,75,174
252,108,67,178
260,105,57,182
263,104,58,191
264,106,52,184
268,110,41,173
270,131,36,173
272,117,38,178
273,109,35,172
272,106,35,172
266,102,40,180
265,104,40,181
259,105,44,170
253,105,46,150
253,107,42,143
253,118,43,133
247,121,51,149
243,108,58,143
245,108,54,150
238,105,66,152
233,116,66,150
237,106,64,150
234,121,61,156
245,102,66,165
243,114,60,173
259,103,73,152
262,104,91,150
266,107,98,145
270,111,104,136
277,109,85,144
278,110,95,153
274,108,83,151
279,112,81,149
280,107,100,151
280,109,77,157
286,115,82,165
285,113,70,161
287,111,72,162
287,114,76,156
285,116,69,165
284,118,72,158
284,119,67,157
290,122,49,164
287,125,51,155
285,124,58,156
286,126,55,150
286,122,63,158
288,123,63,166
288,124,58,158
287,130,66,146
289,132,63,145
284,129,71,148
284,125,70,155
285,125,73,142
289,122,66,158
288,125,70,155
287,129,69,153
286,128,70,149
286,128,70,146
287,123,67,158
284,121,72,154
281,122,83,141
281,120,80,153
279,116,79,167
281,113,80,172
275,117,86,164
275,119,87,156
274,117,88,157
263,116,101,149
250,117,118,127
250,124,118,119
253,116,114,132
252,121,121,125
255,119,117,106
257,123,119,109
259,122,111,93
261,122,103,108
259,120,105,109
263,123,101,112
273,117,86,130
281,119,79,135
279,114,81,139
281,115,79,141
276,110,84,151
274,105,83,155
280,105,78,147
280,104,71,164
279,103,70,178
280,92,74,193
284,99,72,190
286,93,76,195
286,95,69,194
291,101,69,191
289,95,65,192
290,95,70,189
288,93,68,197
290,87,65,205
288,85,73,209
284,73,81,217
279,50,77,227
266,40,92,231
271,24,99,237
252,28,109,225
262,20,104,219
249,16,89,205
241,7,74,200
241,8,64,184
230,4,69,168
319,82,73,175
317,73,77,183
318,66,78,191
317,72,77,183
316,66,79,187
317,74,73,177
315,77,75,175
310,79,85,171
311,86,90,159
297,83,106,158
319,96,91,146
326,103,95,133
336,112,96,132
343,125,94,120
347,123,89,126
347,123,89,126
347,123,89,126
326,86,100,145
326,86,100,145
326,86,100,145
326,86,100,145
296,61,98,117
296,61,98,117
296,61,98,117
296,61,98,117
296,61,98,117
296,61,98,117
296,61,98,117
296,61,98,117
296,61,98,117
354,143,98,107
354,143,98,107
354,143,98,107
354,143,98,107
354,143,98,107
354,143,98,107
288,79,92,103
159,52,67,108
166,43,50,125
173,47,43,118
179,46,38,119
184,51,36,117
187,51,36,117
192,53,36,115
193,57,36,115
197,58,35,113
197,57,36,117
201,59,37,116
201,57,37,118
206,60,38,118
214,61,36,115
223,60,34,117
236,65,30,114
240,65,33,111
247,66,31,110
253,68,32,111
257,71,35,108
262,76,35,106
265,79,38,107
270,82,36,110
272,83,38,113
275,87,37,113
276,86,37,116
278,85,38,120
277,85,40,123
277,91,38,120
276,88,38,124
276,89,39,125
276,88,39,125
277,92,39,118
271,91,43,130
269,96,42,132
269,94,41,133
268,100,44,124
261,103,46,126
263,101,51,135
266,104,48,136
266,109,46,130
272,108,42,127
267,106,50,132
274,109,48,131
274,108,47,129
275,105,48,135
281,101,48,134
287,105,48,126
290,102,53,125
291,100,58,129
293,99,58,127
296,97,59,128
298,96,69,125
302,100,69,121
307,95,59,121
308,92,57,125
308,92,48,121
309,95,42,122
311,86,40,125
308,88,51,123
308,95,48,116
302,96,57,116
301,106,58,108
301,111,50,104
303,116,50,101
306,126,46,90
313,129,38,91
311,123,38,99
310,126,40,100
313,125,40,102
315,123,45,106
314,117,48,113
314,118,47,116
315,123,51,116
318,129,50,113
323,132,49,111
324,138,50,104
326,140,47,104
328,145,51,96
332,149,48,95
333,153,50,88
340,162,46,78
348,165,44,75
352,164,46,76
354,165,49,74
340,165,68,78
342,166,76,73
343,166,84,75
346,168,86,77
349,165,85,78
353,166,85,80
348,164,93,82
343,162,102,86
340,161,107,89
343,158,106,91
339,157,112,92
341,158,112,92
345,158,105,97
352,155,93,105
362,154,87,106
367,155,81,105
373,152,80,110
379,148,76,118
382,153,62,110
379,154,64,106
379,152,62,109
383,149,61,113
380,148,65,115
384,147,59,117
386,146,56,114
392,145,51,112
391,143,52,117
391,150,51,113
398,143,44,119
402,140,43,118
402,137,45,122
404,137,43,117
399,134,50,129
398,136,44,130
396,135,47,134
394,134,47,137
393,135,48,141
396,137,40,137
392,137,44,138
389,138,46,135
387,139,48,136
383,139,51,136
378,138,56,132
376,139,60,133
373,140,62,123
372,138,61,134
370,139,61,128
371,137,61,133
368,137,58,128
367,137,53,141
362,135,53,129
359,136,52,137
360,130,54,150
352,130,59,141
355,130,53,137
349,128,55,142
348,124,54,140
346,121,52,145
343,117,55,148
340,116,53,142
337,118,59,134
333,113,60,131
324,108,62,138
318,109,70,134
280,105,75,126
271,109,76,119
263,111,78,113
256,111,78,106
272,108,82,111
280,102,85,123
280,99,94,115
263,97,96,125
253,90,103,127
252,89,112,133
238,96,132,116
240,93,129,108
239,100,133,106
241,99,128,127
241,98,126,117
241,97,124,107
244,100,125,108
231,97,128,102
242,100,127,111
245,96,118,112
242,100,126,101
237,103,131,115
237,95,123,117
246,99,112,127
239,100,121,125
235,92,123,130
232,98,131,123
231,94,140,133
231,99,140,128
227,99,147,125
230,109,148,121
222,106,154,119
219,105,161,121
225,101,151,128
221,104,159,122
215,106,167,120
217,102,162,121
221,102,161,124
211,103,171,122
208,108,172,116
207,105,178,117
203,105,174,117
207,101,175,118
209,99,172,121
206,102,174,116
208,104,175,119
207,98,174,119
207,102,174,116
211,101,173,112
211,97,171,111
210,95,170,121
211,97,172,116
212,101,171,100
213,88,167,130
218,93,165,124
223,90,161,126
218,96,160,120
215,98,168,111
217,98,164,119
219,94,161,119
218,89,163,130
214,95,168,120
221,93,160,123
218,93,159,119
214,94,170,117
215,96,163,119
215,95,167,120
218,97,161,111
219,95,160,117
218,95,162,123
223,101,162,113
224,98,157,120
223,99,161,119
225,100,159,119
227,100,154,117
224,101,155,110
223,100,158,118
225,94,154,130
231,100,151,120
223,100,157,122
230,96,150,125
228,98,154,124
231,101,150,117
226,104,155,117
229,99,149,121
229,98,148,125
229,96,151,127
228,99,154,126
231,98,150,124
227,100,154,121
224,100,156,123
228,98,150,121
224,99,154,123
224,103,155,122
224,100,155,121
226,100,155,123
223,99,155,124
226,96,153,127
228,95,151,125
223,99,159,119
223,92,158,128
226,95,152,125
223,99,157,119
222,99,159,124
221,97,154,121
226,94,155,126
222,100,156,119
220,97,163,123
221,98,157,118
220,92,161,121
219,92,160,119
216,96,162,113
218,89,161,130
218,87,162,134
214,86,163,140
212,90,167,139
208,88,171,142
212,91,170,138
205,90,175,138
201,90,177,142
191,91,185,145
195,97,186,136
191,95,190,139
189,90,192,151
195,94,186,149
185,94,194,142
184,93,195,149
194,91,189,148
190,90,190,154
210,97,164,134
214,97,167,132
211,93,167,123
216,97,163,114
216,94,163,118
212,97,165,113
213,98,167,119
215,96,169,119
218,96,163,122
214,97,168,123
218,97,164,122
215,94,163,124
219,96,163,125
210,95,171,122
210,100,172,119
207,98,174,119
207,101,171,117
223,95,163,124
225,93,152,130
230,93,147,126
209,103,167,115
228,92,151,130
212,101,167,117
215,101,166,111
208,102,172,109
215,96,165,120
213,97,166,119
209,97,170,115
212,97,169,118
209,101,170,110
211,99,170,121
214,98,164,125
217,101,163,116
216,101,165,123
223,100,159,121
217,100,161,123
227,102,151,117
226,101,154,118
227,102,150,120
236,104,144,114
233,107,146,113
241,105,138,101
248,109,131,102
232,114,147,109
214,101,164,119
220,108,158,120
225,98,152,118
242,102,134,124
254,109,122,126
267,105,110,128
283,101,97,131
250,113,84,117
272,119,68,110
267,124,68,111
252,122,84,110
267,121,74,113
293,121,50,113
302,126,40,108
303,140,39,94
304,146,37,86
308,140,34,87
305,137,36,94
310,137,33,89
313,139,30,88
309,135,34,92
312,136,32,87
311,133,31,93
309,130,35,96
311,130,38,88
312,132,37,81
307,135,37,69
302,134,45,60
300,137,49,50
298,138,54,48
300,141,49,46
302,140,48,42
288,144,59,46
287,148,58,50
289,154,57,61
294,151,51,68
292,154,55,68
292,155,54,72
296,156,49,68
294,156,50,70
292,157,54,68
292,158,53,69
291,158,52,71
290,160,53,67
290,159,49,67
293,161,47,58
288,161,51,59
287,163,53,61
285,165,54,62
286,163,51,66
287,162,53,67
282,160,57,70
284,161,53,71
284,159,55,73
283,157,57,72
282,155,57,76
287,152,51,78
295,147,44,84
288,144,48,86
292,147,46,84
286,144,50,86
288,145,52,84
283,144,52,86
288,146,52,84
287,146,48,83
289,146,51,82
290,146,39,81
290,143,39,84
289,141,40,86
288,141,39,86
286,140,47,87
283,140,49,88
285,143,47,86
285,139,45,91
286,139,41,89
285,139,49,89
285,141,47,89
286,138,44,90
282,136,49,92
282,134,49,98
285,135,45,97
285,133,45,98
286,133,45,99
286,133,45,99
285,132,48,100
287,131,46,99
286,131,44,100
286,129,46,99
286,129,46,98
283,129,49,97
286,131,48,95
282,130,49,96
283,130,47,92
284,129,46,98
283,131,45,98
283,133,47,96
284,134,40,94
285,134,49,92
285,137,34,89
286,139,37,90
282,143,31,86
279,143,38,83
278,145,38,81
277,145,42,81
275,142,55,81
272,143,61,79
266,145,56,76
262,148,56,74
254,153,60,77
266,150,61,75
255,153,73,69
273,152,59,72
264,156,67,65
256,156,71,63
252,155,78,65
250,156,81,61
249,155,83,61
241,155,93,55
264,153,84,56
274,156,72,52
256,155,82,45
263,151,72,44
263,144,70,55
258,144,76,52
254,141,80,56
248,137,88,64
249,132,86,70
251,133,81,64
260,131,71,63
257,130,75,71
261,129,69,71
257,127,73,78
261,129,68,72
257,127,70,73
257,127,64,67
256,127,64,65
257,127,62,62
257,128,63,68
263,128,57,63
262,128,57,64
262,130,55,58
263,130,56,61
265,132,54,56
263,135,55,58
263,137,55,55
263,139,53,50
266,141,53,47
269,140,49,50
271,140,44,50
271,139,44,53
270,139,44,55
265,140,46,49
265,139,47,51
263,137,48,52
261,135,46,57
258,135,50,57
258,134,44,61
258,134,44,61
258,134,44,61
258,134,44,61
258,134,44,61
255,132,45,65
251,123,43,58
251,128,41,46
255,130,33,38
258,131,31,38
261,131,30,38
261,130,32,38
262,129,35,39
260,128,39,39
264,127,38,40
262,126,44,41
264,127,45,40
263,129,49,38
265,129,48,39
272,133,45,43
272,132,43,41
274,139,46,43
274,134,47,38
277,136,45,37
276,138,49,37
278,139,48,35
279,141,50,36
278,142,51,35
283,143,51,36
283,143,52,39
281,144,55,38
281,144,56,38
282,144,54,37
284,144,54,38
282,144,55,40
284,149,52,40
284,146,53,39
285,147,53,40
288,150,52,37
289,149,50,40
289,149,51,40
290,147,51,42
289,145,51,44
290,146,52,44
290,147,53,43
291,148,54,42
291,147,52,47
294,147,50,47
299,149,45,46
291,153,51,46
294,151,49,47
297,154,48,43
298,155,46,42
296,156,48,42
297,161,47,38
301,161,44,38
300,160,45,38
298,164,45,36
292,170,49,37
291,174,47,48
295,171,43,50
299,172,40,47
296,169,43,52
296,165,47,53
294,160,49,62
297,156,49,67
287,150,46,72
292,147,41,76
294,144,37,78
291,138,35,77
274,151,45,66
272,150,44,64
280,141,34,68
282,139,31,67
276,126,37,77
276,131,37,70
283,129,31,69
285,130,29,67
286,131,29,64
286,130,33,62
285,128,33,63
285,126,33,62
288,124,32,62
288,123,34,62
288,121,35,59
291,122,33,60
290,123,36,56
290,123,36,54
290,127,40,48
290,124,41,48
285,125,47,45
284,129,50,42
284,132,52,40
285,129,55,47
289,138,56,40
305,140,55,43
294,142,68,47
296,136,72,55
303,134,68,68
298,129,63,83
311,135,55,76
316,132,46,80
315,133,46,77
324,137,54,67
319,136,64,66
290,127,65,69
326,127,74,69
334,137,62,62
352,139,47,60
353,139,53,56
361,144,50,53
363,143,54,56
363,142,60,64
360,177,72,69
352,176,90,69
354,155,86,76
350,170,93,77
345,142,103,103
347,175,101,70
365,118,97,64
390,112,82,72
390,112,82,72
390,112,82,72
398,104,79,92
406,98,73,98
414,93,66,86
428,90,54,82
436,85,47,81
434,82,51,79
441,78,45,73
441,76,45,79
440,73,47,86
440,70,45,91
435,68,49,88
435,65,45,84
429,63,48,91
427,60,43,89
419,58,47,86
416,55,45,89
413,54,47,82
415,54,41,78
410,53,44,93
411,50,37,98
403,49,40,97
399,48,40,98
392,48,42,95
391,70,36,103
388,66,33,109
383,56,34,117
377,45,34,127
368,40,39,129
362,39,41,131
356,38,40,134
349,36,42,132
344,34,41,131
335,33,44,131
327,30,47,130
321,27,47,134
315,21,44,134
309,16,44,138
301,14,49,135
298,14,42,134
290,4,39,139
279,5,43,138
276,2,37,138
267,1,38,141
260,1,38,136
254,1,35,133
244,18,38,122
240,0,44,117
235,18,36,125
231,21,34,136
227,13,37,151
223,19,42,157
220,26,46,161
216,33,53,173
220,45,46,168
227,77,35,148
230,90,33,145
234,103,31,143
238,114,31,138
241,122,32,134
243,120,38,144
244,133,41,134
246,139,42,126
245,144,43,122
245,157,47,110
239,159,59,109
238,169,60,101
236,175,65,93
237,180,66,89
232,182,69,91
233,185,65,91
229,192,68,85
228,199,68,78
223,200,72,78
225,213,75,65
226,215,74,61
232,213,68,65
237,218,64,59
241,216,58,59
240,219,62,58
238,216,66,58
236,218,71,58
237,216,68,60
234,215,69,59
236,217,69,59
232,218,72,56
237,216,67,60
234,216,70,61
233,215,71,60
236,217,67,57
238,216,66,60
238,217,66,58
235,218,68,57
236,217,67,59
237,217,67,59
234,216,70,59
236,218,68,59
