151,103,168,166
148,104,165,165
140,107,173,160
130,106,171,157
124,104,169,156
118,102,180,161
128,98,164,157
129,97,165,156
127,88,175,164
130,89,174,157
144,82,171,160
158,76,169,153
166,73,162,153
189,71,158,144
219,71,157,136
253,68,150,131
279,63,146,135
313,67,137,134
331,69,140,127
354,81,138,125
367,83,143,125
363,85,145,123
372,89,136,123
354,97,146,124
360,103,129,116
328,98,133,123
303,97,127,122
294,94,118,120
234,92,126,114
198,89,119,112
133,81,124,115
101,70,114,117
35,55,127,117
1,30,115,137
6,30,95,129
2,27,94,132
2,27,94,132
2,27,94,132
2,27,94,132
2,27,94,132
0,10,114,133
-1,15,106,130
15,61,117,118
14,51,132,138
84,96,119,120
124,109,109,125
179,123,108,113
179,128,138,106
223,133,126,102
273,134,116,107
311,129,113,110
328,124,107,109
326,123,110,111
326,120,117,109
309,126,118,112
280,138,115,109
238,145,119,107
163,149,136,125
117,150,139,125
96,151,143,127
11,123,139,146
-8,93,102,135
-8,93,102,135
-8,93,102,135
-8,93,102,135
-8,93,102,135
-8,93,102,135
-8,93,102,135
113,174,114,114
113,174,114,114
113,174,114,114
113,174,114,114
9,121,88,111
53,154,113,117
139,168,129,115
207,165,138,111
214,159,155,114
230,156,144,108
261,143,130,107
274,137,130,108
286,132,124,107
280,136,122,100
231,148,138,109
216,148,147,118
161,151,140,122
89,161,156,113
58,159,144,114
15,156,121,111
10,169,140,93
10,169,140,93
10,169,140,93
10,169,140,93
10,169,140,93
10,169,140,93
10,169,140,93
10,169,140,93
79,182,145,75
79,182,145,75
79,182,145,75
79,182,145,75
2,156,141,93
35,160,131,107
107,167,127,124
167,186,147,114
236,172,136,121
245,167,136,121
278,146,135,123
300,118,131,116
301,117,134,119
276,99,144,132
246,95,147,138
209,101,181,130
187,97,143,136
168,100,140,121
148,95,128,121
147,97,117,107
156,95,105,98
182,107,92,88
202,112,82,89
220,122,77,83
225,124,80,79
230,121,84,81
228,124,89,80
251,118,79,84
256,119,79,86
258,121,90,90
259,122,102,100
260,116,102,105
256,107,113,120
246,99,124,124
238,89,134,128
223,43,138,145
212,27,144,152
212,13,147,154
205,13,148,167
209,16,147,161
207,42,142,152
219,73,137,144
234,83,129,134
237,103,128,118
234,100,125,117
262,104,105,114
271,104,92,96
276,89,80,84
273,76,77,78
273,63,74,76
270,53,77,75
264,46,69,74
265,47,73,72
262,54,70,72
255,58,72,74
253,58,73,75
242,73,82,83
236,75,89,86
231,69,103,97
228,54,110,110
220,21,119,116
217,-4,134,120
207,-10,141,107
207,-3,144,79
210,-6,144,74
209,-1,154,83
218,0,153,106
227,68,152,124
240,78,141,146
268,108,129,128
282,142,119,122
300,149,107,118
303,166,107,119
320,188,96,118
321,189,104,105
325,193,101,93
322,188,99,101
323,194,103,100
324,192,99,97
324,190,98,109
324,186,96,108
327,194,93,99
324,190,100,96
323,195,102,88
325,190,96,94
324,187,94,103
326,194,93,86
322,194,101,85
321,188,101,100
323,191,101,97
323,191,101,93
325,192,101,98
324,192,100,108
319,190,102,104
314,191,95,99
301,193,101,89
297,192,104,90
268,177,100,93
258,177,109,90
205,165,113,98
172,176,108,103
127,200,118,110
94,207,131,110
95,202,131,114
85,190,132,113
87,200,138,110
100,205,133,111
105,206,124,101
111,206,119,105
106,205,123,108
100,207,129,102
106,207,130,106
105,203,120,107
106,209,124,101
110,207,118,104
104,205,125,104
112,209,118,102
108,204,127,105
122,197,120,100
152,184,110,104
158,182,106,104
190,169,101,100
191,168,113,98
211,171,117,101
234,176,118,102
242,184,112,92
292,195,99,117
297,191,96,123
293,187,101,125
299,188,94,115
297,193,88,116
300,193,82,118
275,182,100,105
267,181,108,91
253,157,110,92
232,152,109,87
220,150,107,85
184,147,109,95
156,143,111,99
115,139,117,108
77,143,121,107
9,163,127,115
5,183,129,105
5,183,129,105
5,183,129,105
5,183,129,105
5,183,129,105
5,183,129,105
5,183,129,105
8,6,109,111
19,-1,94,103
27,2,84,90
38,3,75,97
49,1,68,108
61,-2,68,95
69,0,67,83
69,0,67,83
56,177,53,71
51,190,63,83
104,170,75,95
151,164,84,106
194,161,110,108
240,160,130,113
265,159,145,115
312,155,133,120
310,156,135,118
308,158,136,116
286,166,133,114
236,173,151,110
217,173,160,118
141,163,150,109
81,142,146,125
64,131,147,125
-1,81,119,138
-5,31,117,152
7,5,111,160
7,5,111,160
7,5,111,160
7,5,111,160
7,5,111,160
10,9,104,175
0,24,119,186
2,44,122,189
76,101,135,179
136,148,163,189
217,181,182,178
290,195,179,161
302,186,201,154
324,169,188,153
337,162,168,145
330,159,169,138
319,152,165,132
315,150,158,134
280,153,159,124
266,154,155,122
212,146,156,127
178,143,186,133
142,142,159,125
123,147,161,124
75,141,155,122
72,137,145,129
6,105,146,152
-25,97,122,178
-25,97,122,178
-25,97,122,178
-25,97,122,178
7,21,106,168
0,14,118,169
4,15,111,176
4,15,111,176
2,12,112,177
2,11,111,182
4,11,111,177
5,9,112,184
14,116,89,167
4,109,101,175
61,126,123,159
124,145,133,152
190,156,152,140
232,163,141,117
235,154,139,117
263,149,126,117
288,146,124,114
313,133,123,112
319,127,131,111
315,123,122,109
290,126,114,112
281,129,114,106
257,131,121,108
210,129,121,106
163,129,120,103
105,129,128,116
75,134,114,108
66,135,122,105
51,134,106,106
46,133,111,107
34,134,106,95
27,136,119,95
33,139,116,94
51,143,106,91
59,145,106,95
76,150,100,95
102,164,99,87
142,167,95,101
154,173,94,97
160,177,100,81
194,182,93,84
205,183,97,81
253,175,115,83
287,166,98,89
306,158,102,95
321,146,106,97
324,136,114,101
317,126,111,114
272,120,136,121
232,113,146,132
166,107,158,149
154,108,151,147
77,116,156,154
30,127,160,141
26,141,140,129
35,152,127,125
48,165,130,113
88,171,122,106
84,174,134,102
156,180,106,99
172,184,102,94
205,187,107,86
226,187,106,81
273,183,98,77
281,179,97,84
306,167,100,84
314,156,105,92
312,153,110,93
310,148,118,101
306,142,114,102
281,136,127,117
253,136,145,115
181,124,159,130
122,112,165,146
72,104,161,154
19,95,161,161
1,105,143,158
14,122,113,138
13,136,125,132
10,140,134,135
37,153,134,126
39,161,140,119
105,174,122,111
153,179,111,87
194,181,105,90
219,178,101,94
237,171,111,87
271,160,108,97
288,150,107,96
288,150,111,93
293,142,112,102
287,139,114,103
267,137,125,107
225,138,140,119
180,136,137,122
134,137,143,120
78,119,141,141
64,106,137,137
15,82,155,154
13,52,146,172
9,37,145,150
11,49,144,143
31,67,143,150
57,96,134,150
81,107,137,145
103,117,142,144
115,111,147,140
121,112,139,128
162,70,159,147
175,8,176,146
175,8,176,146
175,8,176,146
175,8,176,146
175,8,176,146
175,8,176,146
-21,11,148,176
-21,11,148,176
-3,11,124,187
15,8,101,194
8,10,104,185
6,11,107,187
4,9,109,188
7,11,106,181
2,14,110,179
7,8,105,186
10,13,103,176
7,10,110,188
4,11,112,183
6,13,109,181
5,8,112,185
9,12,108,178
8,10,107,185
8,10,107,185
8,10,107,185
4,13,115,185
5,8,113,184
1,13,115,181
5,14,109,178
4,11,113,182
7,11,107,183
9,8,105,185
6,11,110,181
3,11,115,177
0,10,118,182
11,10,104,183
9,15,105,168
8,10,108,182
8,7,107,184
10,11,104,185
4,11,111,178
6,13,113,178
8,14,108,176
11,15,105,179
14,9,99,185
10,10,105,184
6,11,112,187
6,14,112,180
12,18,100,175
12,12,103,182
8,8,104,184
5,13,111,181
10,14,101,177
13,15,104,178
18,11,95,188
15,8,98,183
14,4,116,184
17,12,93,179
186,132,103,159
232,141,125,151
245,137,130,123
304,126,121,110
324,112,121,115
328,104,129,115
332,105,120,112
328,105,121,113
317,110,124,113
297,121,123,112
261,130,124,117
210,140,132,123
178,140,140,122
109,139,133,129
43,130,141,137
3,34,142,164
11,2,111,199
28,0,88,203
23,0,91,194
22,4,92,187
13,4,102,194
13,3,100,188
17,9,97,189
20,6,95,192
19,15,95,180
19,134,93,145
44,149,119,117
73,161,132,98
109,171,124,95
144,173,109,85
153,172,106,88
192,170,92,85
198,170,91,85
204,175,93,86
214,181,91,83
224,203,85,75
232,203,84,78
234,198,81,72
234,199,81,80
231,206,82,71
233,201,83,76
231,202,85,77
230,204,87,73
229,201,85,71
232,200,80,73
234,200,79,69
232,197,83,80
233,187,81,86
232,174,84,85
232,173,83,83
230,170,83,85
229,168,87,91
226,175,88,88
224,179,94,86
223,206,93,85
213,207,100,80
212,203,96,79
211,201,97,81
208,195,98,92
213,196,92,90
211,197,93,84
206,188,99,93
208,181,99,90
205,176,102,95
210,167,100,91
209,162,103,94
217,153,104,94
218,146,104,101
221,148,106,106
214,154,119,109
215,166,124,114
219,179,121,126
216,188,123,130
207,223,128,129
188,214,147,140
188,215,146,128
196,212,136,126
199,213,137,140
195,207,141,141
197,203,139,144
201,208,132,139
200,204,135,142
206,203,131,124
212,197,122,117
219,193,114,115
216,192,117,103
214,176,112,99
217,159,106,100
218,153,98,92
223,151,93,90
227,150,86,82
228,147,81,86
228,158,76,80
234,162,71,84
232,168,74,77
234,185,73,72
231,198,73,69
225,200,78,68
225,199,78,65
223,200,77,64
225,203,71,63
224,200,73,58
224,200,74,67
226,197,74,69
229,183,72,57
227,186,74,63
225,178,79,74
230,137,88,83
232,130,99,91
234,133,95,88
241,126,105,99
241,130,114,109
238,124,121,118
241,115,129,123
236,100,143,139
225,81,153,158
209,75,161,166
193,69,165,180
183,74,169,172
160,89,171,172
152,97,162,164
130,109,162,153
122,112,139,148
117,120,139,134
117,116,137,132
117,115,131,127
109,112,122,130
109,105,118,130
104,99,112,130
110,100,110,117
114,90,100,102
111,89,98,99
123,92,92,88
132,96,87,77
134,92,92,78
153,90,89,81
170,92,85,84
187,99,87,86
200,102,87,92
205,98,97,98
225,102,92,98
235,101,104,121
246,103,118,126
248,101,131,132
226,89,147,145
194,80,166,151
177,71,180,157
135,53,184,168
12,21,191,183
-8,16,173,182
-7,21,137,171
-4,27,124,163
1,45,123,153
2,49,136,151
10,71,149,134
19,75,147,132
93,100,126,143
182,122,115,115
235,142,118,109
273,149,128,117
286,147,129,119
287,130,144,127
261,112,159,130
214,89,171,148
163,68,185,168
138,67,188,173
97,63,157,178
53,59,178,179
38,63,164,175
6,70,160,162
2,69,148,168
8,71,111,174
2,86,125,148
6,95,131,141
26,104,126,133
57,117,123,124
99,123,120,121
131,132,134,120
173,135,123,122
212,141,130,120
227,140,136,121
248,140,138,113
256,132,141,120
256,116,157,122
261,107,153,130
247,80,156,152
207,49,166,162
150,31,162,166
106,15,161,166
83,24,189,151
34,20,164,145
27,22,155,138
24,13,163,140
37,13,156,131
40,7,161,135
83,3,132,127
110,5,122,121
131,7,121,121
135,5,132,132
167,23,123,130
185,44,125,129
196,80,132,119
196,82,129,119
178,92,144,125
157,94,155,133
125,102,155,138
83,109,148,142
75,114,145,140
28,122,156,129
-3,141,117,130
13,29,102,150
11,15,103,179
9,12,105,186
10,17,102,176
8,8,106,187
5,13,110,179
6,11,108,185
6,9,109,187
3,15,109,180
9,9,105,186
17,5,98,188
18,2,97,191
11,125,87,163
43,121,69,138
35,127,83,115
90,136,91,115
79,137,113,112
101,145,132,99
134,147,108,98
176,149,103,95
183,150,103,93
203,153,97,83
226,156,95,84
237,162,85,79
239,174,93,83
234,169,98,97
250,205,83,81
254,204,76,63
254,201,75,61
254,197,77,59
251,198,80,59
253,200,78,59
250,201,77,67
246,204,82,65
247,202,77,65
242,202,78,68
233,192,82,69
218,164,90,81
204,142,97,98
191,136,101,101
178,119,106,109
157,95,119,124
134,77,136,136
117,64,136,146
98,30,147,170
74,26,170,175
79,24,175,169
34,1,194,174
26,1,196,165
19,3,200,171
11,2,207,191
7,21,207,195
16,54,195,203
12,62,192,202
18,97,181,193
22,123,172,167
12,141,163,151
8,139,151,146
12,137,144,129
3,127,120,136
5,125,99,149
0,109,98,132
0,149,87,139
0,121,88,165
17,12,98,180
17,7,98,189
16,4,99,191
19,6,95,189
23,4,90,195
28,5,84,201
32,109,73,185
30,144,88,177
71,167,113,164
97,167,136,148
100,167,160,135
161,161,159,144
226,156,154,151
245,154,165,162
256,148,162,161
253,147,159,173
215,153,163,170
153,163,169,163
129,166,190,166
5,149,202,165
-9,149,169,155
-4,20,127,169
4,11,113,181
3,13,113,179
7,11,109,183
6,17,108,173
2,12,116,178
14,13,100,181
6,7,110,187
7,15,108,178
6,13,107,179
4,13,112,179
3,10,115,184
14,10,103,186
8,11,107,190
6,10,108,187
9,11,104,181
12,9,102,183
9,8,104,184
7,11,105,185
3,11,114,181
7,10,108,185
6,8,109,185
9,12,106,181
1,9,117,185
6,12,111,183
10,13,104,178
12,12,100,181
10,17,102,177
12,11,103,187
4,9,109,187
9,18,101,173
10,9,107,186
8,12,104,180
15,10,100,177
16,14,98,180
13,9,99,185
15,6,99,194
13,6,100,192
15,9,96,188
14,9,98,187
12,13,101,184
4,12,112,180
9,15,107,180
12,12,102,182
10,7,105,187
7,8,107,185
9,12,107,183
13,12,102,187
13,10,101,190
9,10,105,185
5,14,107,179
10,12,104,183
10,13,104,181
7,17,106,175
9,12,107,186
12,7,105,194
6,9,107,186
3,15,111,179
10,11,103,185
17,9,95,185
12,9,104,187
6,13,110,181
5,13,120,171
59,16,145,145
83,19,169,156
146,11,171,156
173,9,171,162
198,15,164,149
212,13,155,148
210,13,153,148
208,16,149,139
187,9,141,132
177,11,134,126
151,6,134,126
130,6,127,123
116,5,131,123
79,6,127,136
49,7,144,138
43,10,137,135
41,15,135,140
30,27,141,141
25,33,159,140
30,38,157,133
87,54,142,144
124,72,130,145
145,88,131,129
196,103,135,128
226,103,128,128
267,95,130,126
286,87,127,126
284,84,139,128
292,77,142,137
302,65,130,130
300,51,126,127
288,43,123,117
257,39,126,116
224,35,133,113
183,28,127,116
176,27,121,118
120,27,130,113
87,29,129,118
33,22,133,127
19,18,144,136
2,19,116,132
-2,27,104,118
-1,32,104,124
0,39,102,122
20,62,104,129
11,68,119,129
29,69,116,139
63,102,119,136
113,127,123,128
128,133,115,125
158,141,123,127
180,151,123,124
238,156,133,132
250,160,124,124
285,150,125,123
304,129,126,125
312,108,134,126
306,104,133,129
297,96,134,134
293,90,141,134
229,76,155,148
222,76,152,149
167,77,156,152
106,85,162,158
93,91,147,151
82,92,137,151
61,93,135,145
56,94,124,135
47,94,123,128
45,102,112,113
47,106,109,108
52,111,110,99
58,111,109,103
64,112,113,103
79,115,107,114
101,119,95,108
109,120,103,117
150,124,91,108
179,127,97,96
210,131,95,89
219,132,96,90
234,130,96,91
261,128,103,96
269,118,107,105
270,118,107,107
266,113,110,104
256,98,119,118
246,93,123,118
215,80,138,126
165,61,142,138
125,54,140,139
60,44,150,139
8,40,156,147
-12,28,143,162
-1,31,126,156
1,13,137,186
4,27,142,206
-1,40,136,231
40,118,138,209
84,143,141,174
166,194,121,157
177,191,125,122
188,191,126,100
214,186,106,108
229,190,109,103
244,202,113,107
260,199,108,116
258,199,115,129
260,198,120,151
253,206,130,138
258,201,124,146
252,203,133,137
252,195,133,147
259,200,121,150
264,204,112,136
264,209,112,121
265,209,112,116
261,214,116,115
264,212,110,116
264,211,114,119
264,204,117,138
258,205,126,146
258,202,126,146
258,206,122,131
258,204,122,143
257,209,128,125
264,203,115,142
262,205,119,143
253,206,127,145
257,213,122,129
262,209,117,137
256,214,124,120
258,208,122,144
258,212,122,128
255,214,123,127
254,209,122,134
246,207,130,138
254,209,119,135
240,211,134,139
230,213,138,127
229,211,140,122
230,215,143,116
237,216,132,112
234,217,132,111
238,217,130,109
239,216,129,117
230,215,137,123
222,212,146,121
217,208,144,121
206,205,138,108
194,196,140,116
175,175,141,123
136,150,140,123
110,122,127,129
74,100,125,133
53,90,110,131
27,90,107,141
12,104,100,129
2,115,100,136
1,121,102,137
1,125,109,152
31,146,105,144
48,162,124,137
91,166,143,134
151,170,148,129
182,174,144,131
256,185,134,119
294,188,142,120
316,190,143,120
319,191,150,119
309,198,150,142
305,197,150,133
261,195,137,143
195,184,138,131
152,170,152,128
75,136,158,142
58,119,152,146
19,108,133,141
-1,70,112,154
11,40,97,175
6,11,109,181
6,13,111,180
5,15,110,179
7,9,106,186
4,12,112,184
3,13,114,180
4,9,110,185
3,10,113,187
10,15,105,182
5,9,111,185
8,13,108,178
4,12,113,183
5,11,112,186
6,10,110,188
6,15,108,182
7,14,109,183
6,10,110,183
4,12,114,182
3,8,110,186
7,15,106,180
6,12,110,181
0,8,121,188
6,9,109,183
1,16,117,174
3,10,111,180
9,14,104,178
11,12,107,186
5,11,111,182
-1,12,119,183
7,12,110,182
5,12,111,179
8,11,104,183
5,10,110,182
4,10,115,184
6,11,111,184
4,13,109,178
9,11,104,181
3,11,112,185
5,13,111,181
8,17,106,174
14,14,100,181
4,8,113,191
4,10,114,183
9,12,104,181
1,9,117,186
8,9,103,184
7,11,108,184
6,10,110,187
8,7,109,189
