519,241,23,28
521,241,21,27
520,240,22,28
520,240,23,28
523,241,19,28
525,241,18,27
524,242,19,27
526,243,16,26
527,243,16,25
526,242,17,26
524,243,18,26
524,243,19,24
526,242,18,24
525,239,19,25
525,239,18,22
524,239,19,19
519,240,21,20
519,235,21,20
513,231,24,24
507,232,27,27
507,232,27,27
497,225,27,28
491,223,29,26
485,219,28,25
478,216,26,24
470,209,24,26
463,207,23,25
452,205,26,26
445,204,24,26
433,201,26,29
423,205,28,24
410,201,29,24
400,197,33,25
390,191,31,28
383,183,27,29
376,175,25,25
370,168,25,28
364,159,24,31
359,147,23,33
359,147,23,33
349,134,24,32
346,130,23,29
344,125,24,32
343,125,23,32
343,127,23,32
342,129,22,31
342,131,22,33
342,134,21,31
342,135,21,30
343,137,20,30
342,138,20,29
342,138,21,28
342,137,22,29
343,135,22,28
342,132,23,29
341,127,23,32
339,122,23,28
336,117,25,28
330,113,25,28
276,155,21,28
284,158,21,28
292,160,23,29
296,162,25,27
304,164,24,25
310,164,23,26
316,163,22,27
318,163,23,27
321,164,23,28
322,164,24,27
323,167,22,27
322,170,22,26
318,175,22,24
312,178,23,25
305,181,22,25
297,181,22,27
287,180,22,27
279,181,22,25
271,180,22,24
262,175,22,27
255,169,20,27
249,163,19,29
242,157,21,29
237,152,22,30
234,148,22,29
231,144,22,30
229,141,22,30
229,139,22,29
229,137,22,29
229,136,24,29
230,137,25,29
232,139,27,29
234,143,26,29
238,149,25,28
243,156,24,27
246,159,23,27
252,163,22,29
252,164,22,29
259,169,22,28
265,174,25,27
275,176,25,28
285,178,23,26
294,178,23,26
303,179,23,28
311,180,22,29
316,184,21,28
318,187,20,25
317,190,20,27
312,195,22,29
306,200,21,28
297,203,21,28
286,205,22,29
275,208,22,28
264,206,20,29
253,206,23,30
241,203,24,27
230,194,24,30
223,188,23,28
214,179,23,28
210,170,23,28
208,160,23,28
208,147,23,30
210,138,22,29
213,129,23,28
220,118,23,30
225,109,25,32
234,103,26,34
241,98,27,31
248,95,27,32
259,95,23,32
266,95,23,31
273,99,23,31
279,103,23,31
287,111,19,27
291,117,20,29
296,124,18,28
299,130,21,29
299,137,22,32
304,145,20,29
303,150,23,29
306,153,22,29
307,155,23,28
308,156,23,27
310,155,21,26
310,152,20,26
310,149,19,25
310,145,19,24
310,141,19,23
311,135,17,24
309,125,20,27
307,119,23,29
307,119,24,34
306,110,23,40
303,105,26,31
305,100,21,27
304,94,21,27
303,92,22,28
303,90,21,27
302,89,23,28
304,90,22,27
304,90,22,29
304,94,22,29
306,99,21,29
307,107,21,29
304,114,24,30
306,122,23,27
305,129,23,32
306,138,21,31
308,144,22,29
308,150,21,29
307,153,22,27
308,154,23,27
307,153,23,26
309,152,21,26
310,148,20,26
311,145,19,24
311,141,18,22
311,135,19,23
309,125,21,27
308,122,23,27
306,120,26,33
306,112,22,26
307,107,21,27
307,102,20,26
305,98,21,27
305,95,21,27
302,94,22,28
303,93,21,29
301,94,22,29
300,97,22,30
300,102,21,30
300,109,21,29
300,115,21,31
300,122,21,29
301,129,23,34
301,138,22,31
301,146,23,29
303,153,23,28
304,159,22,26
304,162,24,27
305,165,24,26
307,166,22,25
307,166,21,25
308,165,22,25
307,163,22,25
308,159,21,25
309,156,21,23
308,151,21,23
310,144,22,24
308,139,26,27
307,133,23,24
306,127,20,25
306,121,18,26
304,117,19,26
303,113,20,26
302,110,20,25
301,108,21,25
300,105,22,25
301,105,21,26
301,104,20,26
301,101,21,27
300,99,22,28
300,98,22,28
299,97,22,27
300,97,22,28
300,97,22,28
300,97,22,29
300,100,22,28
301,102,22,26
303,105,21,25
304,109,21,25
306,113,20,25
308,118,20,27
310,124,20,27
311,132,21,26
310,137,23,24
308,149,25,23
311,147,24,25
312,154,24,26
309,160,23,26
306,164,21,26
299,165,22,26
290,165,20,25
281,164,20,24
268,160,23,26
258,157,23,26
243,153,24,27
231,150,25,28
221,148,25,28
209,146,27,27
201,144,28,27
193,143,27,27
188,143,26,27
185,143,25,26
181,142,25,27
179,141,26,27
177,141,24,27
176,140,25,26
175,136,25,26
175,133,24,27
174,129,25,26
174,124,25,29
175,120,25,28
176,115,26,30
178,109,27,30
181,104,28,31
184,100,30,29
185,98,31,30
193,89,28,30
200,82,26,30
204,75,27,31
211,70,27,33
217,65,26,31
223,61,25,29
229,57,27,28
235,54,27,28
242,51,26,30
249,51,26,29
257,49,26,28
264,48,24,30
271,47,23,31
276,46,23,30
280,45,22,31
283,45,21,29
283,44,21,29
281,43,21,29
278,42,22,31
272,43,24,29
262,44,27,25
256,45,26,25
247,48,25,26
235,51,31,28
225,54,32,31
217,61,30,32
209,67,31,33
198,75,33,34
193,88,30,31
190,96,28,33
188,104,28,36
188,114,29,37
189,125,27,35
192,136,27,31
198,148,27,30
205,157,29,31
213,168,29,29
225,175,29,27
237,181,28,28
252,187,25,29
265,190,22,30
275,192,25,28
287,193,27,29
297,194,25,28
311,193,20,27
319,193,20,25
326,191,19,24
332,188,21,25
336,187,20,23
340,185,19,24
340,183,21,25
340,183,22,26
339,184,22,25
337,184,22,26
334,186,22,26
330,190,22,26
323,192,22,27
315,193,24,29
307,194,24,29
298,196,25,29
285,194,28,31
275,194,25,32
265,195,23,28
255,192,25,28
244,188,22,26
229,179,26,29
218,170,25,31
210,160,26,31
201,150,27,32
195,138,27,31
194,137,27,30
193,127,26,32
192,116,26,34
191,106,27,35
193,98,28,34
196,91,31,33
202,85,29,32
207,81,31,30
215,78,32,31
223,76,32,30
232,76,32,28
242,77,31,26
253,78,32,26
264,80,34,26
277,85,33,27
293,89,29,31
306,92,25,30
313,96,25,31
323,100,24,30
329,101,25,30
333,101,23,29
335,101,21,30
334,100,22,29
332,99,22,29
327,96,22,28
321,92,21,28
311,87,20,30
301,84,23,27
287,81,29,31
276,79,29,29
264,79,26,25
252,78,28,27
241,78,30,26
231,79,29,28
222,80,31,30
215,83,30,30
209,86,28,31
205,91,28,30
202,96,27,29
200,101,27,32
200,107,27,32
201,114,27,30
203,119,27,32
207,127,26,31
213,134,25,31
220,140,23,31
226,147,24,29
234,153,26,29
242,159,24,28
251,164,24,28
260,167,24,28
269,168,22,27
278,169,24,28
289,171,19,26
297,171,20,26
304,170,23,26
312,170,21,26
317,169,21,27
321,168,22,26
324,167,22,27
324,166,23,27
325,163,21,26
323,161,21,26
320,159,21,26
316,156,22,27
310,153,22,27
304,152,23,27
298,150,24,28
291,148,24,29
285,146,24,28
277,146,20,28
266,145,25,27
255,145,25,29
247,144,25,29
237,146,24,26
225,146,24,27
216,147,27,27
206,149,28,29
200,151,29,29
195,154,27,28
193,157,26,30
192,161,26,29
192,168,26,25
193,174,29,24
195,181,29,22
200,187,29,22
206,193,26,20
212,200,25,18
218,204,25,18
224,208,25,19
231,212,26,18
238,213,28,20
245,215,27,19
251,215,28,21
258,217,24,17
264,217,19,17
269,215,14,19
269,215,14,19
269,215,14,19
269,215,14,19
269,215,14,19
269,215,14,19
269,215,14,19
269,215,14,19
269,215,14,19
269,215,14,19
269,215,14,19
269,215,14,19
269,215,14,19
269,215,14,19
269,215,14,19
269,215,14,19
269,215,14,19
269,215,14,19
269,215,14,19
269,215,14,19
269,215,14,19
269,215,14,19
269,215,14,19
269,215,14,19
269,215,14,19
269,215,14,19
269,215,14,19
268,215,12,21
266,214,13,21
260,215,18,20
249,216,23,22
239,215,26,22
231,214,25,21
223,210,25,22
217,204,25,23
209,195,28,25
204,186,30,24
201,175,29,27
200,165,24,26
197,151,25,31
195,141,26,32
195,134,24,32
195,128,24,30
195,124,27,32
196,121,26,30
195,120,26,30
197,118,26,32
197,118,27,30
196,119,26,31
195,120,26,31
195,122,26,31
194,126,27,31
193,131,26,32
192,136,26,32
192,145,26,32
193,153,25,33
194,163,26,29
195,172,27,27
197,177,28,27
199,183,28,28
203,191,29,26
208,199,27,23
212,204,29,23
220,209,27,23
226,210,26,23
232,213,30,23
242,213,28,25
249,213,27,22
256,212,22,22
264,213,16,18
268,212,13,18
268,212,13,18
268,212,13,18
268,212,13,18
268,212,13,18
268,212,13,18
268,212,13,18
268,212,13,18
268,212,13,18
268,212,13,18
268,212,13,18
268,212,13,18
268,212,13,18
268,212,13,18
268,212,13,18
268,212,13,18
268,212,13,18
268,212,13,18
268,212,13,18
268,212,13,18
268,212,13,18
266,218,13,18
262,220,16,18
257,222,18,19
250,222,22,20
239,219,25,22
232,215,28,23
226,209,26,25
222,202,26,26
221,194,23,26
218,181,26,30
220,173,27,30
223,162,29,31
228,152,29,30
233,141,27,32
240,134,24,32
248,125,23,30
252,119,24,27
256,110,23,28
260,100,23,30
265,90,21,31
267,82,21,31
270,75,21,30
272,71,22,29
275,66,21,29
279,62,21,31
283,60,21,30
285,61,22,28
289,63,22,28
292,66,23,31
295,72,24,30
298,79,23,27
302,86,22,29
307,96,22,29
311,110,21,25
315,120,20,23
319,127,18,26
323,137,18,23
326,141,18,26
328,147,19,27
329,155,20,26
330,162,22,25
331,166,21,25
328,175,24,24
329,181,22,23
328,186,21,23
325,192,21,25
319,193,24,25
315,195,24,27
310,195,23,26
303,195,25,27
299,193,24,24
293,187,24,25
290,182,23,27
289,174,21,28
289,173,20,28
286,165,23,30
285,155,23,30
285,145,21,32
285,135,20,32
282,125,20,29
278,115,20,27
273,103,22,29
266,95,21,28
259,90,22,27
254,87,21,29
248,87,21,28
245,87,20,27
243,90,20,27
243,94,21,28
246,99,20,30
250,107,21,29
255,115,23,32
260,124,23,32
271,137,19,30
279,146,19,31
285,159,21,27
291,167,22,28
296,176,21,25
300,183,21,26
303,188,22,25
305,191,23,26
307,195,22,26
306,197,23,28
307,200,23,27
306,201,24,28
305,203,21,28
302,204,21,27
298,204,21,28
292,203,21,28
285,201,21,27
281,198,20,27
275,194,21,26
269,187,21,28
266,179,19,29
264,171,20,30
262,163,21,28
263,154,21,29
264,146,22,28
266,139,21,29
269,132,22,29
275,127,22,30
279,125,23,30
285,122,23,30
290,122,22,30
298,122,22,30
305,125,22,29
311,127,21,30
318,134,21,28
323,141,22,28
330,149,22,26
333,156,22,24
336,162,22,24
337,168,24,25
338,174,24,24
341,177,21,25
341,180,22,25
339,182,24,25
339,182,24,27
341,182,21,27
340,182,23,25
340,182,22,25
342,181,20,26
341,180,22,26
341,179,22,25
341,178,22,26
341,177,21,25
340,176,22,27
339,175,21,27
338,174,22,25
337,174,21,26
336,173,21,25
335,173,21,26
333,173,22,25
333,171,22,26
333,171,22,26
331,170,22,26
332,169,22,27
332,171,21,26
331,169,22,26
330,169,22,27
332,170,21,25
330,169,22,26
330,168,21,27
329,168,22,27
328,167,23,27
327,167,22,26
326,167,21,27
325,166,20,26
323,165,21,26
322,164,22,26
318,163,23,27
316,161,22,26
311,159,23,26
306,158,22,26
299,157,22,26
294,157,21,26
288,157,21,27
281,158,21,26
275,158,22,28
270,160,23,28
266,162,22,27
262,161,22,26
258,161,22,27
257,158,22,26
254,154,22,27
253,148,22,29
252,143,22,30
252,136,21,30
254,129,21,31
256,124,21,30
260,119,20,30
266,116,21,30
272,113,24,30
286,111,20,28
292,112,24,31
295,112,28,35
306,116,25,30
316,119,24,31
326,123,24,32
334,129,22,30
339,135,24,29
344,138,23,28
347,141,22,29
349,143,21,27
350,143,20,27
347,141,21,28
342,139,22,27
339,136,20,27
331,131,21,28
322,126,21,28
306,127,22,23
294,123,22,22
277,118,23,22
258,107,22,25
241,106,22,28
224,106,26,31
207,109,29,29
196,112,29,29
190,116,28,30
185,120,28,32
182,127,27,30
181,136,28,31
182,146,28,28
185,159,27,29
188,170,27,30
194,179,25,30
200,192,27,30
207,202,27,29
220,218,23,23
224,225,22,22
232,230,23,20
242,234,24,19
251,237,24,18
259,238,22,17
265,238,18,17
265,238,18,17
265,238,18,17
265,238,18,17
265,238,18,17
265,238,18,17
265,238,18,17
265,238,18,17
265,238,18,17
265,238,18,17
265,238,18,17
265,238,18,17
265,238,18,17
265,238,18,17
265,238,18,17
265,238,18,17
265,238,18,17
265,238,18,17
265,238,18,17
265,238,18,17
265,238,18,17
265,238,18,17
265,238,18,17
265,238,18,17
265,238,18,17
265,238,18,17
265,238,18,17
265,238,18,17
267,238,15,16
261,239,20,16
254,240,22,16
248,239,25,19
244,239,25,21
241,241,26,21
239,238,27,23
238,236,27,22
239,231,27,24
239,223,28,27
243,213,26,30
245,204,27,31
250,193,26,32
254,180,28,34
261,168,24,32
266,155,23,34
269,143,24,32
275,133,22,28
278,122,20,27
280,115,21,26
282,106,22,30
281,97,24,31
280,91,26,29
277,85,26,29
273,80,28,29
269,79,29,27
264,78,30,27
259,78,29,27
253,79,31,26
247,81,32,26
242,85,30,23
236,87,30,23
232,90,28,22
229,91,27,25
227,93,24,26
227,94,23,26
228,93,23,28
233,92,22,29
236,90,24,29
243,89,24,29
252,89,23,29
259,89,24,32
268,92,24,32
277,95,25,31
287,101,26,29
297,107,25,28
307,114,23,26
314,129,23,23
318,135,27,22
321,145,26,22
323,156,25,23
323,166,26,25
321,176,27,24
320,176,26,26
320,184,25,26
319,192,24,25
317,199,23,25
315,203,25,25
315,207,25,24
317,208,25,25
317,209,25,25
318,210,26,26
319,210,27,26
321,210,26,25
322,211,26,23
323,209,26,24
322,209,26,24
321,208,25,25
320,208,26,24
319,207,26,25
318,206,25,25
316,207,25,24
314,206,26,24
312,204,27,26
311,204,27,25
309,201,26,27
307,199,26,27
306,198,25,27
303,194,25,28
302,191,22,28
299,188,22,27
295,184,23,26
291,178,21,26
288,170,20,28
283,160,22,30
281,153,22,30
279,143,23,31
281,135,23,31
281,130,22,30
283,124,23,29
286,118,22,32
291,116,21,30
297,116,19,30
301,116,20,32
306,120,21,32
312,124,20,31
316,131,21,32
318,140,22,31
320,147,23,30
322,152,23,28
323,154,23,29
323,155,22,29
324,154,22,27
325,149,20,27
325,146,20,24
322,140,21,24
321,134,18,22
299,116,22,24
298,122,22,27
316,112,19,25
314,108,21,21
312,101,21,24
310,97,20,27
308,95,19,25
306,96,20,27
303,98,21,28
302,104,20,28
298,112,21,28
299,122,20,28
297,132,22,28
295,139,26,32
296,148,27,29
298,153,26,29
303,156,24,26
305,156,22,25
307,153,22,26
309,149,21,24
310,144,20,24
310,139,21,21
298,127,23,25
313,122,22,20
311,117,22,23
310,111,24,23
309,106,24,24
307,103,23,24
306,101,22,26
306,102,20,27
305,108,20,27
303,113,20,27
300,120,22,31
301,131,23,29
298,137,27,33
300,148,26,29
302,154,27,30
305,158,25,29
309,158,23,27
312,155,21,26
316,151,18,24
316,143,21,24
318,139,22,22
300,124,24,26
316,118,23,20
314,115,25,23
312,111,25,24
311,108,25,24
309,107,23,25
309,106,21,27
308,109,21,28
306,114,21,27
304,119,21,29
302,127,22,29
302,135,23,30
302,142,24,30
303,150,23,29
305,155,23,29
306,158,23,27
311,158,21,27
312,156,21,25
314,153,21,23
316,149,19,21
318,144,19,21
306,131,22,25
305,139,24,29
320,123,21,24
319,123,22,25
319,116,23,27
318,112,23,26
316,109,24,26
315,107,24,26
311,102,24,27
306,99,22,28
299,97,23,29
290,96,25,30
280,97,24,31
269,98,24,29
258,101,22,30
246,104,27,30
235,108,29,32
225,112,27,32
218,118,25,33
210,123,25,32
204,129,26,30
201,135,25,30
199,141,24,28
198,146,24,29
199,151,23,28
200,155,25,30
203,162,24,27
206,167,25,27
210,170,26,27
217,175,24,26
223,178,24,27
230,181,25,27
237,183,25,27
246,184,23,27
254,186,23,27
263,187,23,28
271,188,22,28
279,189,22,27
288,188,21,26
297,189,21,26
303,187,22,25
310,186,20,26
317,184,19,27
321,183,21,26
326,181,22,26
329,179,22,26
331,178,22,26
334,175,20,28
336,174,21,27
337,173,21,27
338,172,20,27
339,171,21,28
340,170,21,28
341,169,20,28
341,169,20,28
342,169,20,28
342,169,21,28
342,169,21,27
343,169,21,28
342,168,21,28
343,169,21,28
343,168,22,27
344,167,21,28
345,167,20,27
346,165,20,28
346,163,21,28
347,161,20,28
348,160,21,28
349,157,21,29
