328,106,23,41
326,104,23,39
327,107,23,39
326,105,22,39
328,104,23,41
327,104,23,41
327,104,23,41
328,106,25,41
329,105,25,41
329,106,24,41
329,106,24,42
331,106,23,42
332,108,24,42
332,107,24,41
334,108,24,41
335,107,24,42
334,107,25,43
336,104,26,42
338,103,26,41
339,101,26,42
340,100,25,42
341,98,25,41
343,95,25,41
344,95,25,40
345,93,26,41
345,92,27,41
346,90,27,41
347,91,28,41
348,92,26,40
348,91,26,41
348,93,27,40
349,94,28,40
349,95,28,41
350,95,26,41
351,97,27,42
351,100,28,41
352,100,28,42
352,102,29,42
351,103,30,41
349,105,29,41
349,104,31,42
349,107,29,42
350,107,28,41
347,106,28,41
347,106,27,41
344,107,26,41
342,108,25,40
338,106,26,41
335,108,25,41
334,109,25,41
331,109,26,41
329,109,24,40
324,109,25,42
322,110,26,41
320,111,28,40
317,111,27,39
315,112,28,39
312,113,29,39
311,112,29,40
311,112,28,40
310,111,31,41
310,113,32,42
310,113,33,42
309,114,33,41
310,114,33,41
310,114,32,41
312,112,31,40
313,114,31,40
316,114,31,40
319,112,29,40
320,112,31,41
321,109,31,40
321,106,32,41
321,104,33,42
325,101,30,41
324,97,29,42
326,93,27,42
325,90,27,45
326,90,27,45
326,89,24,44
323,88,25,46
322,86,25,46
320,85,25,44
315,86,27,46
311,84,29,45
306,83,29,46
305,82,26,45
300,80,27,46
295,79,28,47
292,76,27,48
288,75,28,50
285,73,27,49
283,71,29,49
281,69,30,52
282,68,28,52
281,65,28,52
282,64,28,53
284,64,29,52
287,63,30,52
290,63,31,53
294,65,31,53
299,64,30,53
304,69,30,50
308,72,29,49
311,76,29,49
314,83,30,47
318,86,29,46
322,93,27,45
323,93,25,45
324,97,24,44
326,98,24,43
324,102,27,42
324,105,25,41
324,107,25,41
322,109,26,41
321,110,26,40
318,111,26,39
314,111,27,37
312,111,25,38
307,109,28,38
302,108,26,37
301,109,26,37
295,108,29,38
289,108,30,37
288,108,30,35
283,107,29,37
281,105,30,37
278,104,31,37
274,101,30,40
275,99,30,40
274,95,29,40
274,93,30,41
273,90,32,40
273,86,32,41
275,82,31,42
276,79,31,43
281,75,29,43
285,71,28,44
290,69,26,43
293,65,28,43
299,64,27,43
302,66,27,44
306,66,29,44
308,68,31,44
311,69,32,42
316,70,32,43
317,72,33,44
319,76,31,44
323,77,32,45
323,80,31,45
323,86,31,43
324,90,29,43
323,93,29,44
321,101,29,42
322,106,27,41
318,110,27,40
316,117,27,38
315,123,27,38
312,127,25,38
311,133,22,36
309,138,22,37
306,141,22,39
305,148,21,37
303,150,23,38
297,154,25,41
298,156,23,41
296,160,24,39
295,162,26,42
293,163,26,41
293,163,25,39
293,166,26,41
293,165,25,42
293,165,25,42
293,165,25,42
293,165,25,42
293,165,25,42
293,165,25,42
293,165,25,42
293,165,25,42
293,165,25,42
293,165,25,42
293,165,25,42
293,165,25,42
293,165,25,42
293,165,25,42
293,165,25,42
293,165,25,42
293,165,25,42
293,165,25,42
293,165,25,42
293,165,25,42
293,165,25,42
221,90,31,42
220,85,31,44
220,84,34,47
220,86,39,46
219,89,40,46
224,92,36,46
229,93,32,45
229,93,34,45
219,94,43,47
227,94,36,46
232,92,32,48
234,92,30,45
235,93,28,46
233,94,30,44
233,94,29,45
231,96,32,44
233,96,30,45
234,96,29,45
232,98,30,45
231,96,29,45
231,97,30,46
232,97,28,46
232,97,29,44
231,95,28,45
230,95,28,43
224,96,33,41
220,91,34,44
220,89,32,42
216,89,34,43
207,87,38,42
204,85,39,42
198,89,39,36
199,87,38,36
199,86,36,34
194,84,39,36
192,82,37,34
190,80,38,34
186,81,38,37
179,80,41,30
183,80,35,29
186,80,30,25
186,79,30,25
181,78,31,27
182,79,30,25
185,79,26,24
184,78,26,27
182,78,28,26
181,80,29,24
179,76,30,28
177,77,31,27
174,75,35,30
175,78,34,27
173,78,35,27
172,76,36,27
171,76,37,27
173,76,35,27
171,75,35,29
169,75,37,27
169,76,37,28
168,76,37,30
169,75,37,27
165,76,39,28
166,76,38,28
169,75,37,28
169,76,35,28
169,76,36,28
167,76,39,27
169,77,35,28
167,76,38,28
170,77,34,29
172,77,33,30
171,76,34,28
169,76,35,31
167,76,36,30
164,76,40,31
167,77,37,31
168,78,35,30
165,77,36,29
168,77,34,29
165,78,36,30
157,75,42,32
154,74,45,35
154,72,46,36
151,75,46,34
152,74,47,34
152,74,45,34
152,75,47,33
150,74,46,34
150,74,48,35
149,75,46,36
149,74,49,37
153,74,48,36
153,76,46,34
156,75,44,35
155,76,46,32
158,77,45,31
159,78,45,32
159,74,45,35
158,78,48,31
163,79,40,29
161,77,43,32
160,76,44,34
159,75,46,33
159,77,46,32
158,77,46,31
158,78,46,31
157,76,45,33
156,74,48,36
157,75,47,33
160,78,44,32
160,76,45,35
160,79,46,33
160,78,47,32
157,80,48,32
159,75,48,37
159,79,46,33
157,79,49,33
160,78,46,34
159,74,46,36
159,79,47,35
161,79,44,31
167,81,39,30
167,81,38,31
165,80,40,34
164,79,41,34
162,78,46,36
161,74,47,40
162,72,45,42
163,73,45,40
165,75,44,37
165,74,43,40
167,74,43,41
168,73,41,42
165,72,43,43
167,73,42,42
164,78,45,38
168,73,44,43
164,78,46,40
169,73,43,43
165,77,47,40
162,72,48,45
165,73,47,44
168,75,44,41
165,76,46,42
168,79,43,38
166,75,45,42
164,77,46,39
168,77,44,39
166,82,46,36
166,79,45,39
162,72,50,44
166,73,46,44
165,76,46,41
168,79,44,39
166,76,45,42
166,80,46,38
169,79,43,39
166,81,45,37
166,79,45,40
165,82,45,35
164,77,48,40
162,75,48,41
163,77,46,38
165,80,45,38
167,76,41,41
165,73,44,42
164,75,45,41
165,75,43,40
165,81,44,37
164,79,43,38
165,74,44,42
164,80,44,35
161,76,46,37
166,77,44,38
165,75,46,43
163,75,47,41
166,77,44,41
166,79,44,39
165,81,47,36
166,75,45,42
167,79,45,38
166,77,46,39
168,80,45,37
166,78,45,40
168,76,44,40
167,76,45,39
168,81,44,36
167,78,45,38
167,82,44,35
165,79,46,37
168,82,43,41
170,82,42,36
170,80,43,38
169,77,44,42
171,81,41,38
169,83,43,38
166,77,47,42
162,82,51,43
168,81,47,40
164,84,49,39
169,82,43,37
168,81,44,37
169,79,43,35
165,74,47,40
160,81,50,34
159,82,50,32
165,83,45,30
160,83,47,29
158,83,49,28
157,81,49,26
156,79,51,31
156,80,48,26
155,81,49,26
159,80,46,26
159,79,45,29
160,78,45,32
159,80,48,29
157,78,49,32
159,79,45,30
159,80,45,31
161,77,44,32
162,78,44,30
161,77,44,32
162,79,45,30
163,81,45,28
161,80,46,31
163,79,45,31
165,80,42,30
165,76,43,34
163,78,44,33
162,81,46,30
163,80,45,30
163,78,45,33
160,80,47,31
156,81,51,28
159,81,49,30
162,81,46,31
163,80,45,30
163,79,45,34
167,82,41,29
169,80,39,32
168,79,41,33
171,79,37,32
166,79,41,32
168,81,42,33
166,78,43,34
166,80,42,32
166,79,43,33
166,75,43,38
163,81,48,30
163,78,46,34
162,75,46,37
167,78,44,36
167,72,44,42
166,75,45,40
167,74,45,41
164,78,45,39
167,71,45,44
161,74,49,43
162,79,48,40
164,80,46,38
162,82,48,36
162,81,49,37
156,83,55,39
158,83,54,43
158,80,53,43
156,81,56,41
159,78,53,48
150,76,60,57
150,77,62,52
153,81,59,46
155,79,56,46
158,80,55,45
155,81,56,52
150,76,60,58
151,79,60,56
152,78,61,54
152,80,60,53
157,76,56,57
156,82,56,47
156,80,56,55
153,77,59,54
154,80,56,53
155,80,59,48
154,81,58,57
154,77,57,62
158,80,54,66
159,80,52,70
152,78,60,67
153,77,58,80
151,79,60,89
155,80,57,95
151,75,63,96
154,78,57,98
154,75,58,98
147,80,63,90
151,79,60,92
152,75,59,98
154,78,57,95
150,77,62,97
152,80,61,94
153,79,58,92
150,80,61,97
154,81,59,91
151,80,62,93
156,79,54,98
148,75,65,98
147,79,64,94
152,78,59,95
155,79,57,96
150,77,63,95
157,78,54,100
153,78,59,94
158,77,55,98
157,77,54,90
154,78,57,97
155,76,57,97
150,76,60,97
153,75,57,96
155,78,55,97
155,75,54,98
156,75,54,98
149,76,60,96
155,78,55,93
155,75,56,100
153,76,59,99
158,79,54,92
155,78,58,94
153,76,59,97
157,79,57,94
154,76,57,94
152,77,61,98
155,79,57,93
151,78,61,95
156,80,56,94
160,77,52,97
153,78,60,95
153,81,59,90
154,79,57,94
151,79,61,92
160,78,52,94
154,79,60,96
151,79,62,93
156,80,56,94
152,78,60,94
156,82,57,90
152,78,62,92
160,80,53,98
155,80,56,94
154,79,58,95
148,76,63,96
152,81,60,91
157,84,55,90
153,80,58,89
150,79,63,93
153,78,59,96
151,76,60,97
154,80,58,93
145,79,66,94
154,79,58,94
148,78,63,94
153,79,58,92
154,79,57,96
158,77,53,97
155,77,55,92
154,80,58,95
149,79,61,92
154,80,58,90
155,77,57,96
155,78,57,98
149,80,60,91
157,78,55,94
154,78,58,97
150,76,61,97
156,78,56,95
154,79,58,90
152,79,60,93
154,81,59,91
150,77,61,94
159,79,52,92
155,78,57,97
155,83,59,89
155,80,59,93
148,81,65,92
158,78,54,96
155,76,57,97
151,78,61,93
156,77,56,98
151,80,62,92
154,79,58,91
152,79,59,94
157,80,56,91
158,79,55,92
153,79,61,94
149,80,63,93
157,82,54,90
154,79,59,93
150,81,61,91
163,84,51,89
153,79,58,95
149,81,64,93
152,81,61,94
157,82,56,93
151,80,60,92
151,81,59,90
153,81,59,91
149,79,61,93
153,80,58,92
160,80,53,93
156,77,58,95
155,82,58,91
154,81,57,92
158,82,55,90
154,81,59,90
151,79,61,92
157,82,57,92
153,78,60,94
152,83,60,90
157,81,56,91
156,82,60,94
154,84,61,87
151,83,63,90
154,82,59,90
155,83,59,88
155,84,59,87
153,84,61,88
158,85,56,86
153,83,61,90
152,82,59,89
158,84,56,91
157,84,58,89
153,80,62,91
151,82,62,91
156,85,59,88
152,84,62,87
157,83,57,89
153,82,60,91
154,85,61,87
154,86,60,87
153,85,60,89
151,86,64,87
148,90,64,82
145,91,68,83
146,89,66,84
149,87,63,87
149,90,64,83
148,93,66,81
146,91,66,85
148,91,65,82
149,91,65,83
146,92,68,84
148,92,65,82
146,91,67,84
150,89,65,86
147,91,67,82
147,89,67,85
150,90,65,85
150,90,64,85
149,88,67,85
146,87,72,87
152,87,67,88
152,88,67,85
148,85,69,88
146,86,70,89
154,86,64,88
153,86,65,88
150,87,66,85
156,85,64,86
151,85,68,89
149,88,68,85
154,87,66,86
159,86,61,86
156,85,62,88
151,88,68,86
151,87,68,87
149,86,70,88
148,89,70,86
151,89,67,85
151,91,66,84
146,88,69,88
156,90,60,84
150,86,66,88
150,86,66,89
148,89,66,84
151,92,64,81
149,91,66,84
145,92,70,83
143,90,70,82
147,89,66,84
146,91,64,86
146,90,65,85
149,91,65,83
141,91,70,85
148,91,65,81
145,92,68,79
147,90,67,83
147,91,63,88
150,92,62,84
148,90,65,85
149,90,65,85
151,93,66,82
149,92,66,86
147,91,65,81
150,91,63,80
148,90,62,84
149,89,68,86
147,92,66,85
154,89,62,86
149,88,68,86
145,91,70,84
152,89,62,89
150,92,66,84
147,89,72,81
150,89,70,84
150,86,72,87
163,90,60,86
157,89,66,86
155,88,70,86
158,87,67,84
149,89,76,85
146,86,78,86
151,90,71,82
160,86,64,86
173,86,52,89
173,86,49,87
176,85,48,89
169,83,56,89
167,87,56,83
171,87,51,86
170,87,52,86
173,90,50,83
170,87,51,83
171,88,51,87
171,89,53,82
174,90,49,83
167,85,54,89
166,88,57,85
159,86,64,86
156,87,65,86
166,87,58,85
157,87,65,82
161,86,62,89
171,85,52,86
171,88,53,86
172,87,52,85
167,90,57,84
158,90,65,83
145,91,79,80
143,93,80,81
148,97,80,76
153,96,77,76
150,97,80,77
149,98,84,75
148,98,83,74
156,97,78,72
156,99,79,74
148,98,85,74
147,99,85,74
142,97,87,75
144,98,87,74
144,97,88,76
140,97,90,77
146,95,86,76
146,95,84,79
145,93,84,80
139,93,89,79
143,94,86,78
140,92,85,79
147,94,79,82
147,90,82,80
146,92,81,80
146,91,80,80
147,94,79,80
160,90,69,83
148,89,79,84
151,92,76,82
161,89,66,81
164,87,62,85
173,90,53,84
174,87,51,88
176,91,49,83
175,88,49,86
177,89,47,85
173,88,51,86
179,91,45,81
175,90,50,84
174,89,51,85
174,87,52,87
175,90,51,84
176,89,49,85
176,90,50,84
180,91,47,83
176,92,52,81
176,94,53,78
173,94,56,78
175,94,56,79
173,94,59,80
176,95,55,79
175,94,55,77
178,95,53,77
176,95,55,77
176,94,55,80
174,95,55,79
179,94,53,80
175,94,59,80
177,95,55,79
179,95,56,79
177,94,57,80
182,96,54,79
183,95,54,79
183,97,55,78
180,98,58,74
182,97,58,74
184,99,55,76
180,98,57,78
183,100,58,77
185,101,56,75
184,100,57,71
181,103,59,57
184,103,59,50
182,107,62,44
181,112,61,37
182,107,61,45
182,113,61,39
183,111,59,41
189,105,52,46
183,106,60,51
181,105,61,48
182,107,63,48
183,107,59,54
186,107,55,47
188,108,54,47
183,106,56,48
189,107,52,47
185,107,57,49
186,107,54,47
185,107,59,45
183,112,59,42
186,110,57,43
185,107,57,47
183,106,61,47
185,106,58,51
185,106,57,48
183,106,59,48
186,105,56,51
185,104,56,49
184,105,58,51
184,101,59,52
184,102,59,52
184,102,60,49
186,102,58,53
186,102,56,50
184,103,60,50
186,103,58,49
184,103,59,50
187,105,55,49
187,107,58,47
184,107,58,48
188,108,56,46
187,109,57,47
192,109,52,47
189,109,52,46
190,110,54,44
183,108,60,47
190,108,55,47
188,108,53,46
191,108,51,46
188,109,56,53
190,109,55,45
191,109,54,46
191,110,53,45
195,110,50,45
194,110,50,45
192,109,53,45
194,109,54,46
193,110,55,45
197,109,52,46
195,109,56,45
201,112,55,44
201,110,55,45
206,111,52,43
210,110,53,44
215,111,50,45
213,110,53,45
220,109,49,45
221,110,49,47
226,111,46,45
229,109,49,47
233,110,50,45
234,111,50,46
237,110,52,47
239,110,52,48
246,112,49,48
249,115,49,49
252,116,48,49
256,118,49,49
260,117,51,49
263,118,51,49
270,117,46,50
270,118,50,49
273,118,51,47
278,118,54,49
281,118,52,48
284,119,54,48
285,118,51,47
287,116,52,46
294,117,49,46
298,118,51,46
301,116,53,47
301,116,56,51
302,115,56,48
307,115,54,49
309,114,54,52
313,113,56,52
313,111,57,48
317,113,54,49
318,110,56,53
319,109,55,51
321,111,57,50
321,109,59,51
322,107,60,59
325,106,61,60
329,106,61,59
328,105,61,56
334,103,59,56
337,102,58,59
338,104,59,57
339,104,57,61
341,102,56,59
346,105,55,63
349,105,57,60
349,106,59,61
351,106,61,60
354,106,61,61
355,104,61,62
355,105,63,63
359,106,63,62
362,107,62,59
362,105,64,58
366,107,65,58
366,109,67,61
364,109,68,62
367,110,69,60
366,111,68,61
370,112,68,58
370,111,70,62
371,109,72,65
376,109,71,59
376,107,73,57
380,107,67,59
378,104,73,57
376,104,77,60
377,102,75,60
378,102,77,59
379,104,69,61
375,108,76,56
377,113,73,49
373,115,74,51
377,116,72,52
378,115,68,49
386,115,62,48
391,113,56,48
393,112,52,49
394,112,47,48
393,112,52,48
392,110,54,47
392,109,52,47
394,110,47,49
394,110,51,48
394,110,49,48
398,113,43,50
397,113,46,49
398,116,47,49
397,118,49,49
394,117,54,48
381,117,66,51
386,118,63,52
385,116,65,50
382,112,69,50
383,108,67,51
388,106,63,50
386,110,67,48
381,108,70,52
386,107,66,53
388,107,63,51
391,106,62,52
389,103,62,51
389,104,60,51
390,100,52,53
389,99,54,51
387,98,51,53
388,94,48,56
389,91,43,54
387,92,43,53
390,89,37,52
388,88,36,54
388,87,34,51
386,86,35,54
384,87,38,53
380,87,37,51
377,86,37,49
380,87,37,48
377,84,38,48
371,85,39,47
372,82,48,47
370,86,53,43
371,89,51,40
369,89,52,39
368,91,50,39
368,94,48,35
370,95,48,35
368,96,48,32
369,95,46,33
350,65,41,42
350,65,34,49
348,64,32,52
344,67,33,54
342,70,33,55
340,74,32,55
336,74,33,52
335,76,31,51
373,85,32,41
374,87,37,36
370,88,39,34
362,85,45,36
362,86,47,37
362,87,45,34
360,85,47,37
359,85,47,36
359,86,47,36
357,86,48,37
360,86,45,36
359,87,47,38
359,85,48,38
361,87,46,37
359,85,46,37
360,86,47,36
359,84,45,37
359,86,47,37
365,86,41,37
372,86,33,37
372,86,33,37
368,91,37,36
354,86,42,43
356,84,32,32
359,83,30,35
361,84,36,33
362,83,42,34
362,84,44,36
362,82,45,36
361,82,45,35
363,82,46,35
364,83,46,36
365,84,44,34
366,82,46,36
366,82,49,38
365,82,51,36
371,83,48,34
368,83,49,32
372,84,46,34
372,84,46,26
370,83,47,28
371,85,45,24
362,82,40,26
362,84,38,26
363,85,36,25
367,88,34,23
365,87,36,26
365,85,37,26
360,84,41,28
357,85,42,28
354,84,44,29
348,84,47,36
345,83,49,35
343,83,49,38
342,82,47,37
338,84,47,35
338,83,45,36
338,82,46,37
340,84,46,37
339,86,47,36
340,86,45,36
339,86,45,36
338,85,46,39
340,85,44,37
346,84,40,36
354,85,35,32
359,84,30,29
365,88,28,26
364,93,28,20
345,91,30,24
347,86,29,27
348,82,32,31
349,81,37,32
352,80,40,34
351,82,44,33
353,81,44,34
353,80,45,33
353,81,46,32
357,82,44,31
352,81,48,32
353,82,47,31
356,84,47,29
358,86,45,31
358,85,46,27
362,86,42,22
361,87,41,20
360,86,38,21
361,87,36,22
359,84,37,23
357,84,36,25
356,85,35,24
355,85,36,25
355,83,36,23
354,81,37,27
354,89,34,21
356,88,32,23
357,89,30,21
352,87,33,22
350,86,37,23
347,86,40,27
340,86,46,27
339,85,44,27
338,87,45,28
334,86,45,31
333,85,45,33
330,86,44,38
330,87,43,37
327,87,46,37
325,88,51,38
324,88,53,34
324,89,52,34
328,90,48,33
330,89,46,31
331,88,46,31
333,88,44,31
334,88,45,32
333,87,44,33
333,87,43,32
333,86,42,32
335,88,42,31
336,89,44,31
337,88,43,31
339,87,43,30
339,86,43,31
339,87,43,29
339,87,43,28
341,88,45,28
340,87,45,28
341,89,43,28
339,89,45,26
340,88,45,25
339,91,44,21
338,91,44,22
335,92,46,22
334,93,44,22
333,92,44,21
333,93,45,21
334,93,43,21
333,93,43,20
335,94,42,20
334,93,43,21
333,93,43,20
333,95,42,20
335,95,41,20
335,94,39,19
338,95,36,18
337,93,35,19
336,90,35,21
334,91,36,22
335,91,35,21
335,92,35,21
335,91,35,20
337,92,36,22
334,91,38,24
334,91,41,22
333,90,42,25
332,89,43,29
333,90,44,30
333,90,44,30
335,90,45,31
335,90,47,32
338,90,45,33
341,88,45,35
343,89,47,36
343,88,47,38
344,89,48,39
347,91,50,38
347,91,49,40
351,92,47,38
352,91,47,39
354,92,48,38
356,91,48,39
358,91,47,40
358,91,48,41
361,90,48,41
363,91,47,43
366,92,47,45
369,91,45,45
369,93,47,45
371,93,46,45
371,91,47,46
371,92,48,43
371,91,47,44
371,91,46,44
372,92,47,43
372,92,49,43
371,91,47,42
371,90,48,44
372,90,47,42
373,91,47,43
374,90,47,43
374,90,47,42
377,91,44,45
374,91,48,43
375,91,47,43
375,92,46,44
374,90,46,44
374,92,46,44
374,91,46,45
373,91,46,45
371,92,47,44
370,90,45,46
369,92,46,45
368,92,47,44
368,91,48,47
370,92,48,44
371,91,47,45
370,92,45,43
370,92,46,44
371,92,46,44
370,91,46,42
371,92,45,44
369,92,48,44
372,93,45,45
370,92,45,46
370,92,47,47
370,92,46,46
371,94,47,48
370,94,45,47
372,91,45,51
374,90,45,49
375,90,47,46
374,91,48,48
375,92,46,47
380,89,43,49
380,92,44,47
379,89,45,48
378,91,47,47
380,91,45,47
380,92,46,47
382,91,44,49
381,90,44,52
382,90,43,53
382,92,43,52
382,92,44,49
384,93,44,50
384,92,44,52
386,92,44,49
385,92,45,50
384,93,45,50
383,94,44,45
386,93,43,50
385,93,44,49
386,94,45,46
386,95,44,47
386,94,45,49
386,94,45,50
384,92,45,51
386,95,43,48
386,93,43,49
387,92,44,47
385,93,43,44
385,94,43,47
383,93,44,49
384,93,45,49
384,91,45,51
384,94,45,49
386,92,42,49
388,94,41,48
383,97,44,49
387,95,41,53
391,97,38,54
393,97,36,53
391,98,37,54
390,100,41,55
391,100,37,55
390,100,40,55
393,101,38,55
393,102,36,53
392,101,37,53
394,100,36,54
392,100,39,54
394,102,38,55
393,101,38,54
394,100,37,54
394,100,37,54
394,100,37,55
393,100,37,54
393,99,38,54
394,100,38,54
394,96,37,53
391,96,41,54
389,95,43,52
391,94,42,52
391,96,42,52
388,95,44,51
386,95,46,51
388,96,44,47
389,94,45,49
386,95,45,50
387,96,45,46
383,97,47,44
382,98,46,44
381,97,46,42
383,94,43,43
382,93,44,44
380,94,45,41
381,95,43,44
379,94,44,42
380,95,44,42
379,92,45,44
380,95,44,43
380,97,44,41
377,94,45,44
377,95,46,42
378,95,45,43
380,97,43,41
376,95,44,42
378,97,44,41
377,97,43,42
376,94,45,44
376,96,44,45
375,95,44,45
374,96,45,46
375,94,45,47
375,95,45,47
375,96,44,45
376,94,42,46
376,95,45,43
377,97,44,41
377,94,44,43
377,94,44,46
378,95,45,44
378,93,43,44
377,93,45,44
377,94,44,46
376,93,45,44
376,96,45,42
375,96,46,41
377,96,45,40
377,98,44,40
376,94,43,42
375,94,45,43
376,96,46,43
375,97,45,39
374,95,46,40
374,96,47,39
374,97,47,39
375,97,45,39
373,98,47,38
369,98,47,37
362,97,48,39
361,97,49,40
359,94,50,42
361,95,47,42
359,94,49,44
359,94,46,44
357,95,48,42
359,95,48,42
357,93,48,43
358,96,48,41
357,94,50,42
359,95,47,42
360,94,47,42
358,95,49,40
360,95,49,41
361,96,46,39
362,95,47,40
364,96,46,40
367,95,41,40
364,96,43,39
369,96,39,39
373,96,34,39
375,97,32,38
376,96,32,39
377,96,32,39
377,95,31,40
376,95,32,40
376,95,32,40
374,95,34,40
372,95,36,39
372,96,36,38
370,96,35,38
367,97,40,37
364,97,44,39
364,95,44,38
362,95,46,38
359,95,47,39
360,97,48,39
359,95,48,40
361,96,47,39
358,96,50,39
358,97,48,39
358,95,50,39
359,96,50,40
359,96,48,38
361,96,47,39
360,97,49,39
359,97,47,40
359,98,48,39
358,96,48,40
361,95,47,40
359,96,47,41
358,95,48,41
360,96,48,41
359,94,48,42
358,95,48,41
360,95,45,41
360,95,47,41
358,95,48,42
358,93,46,47
357,91,46,53
356,93,48,52
356,97,47,54
354,101,49,54
355,103,49,54
355,105,50,48
354,105,49,45
356,107,49,44
354,109,52,48
356,110,51,48
355,112,53,46
355,115,52,44
358,114,50,47
355,114,52,44
354,115,52,43
356,116,53,41
356,112,53,42
357,111,53,43
356,108,54,43
360,107,52,42
359,106,51,43
358,105,51,44
358,105,51,44
357,105,51,43
353,103,56,45
355,104,54,45
354,104,53,44
355,105,53,44
355,103,53,43
349,102,58,45
350,102,57,45
349,101,56,44
347,100,57,45
344,99,58,44
342,96,57,46
341,95,57,48
341,94,57,47
342,92,57,50
341,93,52,47
339,91,54,48
337,91,57,47
335,92,57,46
333,89,52,47
328,86,57,51
329,89,55,49
326,89,60,49
324,89,60,50
323,87,61,50
319,87,63,53
319,87,63,54
316,88,64,52
314,86,65,51
314,84,64,53
314,84,63,52
313,84,62,47
314,84,60,46
315,83,56,49
314,84,56,48
316,81,56,51
313,83,56,51
317,84,51,48
319,83,48,51
316,82,51,49
317,83,47,47
317,82,47,50
316,81,50,50
317,83,48,49
317,81,48,48
316,82,49,49
317,82,50,49
317,83,48,49
318,81,49,49
318,84,46,47
318,81,47,49
317,83,46,48
318,85,46,46
317,86,45,46
317,86,46,47
317,83,45,49
317,84,48,50
316,83,45,49
316,85,44,47
316,83,46,49
315,80,49,50
316,81,45,51
314,80,48,52
312,82,50,52
309,82,48,51
306,81,50,54
305,84,48,54
304,82,46,52
299,86,48,51
298,83,48,54
296,87,48,47
296,90,51,46
295,85,47,50
294,87,47,46
293,85,49,49
294,86,49,48
292,86,48,46
293,82,49,49
292,86,49,46
291,87,50,46
291,89,49,45
292,85,49,48
292,88,49,47
290,84,50,50
289,88,48,46
290,91,47,44
291,87,47,48
292,86,46,47
294,88,45,46
296,95,48,42
303,88,47,46
308,86,45,50
311,84,46,45
318,84,42,45
323,81,39,35
330,80,32,33
320,82,41,42
319,79,46,50
323,64,44,59
330,57,39,61
323,79,41,52
322,91,41,36
323,89,47,38
327,87,46,39
331,87,44,37
331,87,45,36
332,88,46,35
333,87,46,34
334,86,45,35
334,87,46,36
336,88,46,35
336,87,45,35
336,88,46,35
339,88,45,35
338,88,46,34
339,88,46,35
341,88,45,34
341,90,45,33
342,89,45,34
342,89,47,33
343,89,47,34
344,90,47,36
343,89,47,35
343,90,48,35
344,89,46,35
344,90,47,35
345,90,47,36
344,90,47,35
345,90,46,34
346,90,46,34
345,92,46,35
347,91,46,35
346,91,46,35
348,91,45,35
347,92,46,34
349,92,45,33
351,91,44,35
351,91,46,34
353,92,44,33
354,94,44,33
356,95,44,32
358,96,43,33
360,96,45,33
357,97,46,33
360,96,44,33
359,95,44,33
358,95,46,33
357,94,45,33
358,96,45,33
359,94,45,34
359,95,46,33
361,96,43,33
361,96,44,34
360,96,46,34
358,96,47,33
357,95,48,33
359,95,45,33
359,97,45,33
359,96,46,34
359,96,47,33
359,96,47,34
360,97,46,34
357,96,46,35
359,95,46,34
358,95,47,35
356,96,47,35
356,96,48,34
358,96,45,35
358,97,45,36
360,95,43,37
359,97,46,37
359,97,46,37
360,97,44,37
359,96,45,36
359,96,45,37
359,96,45,37
359,95,45,36
359,97,44,36
360,97,43,36
361,98,45,37
363,98,42,36
361,98,45,36
360,98,45,36
362,98,42,37
362,99,45,35
363,97,43,35
363,98,43,36
364,96,43,38
364,96,43,40
364,97,45,44
365,95,44,45
364,95,43,47
363,94,45,48
362,95,46,49
364,95,45,49
364,98,46,50
365,99,46,48
364,101,46,49
366,103,46,48
364,102,46,51
365,104,46,49
366,103,45,48
365,103,46,48
365,104,45,48
365,104,46,48
366,102,45,49
365,103,47,48
365,104,47,48
367,104,47,48
366,103,47,50
363,104,48,49
363,101,47,52
365,102,45,52
366,100,44,53
361,99,48,53
362,99,45,51
362,100,47,51
360,100,48,48
363,98,47,49
360,98,48,51
361,98,47,50
358,98,48,49
360,97,46,51
361,99,47,51
361,102,47,50
364,102,45,48
362,101,47,51
363,104,45,50
363,105,48,49
365,105,48,47
364,104,49,52
363,107,51,49
367,105,51,53
365,110,51,49
366,111,54,49
368,107,51,53
369,109,51,51
370,111,51,51
369,110,53,51
368,112,54,50
371,114,52,50
373,112,51,52
370,114,54,50
373,115,51,50
372,113,51,53
372,116,51,52
369,118,57,52
370,115,53,56
367,120,59,52
369,120,56,54
370,121,57,53
371,118,56,55
367,117,56,55
369,115,54,56
366,114,58,56
367,109,55,60
367,106,55,60
364,107,54,56
363,104,54,59
363,104,52,56
363,101,53,59
361,102,52,61
361,100,55,62
359,100,56,61
355,101,59,60
356,100,60,63
354,99,61,60
352,96,64,62
351,95,60,60
353,98,61,62
353,98,62,64
354,98,61,67
352,100,65,67
354,99,64,69
357,100,65,66
358,98,64,68
359,96,63,69
359,96,66,71
358,95,71,71
359,94,71,72
359,93,72,69
363,89,71,73
363,85,75,72
365,79,74,76
366,78,77,77
369,74,75,78
371,71,75,79
373,69,77,81
374,66,76,80
374,65,77,80
377,60,78,82
376,60,77,81
373,55,79,84
376,54,79,85
376,52,79,89
376,49,77,90
376,49,79,87
372,43,85,94
376,39,86,94
374,34,85,94
374,34,89,95
373,34,88,100
371,38,89,98
368,40,87,102
363,43,93,105
355,49,102,105
356,41,98,107
350,41,97,108
350,37,99,113
349,32,98,112
349,26,95,113
339,16,102,118
341,8,94,123
332,6,100,123
326,5,99,119
318,4,98,112
316,1,100,105
305,2,104,108
294,2,115,105
286,2,130,107
276,0,132,113
266,0,131,113
266,-1,130,117
254,-1,133,104
251,-3,139,109
244,0,139,103
246,2,140,84
221,2,141,75
216,2,147,62
208,-6,150,67
210,0,158,54
188,2,159,46
192,2,156,64
191,1,147,63
186,0,149,61
189,1,145,49
182,1,151,43
182,1,151,43
182,1,151,43
176,0,143,38
176,0,143,38
176,0,143,38
176,0,143,38
176,0,143,38
179,-1,144,42
179,-1,144,42
183,1,149,34
183,1,149,34
183,1,149,34
183,1,149,34
181,2,153,33
181,2,153,33
167,1,150,35
180,0,152,34
170,1,161,36
177,-1,156,38
153,0,144,38
186,-1,147,36
179,1,143,36
179,0,153,36
165,1,155,38
187,0,145,35
171,1,147,37
181,-1,155,38
167,2,166,35
162,1,173,35
169,1,166,36
150,0,171,37
162,0,171,35
173,0,166,37
163,0,166,36
172,0,165,36
163,2,172,36
168,1,168,34
172,2,162,38
172,0,166,36
164,1,166,35
169,1,171,34
174,1,166,39
171,0,166,38
163,0,159,37
168,-1,168,39
171,0,165,37
161,0,166,35
162,0,176,34
162,2,173,37
167,-1,171,36
158,1,177,39
166,0,176,36
159,1,177,36
163,0,171,37
162,0,174,34
158,2,178,33
161,2,176,34
155,1,181,34
150,1,189,37
149,1,186,36
151,0,188,35
155,3,179,35
163,0,179,34
160,2,179,33
155,0,185,35
159,1,175,34
158,1,174,34
157,1,180,34
157,2,177,33
152,1,186,33
157,1,187,33
153,2,185,38
151,1,193,37
146,1,196,37
148,0,192,37
146,0,189,40
151,0,186,37
152,2,189,34
145,3,191,36
148,2,198,36
144,1,199,35
142,2,201,38
142,0,201,40
147,0,192,36
154,0,181,39
156,2,176,37
169,0,168,35
160,2,172,40
162,0,173,39
166,1,168,40
165,1,170,38
173,4,163,41
159,2,181,43
157,2,161,48
166,0,166,56
159,0,144,62
179,1,118,57
189,1,107,55
196,0,103,58
203,0,96,57
215,-1,85,58
217,0,83,55
220,4,81,56
198,4,96,60
207,7,100,69
287,0,119,81
209,22,108,81
209,22,108,81
209,22,108,81
209,22,108,81
131,6,109,104
131,6,109,104
131,6,109,104
131,6,109,104
131,6,109,104
131,6,109,104
131,6,109,104
131,6,109,104
131,6,109,104
131,6,109,104
131,6,109,104
131,6,109,104
131,6,109,104
131,6,109,104
131,6,109,104
131,6,109,104
131,6,109,104
131,6,109,104
109,2,122,104
126,1,133,110
126,1,133,110
126,1,133,110
350,14,121,114
350,14,121,114
537,42,101,120
548,38,95,132
547,8,90,150
532,-3,109,153
520,-1,117,141
536,2,101,143
520,0,120,148
505,1,127,151
505,1,127,151
505,1,127,151
505,1,127,151
505,1,127,151
505,1,127,151
505,1,127,151
505,1,127,151
505,1,127,151
505,1,127,151
505,1,127,151
505,1,127,151
505,1,127,151
505,1,127,151
505,1,127,151
505,1,127,151
505,1,127,151
505,1,127,151
505,1,127,151
505,1,127,151
505,1,127,151
505,1,127,151
505,1,127,151
505,1,127,151
505,1,127,151
500,-3,136,155
503,0,138,149
449,1,141,143
500,-2,140,144
494,3,146,139
490,1,148,138
489,4,148,133
491,6,143,129
485,1,147,131
479,5,165,123
473,1,163,132
467,3,173,135
450,5,190,136
417,8,224,131
395,11,249,142
400,8,240,130
400,8,240,130
400,8,240,130
400,8,240,130
400,8,240,130
400,8,240,130
400,8,240,130
400,8,240,130
400,8,240,130
400,8,240,130
400,8,240,130
400,8,240,130
400,8,240,130
400,8,240,130
400,8,240,130
400,8,240,130
400,8,240,130
400,8,240,130
400,8,240,130
400,8,240,130
400,8,240,130
400,8,240,130
400,8,240,130
400,8,240,130
400,8,240,130
341,4,286,120
299,2,334,131
308,0,324,142
304,0,333,160
331,1,308,139
369,7,275,123
392,5,246,129
402,6,236,126
407,3,231,131
411,6,229,128
466,45,213,128
474,7,187,134
486,-1,165,141
498,0,143,133
513,5,128,132
534,0,107,115
549,0,98,113
544,0,98,108
540,-1,101,100
545,7,95,81
539,1,102,79
533,3,108,70
533,0,114,71
527,1,114,68
537,0,106,67
535,3,107,61
550,1,90,50
549,2,92,54
556,3,88,61
392,-3,84,44
389,0,80,40
391,0,76,40
394,0,75,44
397,0,72,42
396,0,72,41
396,0,72,43
399,0,73,40
399,0,71,41
400,0,72,43
400,0,69,42
399,1,72,42
399,1,73,45
399,0,72,49
397,1,75,48
393,-1,86,56
393,-1,92,58
393,1,83,55
395,0,87,60
397,4,83,55
396,2,83,58
395,1,83,57
397,2,88,58
398,1,91,60
397,4,89,60
395,1,98,61
395,0,104,66
396,0,100,63
397,2,98,63
396,2,99,63
399,2,95,64
397,0,98,64
398,0,98,65
399,1,95,63
398,0,95,62
397,1,98,63
400,1,96,62
402,0,93,63
402,0,89,62
402,0,92,61
405,0,91,57
407,0,90,55
408,0,91,51
408,0,94,51
407,0,94,49
412,1,94,46
409,1,95,48
404,0,104,47
406,1,102,48
405,1,104,48
403,1,108,48
400,2,113,46
398,4,115,45
400,2,113,48
397,4,118,45
395,0,123,46
396,2,120,41
406,2,112,41
410,1,106,38
420,1,95,39
421,2,92,37
420,2,90,36
420,0,89,38
415,1,94,39
408,2,100,39
403,2,100,43
394,3,103,46
