234,240,70,74
235,242,69,76
238,243,64,71
239,241,64,75
240,241,64,76
242,243,62,72
244,241,61,75
247,242,57,72
248,244,54,72
253,248,49,70
254,250,47,66
257,251,45,69
260,250,40,70
262,250,38,74
264,249,34,75
266,250,33,74
267,249,30,75
269,248,25,77
269,251,22,74
269,251,22,74
269,251,22,74
264,252,24,72
260,250,25,74
254,251,26,75
248,253,29,73
244,254,33,70
236,253,30,70
229,248,33,75
224,247,33,76
218,247,32,68
211,244,34,71
205,243,37,69
198,243,41,65
192,244,44,60
190,245,45,55
186,246,45,54
186,247,48,54
187,246,50,58
189,247,53,58
191,247,56,60
201,251,51,58
210,253,51,56
221,255,54,54
232,256,55,55
245,255,62,56
258,255,64,54
274,252,67,58
292,248,74,61
310,246,79,64
344,240,71,69
364,233,77,69
392,226,70,72
418,224,68,72
442,221,66,79
459,216,68,80
479,215,66,75
502,214,64,72
521,213,64,73
536,210,60,79
544,216,55,73
553,214,54,73
553,215,57,74
547,218,60,72
542,222,61,71
536,225,55,75
523,231,52,69
514,239,41,68
492,247,47,66
470,247,43,68
441,250,48,70
419,259,59,63
419,259,59,63
371,267,57,64
371,267,57,64
340,268,55,64
313,266,57,71
296,264,51,64
269,267,44,54
251,260,42,54
240,259,35,54
224,247,31,61
207,240,34,59
190,236,39,54
182,229,38,54
177,221,36,57
172,218,35,58
168,215,38,59
167,214,37,57
166,214,38,59
168,217,39,60
170,223,42,56
175,226,44,59
182,233,46,59
191,240,53,60
205,249,56,61
222,253,57,61
243,263,61,62
261,271,61,57
291,273,58,63
315,275,65,75
340,287,65,63
373,287,63,64
420,292,54,64
456,289,43,63
478,274,31,69
511,280,40,64
529,275,49,62
545,257,59,73
560,245,64,81
571,240,64,81
583,235,54,84
592,231,44,82
594,229,42,85
594,231,42,84
593,233,41,87
588,239,47,89
575,246,57,96
562,254,66,101
540,264,76,94
514,277,72,81
483,285,75,75
455,297,71,61
424,306,69,52
391,314,68,45
360,320,61,36
327,315,47,38
305,311,42,42
278,309,41,45
259,297,46,57
238,282,40,61
217,267,44,61
202,258,43,61
188,246,47,66
178,238,47,59
174,230,46,58
170,223,47,58
168,219,45,54
170,217,45,51
172,216,45,48
174,219,45,45
179,222,43,42
188,226,39,41
196,233,39,37
206,238,33,39
227,242,25,37
239,262,20,42
251,271,25,40
263,280,31,42
283,287,32,43
295,297,38,43
320,298,42,49
342,299,53,56
366,297,60,58
400,297,66,55
431,288,65,65
462,288,58,63
483,281,61,73
503,263,66,77
525,258,66,76
546,249,74,77
560,239,74,65
569,238,68,51
572,235,64,49
572,233,63,49
571,233,66,53
565,234,69,58
559,239,77,57
549,247,80,61
537,253,85,71
518,267,103,89
488,269,127,88
460,286,126,69
430,292,111,67
419,298,84,59
387,306,86,50
346,308,81,48
329,309,68,45
302,308,60,48
275,312,54,41
261,310,46,45
242,281,38,39
227,284,37,36
217,272,34,41
203,261,38,46
189,254,49,42
179,245,54,44
174,242,55,42
170,240,57,41
169,238,56,40
172,236,54,42
175,237,51,40
179,238,51,40
182,239,50,42
191,239,44,42
203,242,32,40
205,240,33,43
218,242,25,41
231,244,21,42
237,252,30,49
243,256,36,53
250,261,42,50
262,262,50,55
273,264,50,57
283,267,56,55
294,267,57,59
308,271,53,59
317,273,56,58
333,282,47,51
347,283,37,50
356,286,34,49
366,284,28,54
376,289,22,54
379,288,22,57
381,287,25,60
377,288,32,65
373,290,39,64
367,293,48,59
358,290,56,65
347,291,66,64
342,295,66,60
334,296,70,58
327,298,68,57
322,300,64,55
314,303,62,52
303,302,64,53
300,303,57,52
288,304,59,49
286,303,51,51
282,304,42,49
281,299,33,54
274,299,33,55
270,297,33,58
267,296,30,59
265,295,22,58
261,292,23,61
257,290,26,63
253,289,31,60
248,286,39,63
243,284,49,64
241,281,57,67
242,280,56,66
242,278,58,64
242,274,62,61
241,274,66,56
244,271,65,56
249,269,64,57
253,268,60,56
259,269,55,53
266,265,48,59
275,265,42,56
281,264,37,57
284,266,37,56
294,264,28,60
299,267,24,57
305,267,22,58
308,264,23,64
310,265,27,65
310,268,37,62
311,271,41,63
310,270,48,67
309,273,57,67
308,274,61,72
305,274,68,78
308,276,68,75
306,277,68,77
307,277,68,77
305,279,66,72
304,278,63,75
304,278,60,72
304,268,54,84
301,269,54,82
302,276,50,73
300,278,44,67
296,278,41,64
296,279,34,62
295,278,30,62
293,277,25,63
292,275,23,66
292,271,20,67
290,273,22,68
286,274,24,68
281,275,30,63
274,276,36,62
269,274,41,64
266,274,45,60
263,274,47,59
259,275,54,55
255,274,58,57
253,274,60,56
255,273,57,58
255,275,58,57
256,274,57,56
259,275,54,57
259,276,57,57
261,277,56,53
262,278,54,53
269,279,48,54
273,282,45,51
277,282,38,58
281,284,36,56
283,285,33,56
291,283,26,60
293,283,24,64
296,285,22,64
301,284,19,66
301,282,22,66
301,280,27,70
298,282,35,68
295,282,41,70
292,285,49,67
290,285,53,66
288,286,56,64
283,286,62,66
283,287,61,65
277,287,66,64
276,286,64,65
273,285,67,67
273,286,63,67
268,286,64,67
268,284,58,67
263,286,55,67
262,286,54,68
258,286,54,69
257,289,54,64
256,291,50,62
255,288,51,66
254,290,50,64
253,292,47,62
248,286,42,68
251,291,31,64
254,296,23,58
255,297,19,57
255,299,19,56
256,300,19,54
257,297,19,54
258,293,22,58
258,291,25,61
260,289,31,63
261,287,37,65
262,286,43,70
265,287,42,68
268,287,46,67
269,285,54,68
274,287,55,66
279,290,60,64
283,291,64,62
291,295,63,60
296,296,64,59
304,296,63,59
307,297,64,57
311,295,64,61
317,294,58,62
318,297,58,60
321,296,56,57
324,297,51,58
326,297,45,59
327,299,41,56
327,301,38,53
323,302,35,52
322,303,28,51
316,307,27,48
305,310,30,43
298,312,29,40
294,310,22,41
287,309,22,42
282,309,23,43
273,311,32,44
263,311,42,45
254,316,40,42
246,314,38,44
237,315,28,39
233,314,24,38
228,312,23,37
224,310,24,34
222,305,24,36
220,301,26,35
218,299,28,34
219,295,30,35
220,292,32,36
225,289,31,36
228,286,33,38
233,284,36,38
238,282,38,36
242,280,41,37
248,279,45,39
262,278,45,37
270,273,44,42
281,275,47,41
290,271,48,44
300,266,51,50
311,260,49,52
325,254,52,53
338,247,54,56
351,241,54,54
363,234,55,55
372,229,56,50
382,225,56,50
388,219,58,53
395,216,60,52
404,215,55,52
410,214,52,54
415,213,52,55
419,213,45,56
422,213,44,56
422,213,41,57
423,215,37,54
422,216,36,54
418,217,34,54
416,219,30,50
412,217,29,51
407,216,28,52
402,214,25,52
398,215,20,48
391,214,20,48
384,213,19,49
377,210,20,51
371,213,18,48
365,211,17,52
357,211,19,50
352,211,19,47
347,210,17,45
341,208,18,45
336,208,17,44
333,204,17,44
329,198,19,47
325,194,22,44
323,190,23,46
318,187,25,47
315,187,27,49
314,186,28,49
314,191,28,46
312,195,30,48
310,205,33,43
311,214,32,46
308,227,36,39
309,241,37,39
309,248,36,47
309,262,38,50
308,263,41,50
308,271,46,56
309,289,47,50
314,298,48,54
317,301,51,55
317,302,53,51
323,298,54,55
329,294,53,60
331,293,59,60
336,295,61,59
340,296,64,53
347,297,62,56
350,293,64,60
355,293,64,60
364,294,61,60
368,293,78,61
369,290,69,61
376,290,66,61
380,291,66,58
384,287,65,56
386,282,64,55
388,281,64,52
390,280,62,53
392,280,59,51
391,275,63,55
393,273,57,55
390,270,63,53
381,262,63,55
384,253,55,58
378,247,55,54
371,235,51,49
365,224,49,46
353,216,52,46
349,206,48,48
340,200,48,49
331,197,48,47
324,193,46,49
316,190,43,52
309,188,43,52
304,185,42,52
299,186,38,50
297,182,35,51
293,181,35,50
289,179,36,50
286,181,35,49
283,185,36,49
281,194,37,47
278,208,36,41
276,221,34,43
272,242,36,39
269,267,39,42
261,303,44,46
261,303,44,46
261,303,44,46
261,303,44,46
261,303,44,46
261,303,44,46
261,303,44,46
261,303,44,46
261,303,44,46
261,303,44,46
261,303,44,46
261,303,44,46
261,303,44,46
261,303,44,46
261,303,44,46
261,303,44,46
261,303,44,46
261,303,44,46
261,303,44,46
261,303,44,46
261,303,44,46
261,303,44,46
261,303,44,46
261,303,44,46
261,303,44,46
261,303,44,46
261,303,44,46
261,303,44,46
261,303,44,46
261,303,44,46
261,303,44,46
261,303,44,46
261,303,44,46
261,303,44,46
261,303,44,46
261,303,44,46
261,303,44,46
261,303,44,46
261,303,44,46
359,226,49,41
351,219,54,49
326,204,51,62
311,192,46,54
292,174,51,47
280,161,53,39
264,148,56,33
257,138,58,37
254,128,55,42
255,126,47,40
256,125,42,42
259,121,40,43
264,123,41,43
270,121,40,46
275,121,42,52
285,120,39,54
291,122,42,55
310,124,31,52
325,128,25,47
339,130,23,43
347,127,29,42
354,122,34,45
360,120,40,46
365,121,43,45
370,121,42,44
377,122,37,42
383,123,33,38
386,123,30,42
389,127,28,40
386,131,32,39
384,133,34,39
380,136,37,39
378,135,39,38
374,144,41,32
368,147,43,31
363,152,41,31
358,154,38,33
352,156,34,37
348,160,28,36
340,163,26,37
336,169,23,36
332,173,21,35
327,178,21,33
324,182,18,33
317,185,23,35
312,190,27,37
310,198,29,31
311,202,30,30
311,206,33,30
312,209,36,31
315,212,37,31
321,218,37,31
325,225,37,31
329,232,39,30
333,235,39,31
344,240,34,28
353,245,27,22
361,251,24,18
363,257,24,14
363,257,24,14
363,257,24,14
363,257,24,14
363,257,24,14
363,257,24,14
363,257,24,14
363,257,24,14
363,257,24,14
363,257,24,14
363,257,24,14
363,257,24,14
363,257,24,14
363,257,24,14
363,257,24,14
363,257,24,14
363,257,24,14
363,257,24,14
363,257,24,14
363,257,24,14
363,257,24,14
363,257,24,14
363,257,24,14
363,257,24,14
363,257,24,14
363,257,24,14
363,257,24,14
363,257,24,14
363,257,24,14
363,257,24,14
363,257,24,14
363,257,24,14
363,257,24,14
363,257,24,14
315,239,23,17
313,232,25,23
317,228,23,27
318,225,24,31
320,220,26,34
320,215,30,37
322,212,33,37
325,209,36,38
327,209,38,36
330,208,38,35
333,207,39,35
337,207,35,35
341,207,34,34
346,208,30,35
353,209,25,35
356,209,22,38
359,210,20,38
361,213,22,40
362,217,22,41
364,222,20,43
366,230,19,38
365,237,21,33
366,247,18,28
366,247,18,28
366,247,18,28
366,247,18,28
366,247,18,28
366,247,18,28
366,247,18,28
366,247,18,28
366,247,18,28
366,247,18,28
366,247,18,28
366,247,18,28
366,247,18,28
366,247,18,28
366,247,18,28
366,247,18,28
366,247,18,28
366,247,18,28
366,247,18,28
366,247,18,28
366,247,18,28
366,247,18,28
366,247,18,28
366,247,18,28
366,247,18,28
366,247,18,28
366,247,18,28
366,247,18,28
366,247,18,28
366,247,18,28
366,247,18,28
366,247,18,28
366,247,18,28
373,256,17,23
374,252,20,18
375,250,23,18
378,250,20,18
379,250,19,18
380,251,18,17
382,252,15,16
382,254,15,14
390,255,12,14
392,254,14,14
393,251,16,16
391,249,18,18
391,246,23,21
393,247,27,22
391,245,35,23
392,240,38,28
392,234,42,35
394,231,44,38
396,229,46,39
398,224,47,42
402,221,46,44
406,219,42,44
409,217,41,46
412,215,38,45
416,216,36,45
422,216,30,46
422,216,31,43
420,218,34,39
419,218,34,40
419,218,30,42
418,215,23,48
415,212,20,49
409,210,18,50
400,209,19,49
386,208,24,50
373,212,29,46
361,212,30,47
348,214,30,49
335,217,29,47
323,221,23,44
309,225,25,43
287,229,26,44
273,231,26,48
258,233,30,46
244,235,33,44
233,236,32,41
226,238,30,39
219,242,31,37
216,243,35,30
215,245,41,26
218,243,39,28
222,241,38,33
230,241,35,36
236,245,36,33
245,249,33,31
251,254,35,27
264,256,31,25
276,256,34,27
286,257,33,32
286,257,33,32
286,257,33,32
286,257,33,32
286,257,33,32
286,257,33,32
286,257,33,32
286,257,33,32
286,257,33,32
286,257,33,32
286,257,33,32
286,257,33,32
286,257,33,32
286,257,33,32
286,257,33,32
286,257,33,32
286,257,33,32
286,257,33,32
286,257,33,32
306,233,26,31
306,233,26,31
306,233,26,31
310,231,20,28
310,231,20,28
310,231,20,28
310,231,20,28
310,231,20,28
310,231,20,28
310,231,20,28
310,231,20,28
311,223,20,32
311,223,20,32
311,223,20,32
311,223,20,32
311,223,20,32
272,256,24,31
265,250,22,31
258,242,22,36
255,231,21,35
248,223,22,33
246,218,20,27
242,212,23,24
238,205,26,25
237,197,28,29
237,192,32,31
237,191,35,32
238,189,39,34
240,190,42,35
244,190,45,39
251,195,45,39
256,200,47,40
267,204,47,39
279,204,40,41
289,207,47,42
310,208,39,46
330,212,36,43
348,212,37,45
372,212,35,47
386,215,32,44
401,214,37,44
412,211,45,48
423,212,51,47
434,211,55,45
445,210,55,44
452,211,57,40
458,212,54,38
463,215,53,34
465,216,50,36
468,217,43,37
466,217,43,37
465,217,39,38
464,217,38,38
458,217,34,40
451,220,32,40
442,224,32,38
430,227,33,37
420,231,30,34
408,234,28,31
396,240,27,28
386,237,23,30
374,236,19,29
358,232,21,30
348,227,21,30
337,222,21,30
323,216,17,29
313,182,17,30
303,197,13,31
295,193,14,30
286,192,17,26
273,190,17,26
263,187,19,26
252,187,25,26
241,188,28,25
232,189,31,25
224,191,34,28
219,194,35,30
215,197,37,33
212,202,42,35
212,211,43,34
213,220,45,37
217,228,51,40
228,235,54,42
240,239,55,42
261,246,53,41
279,250,51,47
309,259,44,49
333,266,46,45
362,264,38,54
389,268,38,52
415,268,38,47
435,266,35,52
446,264,43,51
460,263,50,48
470,262,57,46
479,264,59,40
483,264,60,41
489,265,59,41
491,263,57,42
491,265,50,42
490,265,47,42
486,267,45,40
481,269,42,37
475,269,37,38
469,271,31,35
456,274,30,32
440,278,31,28
440,278,31,28
440,278,31,28
440,278,31,28
440,278,31,28
440,278,31,28
440,278,31,28
440,278,31,28
440,278,31,28
440,278,31,28
440,278,31,28
440,278,31,28
440,278,31,28
440,278,31,28
440,278,31,28
440,278,31,28
440,278,31,28
440,278,31,28
440,278,31,28
440,278,31,28
440,278,31,28
440,278,31,28
440,278,31,28
440,278,31,28
440,278,31,28
440,278,31,28
440,278,31,28
440,278,31,28
440,278,31,28
440,278,31,28
440,278,31,28
440,278,31,28
440,278,31,28
378,291,32,31
366,287,30,40
393,281,30,47
420,281,24,44
437,280,32,46
446,279,38,44
455,276,43,47
460,276,49,48
461,272,57,50
464,271,56,48
463,270,55,47
462,269,52,45
464,270,47,41
461,271,45,37
457,269,40,38
447,271,43,35
441,272,39,36
439,270,33,37
439,270,33,37
439,270,33,37
439,270,33,37
439,270,33,37
439,270,33,37
439,270,33,37
439,270,33,37
439,270,33,37
439,270,33,37
439,270,33,37
439,270,33,37
439,270,33,37
439,270,33,37
439,270,33,37
439,270,33,37
439,270,33,37
439,270,33,37
439,270,33,37
439,270,33,37
439,270,33,37
439,270,33,37
439,270,33,37
439,270,33,37
439,270,33,37
439,270,33,37
439,270,33,37
439,270,33,37
439,270,33,37
439,270,33,37
439,270,33,37
439,270,33,37
439,270,33,37
439,270,33,37
439,270,33,37
439,270,33,37
363,289,34,43
383,293,34,50
404,292,34,55
433,299,32,51
444,295,41,54
456,294,41,55
465,295,48,57
472,296,51,56
474,299,55,53
480,299,58,47
476,300,56,44
477,300,56,41
470,299,54,43
465,300,52,39
456,299,50,36
447,297,46,37
440,293,44,39
438,294,39,34
431,297,37,28
431,297,37,28
431,297,37,28
431,297,37,28
431,297,37,28
431,297,37,28
431,297,37,28
431,297,37,28
431,297,37,28
431,297,37,28
431,297,37,28
431,297,37,28
431,297,37,28
431,297,37,28
431,297,37,28
431,297,37,28
431,297,37,28
431,297,37,28
431,297,37,28
431,297,37,28
431,297,37,28
431,297,37,28
431,297,37,28
431,297,37,28
431,297,37,28
431,297,37,28
431,297,37,28
431,297,37,28
431,297,37,28
431,297,37,28
431,297,37,28
431,297,37,28
431,297,37,28
431,297,37,28
431,297,37,28
370,296,38,33
391,291,40,41
404,293,40,35
425,290,34,37
436,287,36,38
436,286,46,37
438,279,44,43
438,277,41,43
439,278,40,44
439,275,45,47
437,276,48,46
437,275,44,49
436,276,37,45
437,278,31,42
437,278,31,42
437,278,31,42
437,278,31,42
437,278,31,42
437,278,31,42
437,278,31,42
437,278,31,42
437,278,31,42
437,278,31,42
437,278,31,42
437,278,31,42
437,278,31,42
437,278,31,42
437,278,31,42
437,278,31,42
437,278,31,42
437,278,31,42
437,278,31,42
437,278,31,42
437,278,31,42
437,278,31,42
437,278,31,42
437,278,31,42
437,278,31,42
437,278,31,42
437,278,31,42
437,278,31,42
437,278,31,42
437,278,31,42
437,278,31,42
437,278,31,42
437,278,31,42
437,278,31,42
437,278,31,42
360,277,34,45
350,275,43,47
370,271,49,52
393,268,49,55
408,260,49,57
431,259,39,55
443,253,41,58
439,249,39,58
441,246,45,60
427,251,54,61
427,242,53,61
426,253,42,62
414,249,40,53
414,249,40,53
414,249,40,53
414,249,40,53
414,249,40,53
414,249,40,53
414,249,40,53
414,249,40,53
414,249,40,53
414,249,40,53
414,249,40,53
414,249,40,53
414,249,40,53
414,249,40,53
414,249,40,53
414,249,40,53
414,249,40,53
414,249,40,53
414,249,40,53
414,249,40,53
414,249,40,53
414,249,40,53
414,249,40,53
414,249,40,53
414,249,40,53
414,249,40,53
414,249,40,53
414,249,40,53
414,249,40,53
414,249,40,53
414,249,40,53
324,287,44,63
350,295,43,59
364,302,38,53
383,303,41,49
411,306,43,43
425,302,51,48
441,295,50,53
456,291,46,50
467,283,43,56
483,277,35,52
492,273,34,47
503,264,30,50
506,252,32,50
505,243,35,47
500,237,41,42
497,228,43,40
490,224,49,35
484,216,48,36
475,210,50,36
468,205,48,34
457,198,48,34
449,195,44,32
442,192,36,35
435,190,30,38
427,190,25,40
416,191,21,38
403,192,23,35
391,190,28,34
380,188,30,32
368,185,35,32
359,180,37,35
350,173,40,38
340,167,45,37
336,162,44,36
335,154,41,34
335,145,39,36
335,137,40,32
335,134,41,29
336,128,42,29
338,127,42,27
342,128,37,28
341,128,36,30
356,127,31,33
362,124,35,37
367,127,41,36
373,129,46,37
378,137,50,36
383,145,55,35
391,149,51,40
393,151,54,45
395,151,53,50
398,155,46,50
398,161,40,47
399,168,38,44
395,174,38,42
391,177,33,42
387,177,28,43
379,176,26,40
369,177,24,40
361,178,22,38
355,177,21,42
345,181,20,39
328,184,22,35
325,187,22,34
325,187,22,34
305,187,15,37
295,196,20,37
289,201,24,34
280,204,21,33
274,205,19,31
270,208,23,27
260,207,23,30
257,206,21,31
250,201,23,32
248,199,22,34
242,199,23,33
237,197,27,34
234,197,29,30
234,195,31,29
236,193,31,29
238,190,34,29
241,186,36,30
245,183,38,33
250,181,39,35
256,181,42,36
262,180,43,38
271,180,45,40
281,180,41,44
288,183,46,44
297,183,49,46
307,184,47,45
316,183,49,47
327,182,47,46
336,182,46,42
344,180,44,41
352,177,41,42
358,174,38,44
363,172,34,46
367,175,30,45
368,175,27,48
367,179,27,48
365,183,27,45
360,188,26,42
354,191,24,42
348,197,22,39
338,205,18,35
333,205,15,41
321,208,18,46
314,219,14,42
306,227,14,42
297,238,16,48
291,238,19,47
278,237,22,44
273,237,22,41
271,230,20,43
269,223,21,46
269,219,16,42
268,211,15,43
267,203,16,42
265,192,19,42
262,182,24,42
261,178,27,38
265,170,25,41
266,168,26,41
267,168,26,43
267,170,29,46
269,177,31,43
272,176,31,43
276,176,33,41
281,173,33,43
282,174,36,42
284,178,39,43
290,185,41,44
293,195,44,43
299,200,44,45
305,201,42,51
313,203,41,51
322,203,38,52
328,205,39,50
334,208,41,50
339,212,44,49
346,216,43,48
350,219,42,46
356,220,42,45
362,219,42,49
365,220,44,50
368,224,48,48
374,227,47,47
372,227,48,51
373,227,48,47
372,224,47,49
368,220,45,50
364,217,44,49
356,216,45,45
350,215,43,44
341,215,44,44
335,214,41,43
325,214,41,45
314,211,44,51
305,210,40,48
298,208,37,51
286,207,37,52
280,205,35,53
273,208,33,52
269,209,29,55
260,207,32,54
251,209,33,45
251,208,30,45
249,208,28,46
248,209,24,48
247,215,23,43
247,217,23,44
249,220,25,44
248,222,32,45
250,226,32,46
257,228,32,50
272,232,27,49
276,238,24,45
283,244,27,40
296,249,24,39
309,253,22,40
316,263,27,38
336,261,20,38
348,263,21,39
364,267,20,41
378,268,19,44
386,263,25,47
398,261,29,51
415,254,26,57
419,253,31,56
429,254,29,53
431,254,30,50
434,254,30,51
436,252,30,53
439,252,30,55
440,252,32,57
440,252,33,59
439,254,32,60
435,256,31,62
429,257,34,60
422,261,35,56
412,267,37,51
399,272,40,50
386,271,44,53
374,276,48,49
359,272,46,50
342,273,53,48
327,273,54,55
312,267,55,52
300,266,54,49
293,266,48,48
279,267,49,44
268,263,44,46
258,261,46,51
249,258,43,44
241,257,43,37
234,255,46,35
230,252,47,32
227,250,45,32
225,248,47,32
225,246,46,37
225,245,49,37
228,245,49,38
232,248,47,37
234,250,48,39
241,255,48,39
248,259,49,39
260,264,52,40
271,266,50,42
286,267,49,43
295,268,56,47
309,267,53,47
323,271,56,50
342,269,53,52
361,271,49,57
379,270,48,53
396,270,41,55
407,265,36,57
424,263,33,55
437,258,28,58
442,255,34,59
451,254,32,54
456,251,35,52
460,250,38,53
461,247,42,55
461,245,41,56
459,248,38,55
455,250,36,53
450,252,36,55
441,257,35,54
435,259,30,49
424,264,31,50
424,264,31,50
424,264,31,50
379,275,31,56
361,275,26,66
352,269,27,58
327,269,36,62
312,266,38,54
303,266,33,49
294,266,27,47
285,266,27,44
270,260,25,43
261,253,22,46
249,250,28,41
243,244,30,40
233,240,31,38
231,237,28,41
229,231,28,43
227,231,30,42
228,230,28,42
232,227,26,46
234,230,26,45
233,230,33,43
244,232,32,43
251,230,32,45
264,229,30,44
277,224,32,48
286,224,32,48
311,226,25,42
320,227,30,41
344,231,26,36
362,227,26,39
378,225,31,43
396,222,33,46
414,209,34,53
428,198,36,54
442,186,35,54
452,176,38,50
459,162,43,51
466,152,47,48
470,139,49,48
472,135,52,43
471,132,55,40
472,133,51,39
470,135,50,40
464,132,49,50
455,142,49,46
442,148,45,47
427,157,46,46
409,163,48,48
393,171,45,49
375,176,44,50
356,185,42,51
344,195,33,51
332,210,28,50
317,222,27,44
308,230,21,42
296,228,19,46
281,231,20,45
275,233,19,46
268,232,19,43
259,232,24,46
255,233,27,44
251,232,29,41
248,228,31,41
248,228,26,37
249,228,23,37
249,228,23,40
249,230,25,41
249,232,29,43
253,232,29,45
259,236,26,44
268,236,23,43
277,238,20,43
279,239,27,42
287,242,31,45
308,241,24,47
319,233,25,45
332,242,22,44
349,237,22,48
362,234,22,55
375,233,24,50
390,232,25,45
401,230,31,45
412,228,32,49
421,224,34,53
428,222,36,54
433,219,38,55
437,217,37,55
435,218,40,56
434,221,39,53
435,224,40,57
431,238,40,54
432,252,41,56
427,267,43,59
420,281,44,60
416,293,46,57
401,297,42,58
389,301,43,54
375,306,46,49
359,310,48,43
346,308,50,44
327,307,52,46
313,305,53,49
305,304,47,49
298,303,41,47
282,303,44,46
264,302,48,46
253,300,53,50
242,293,48,48
234,288,45,47
228,288,47,42
224,287,46,39
220,283,46,37
221,275,45,40
220,268,48,42
221,264,48,42
222,262,48,41
225,263,46,40
227,266,45,44
229,270,46,44
233,278,44,41
238,283,46,39
245,282,48,46
258,284,48,45
266,290,49,52
283,287,46,56
302,291,41,55
313,293,41,59
322,297,48,59
332,302,51,53
352,300,45,53
370,300,40,54
385,298,36,55
398,294,37,58
406,290,33,59
413,289,31,51
423,286,24,46
425,271,26,50
423,256,29,56
422,247,30,56
419,238,33,57
415,231,34,53
410,229,33,51
406,227,32,50
401,227,35,48
395,227,32,47
389,227,26,47
383,230,21,42
374,235,20,38
363,235,23,38
351,237,24,43
339,246,27,45
333,256,23,41
316,270,27,43
314,281,22,42
307,293,18,39
299,299,21,42
296,290,23,45
290,289,27,42
288,285,25,50
288,281,22,52
288,276,24,49
287,270,24,51
287,265,26,49
286,262,29,49
289,257,28,50
290,255,30,49
294,252,28,55
294,252,32,54
297,254,33,56
301,257,34,55
305,259,38,53
308,263,39,53
309,267,45,52
314,266,45,56
317,268,46,56
324,269,46,55
332,270,44,57
335,273,46,53
340,275,45,54
345,273,43,59
346,274,45,58
347,275,46,60
348,276,46,58
348,275,47,59
349,276,48,61
352,276,43,61
350,277,43,61
349,278,42,62
346,280,42,62
343,279,43,66
338,279,43,68
333,277,44,70
327,277,45,75
312,272,51,81
314,268,44,88
309,272,40,81
301,276,45,76
296,278,42,74
289,278,43,73
281,281,42,65
275,280,44,65
270,279,44,63
267,277,41,60
266,275,40,60
266,273,35,59
266,272,32,56
268,272,29,56
267,271,28,56
271,271,25,54
274,272,23,54
278,271,23,54
281,271,28,52
287,270,24,56
291,269,23,55
295,268,22,55
299,268,22,53
304,266,21,50
308,265,23,51
310,265,23,52
319,264,20,52
319,265,24,54
324,271,23,54
328,272,22,57
333,276,20,58
336,277,20,59
338,280,20,59
340,282,20,61
344,285,19,64
345,289,20,65
347,290,20,63
348,295,20,62
347,298,23,58
348,302,23,55
348,306,25,49
349,310,24,45
348,306,24,48
348,303,25,50
347,299,25,55
346,294,24,60
342,289,28,64
342,285,28,70
338,279,28,75
337,278,27,75
337,276,25,79
332,277,27,79
332,278,25,77
330,283,28,73
329,284,24,71
328,286,25,68
329,286,21,69
328,288,22,67
328,290,19,65
327,291,19,63
327,293,19,62
327,290,17,62
326,287,19,64
325,278,19,67
325,272,18,62
326,267,18,58
329,256,14,54
329,250,15,49
330,242,15,48
330,234,15,49
332,227,14,46
332,225,14,48
332,222,14,48
332,225,13,45
332,225,14,43
332,228,14,48
331,232,14,48
331,237,15,51
331,244,15,51
331,253,14,51
330,263,15,52
329,269,17,56
328,276,20,58
328,284,21,63
327,285,23,69
328,286,24,69
327,289,30,65
328,287,33,68
328,284,36,70
327,280,40,75
328,270,48,85
327,260,59,93
330,245,62,103
334,235,63,93
336,222,65,95
337,214,70,88
337,207,74,87
340,205,76,93
340,209,79,87
340,215,78,89
340,222,80,91
337,233,82,96
333,244,90,101
330,257,85,94
326,262,88,97
319,271,87,89
310,272,95,86
311,280,90,74
311,287,77,68
311,288,69,67
307,287,69,68
305,283,68,73
305,282,67,73
306,279,62,71
303,272,62,74
300,269,60,64
298,265,59,58
296,262,59,55
295,260,56,51
295,258,57,49
295,258,55,45
294,258,56,45
293,259,54,44
294,263,52,43
296,265,50,43
296,270,50,43
298,270,45,47
303,274,41,47
308,277,38,47
310,279,35,54
313,281,33,60
318,284,31,60
320,282,31,69
323,285,31,69
324,285,35,70
333,271,32,84
335,264,34,87
351,249,24,91
355,240,29,90
361,229,31,89
362,221,38,89
364,212,43,88
365,205,48,91
366,199,54,86
365,197,59,86
365,199,63,87
364,204,68,89
363,211,68,86
360,219,70,89
357,229,71,91
347,240,81,91
343,252,84,99
327,261,98,97
311,266,120,90
304,265,138,88
298,264,148,86
294,266,152,87
292,266,153,87
285,268,162,86
286,267,161,88
290,267,156,86
289,266,157,91
293,259,152,92
291,261,153,95
293,258,149,100
293,264,148,92
306,266,135,88
301,266,140,94
303,260,141,93
305,269,138,92
305,266,137,96
298,265,142,93
306,264,134,93
305,264,138,90
304,266,138,87
303,266,140,90
302,264,143,92
306,234,130,125
307,234,131,121
312,234,121,122
311,228,123,129
314,217,115,143
316,201,106,163
323,125,83,145
335,130,72,112
338,135,73,93
337,149,72,63
338,141,71,55
338,133,70,50
338,127,67,47
340,124,64,48
338,122,59,50
338,125,55,52
336,128,55,56
336,134,51,56
338,140,45,55
338,147,41,54
337,153,40,53
338,158,36,51
339,165,37,47
339,170,34,46
339,177,35,44
340,184,34,42
343,189,32,39
345,192,29,38
347,191,28,37
347,192,29,36
349,191,27,35
349,188,28,35
350,185,28,36
352,185,27,33
352,183,26,35
353,182,27,34
353,181,27,35
352,182,27,34
353,182,27,35
352,184,27,36
350,188,28,36
349,189,29,37
347,190,30,39
347,191,30,40
346,191,30,41
346,190,30,43
342,189,33,43
338,189,37,43
337,187,36,44
336,185,39,43
335,183,40,45
332,181,41,47
330,179,44,48
329,177,44,49
327,177,46,49
326,176,47,48
325,175,48,50
322,173,50,51
320,172,52,53
319,172,52,52
317,171,55,52
315,172,56,50
317,170,56,51
315,171,55,49
316,171,58,47
314,172,57,50
316,173,56,48
316,176,56,50
316,179,53,50
319,182,51,52
317,184,51,53
324,187,47,52
325,190,45,50
326,194,44,49
327,199,41,47
329,202,39,47
330,206,36,47
330,209,34,46
332,210,31,48
333,209,29,49
334,209,26,47
335,208,22,47
336,207,20,46
336,205,17,46
336,203,15,45
336,199,14,46
335,198,13,46
334,195,12,46
332,193,14,46
330,190,14,45
328,186,16,45
325,183,19,44
322,178,18,45
319,174,20,45
315,170,25,45
312,166,27,45
309,162,31,45
306,159,33,41
304,155,35,41
302,150,36,39
300,146,38,37
299,141,40,37
297,134,42,40
295,127,42,43
295,121,45,40
293,116,49,42
293,111,51,42
296,108,48,39
295,102,53,41
296,100,55,41
297,96,55,40
299,97,53,38
304,93,51,41
306,92,50,40
307,90,52,43
311,90,50,44
314,89,50,46
316,90,49,47
317,91,49,48
320,93,49,46
322,93,49,45
323,93,49,47
325,95,49,46
328,99,45,45
328,103,44,46
330,106,42,47
330,109,41,48
325,136,31,48
325,141,27,47
326,145,24,47
325,148,21,45
323,148,20,47
322,147,20,47
317,150,22,48
317,150,19,49
316,149,19,52
315,154,19,51
314,158,20,49
315,159,19,50
314,160,21,50
313,162,24,51
313,163,25,50
312,166,27,51
311,165,29,50
311,167,30,51
312,169,31,50
310,171,35,48
311,171,36,51
311,173,40,50
312,178,41,47
312,181,43,46
313,184,44,47
315,185,44,50
315,188,46,49
316,192,49,49
318,196,46,49
317,198,49,48
317,201,51,48
317,203,50,49
318,204,53,48
319,206,52,48
319,207,51,50
321,210,50,49
319,212,51,48
320,215,49,46
320,216,48,48
320,217,49,50
320,217,48,51
320,219,46,49
320,220,44,49
318,220,43,47
321,221,42,48
319,221,42,49
319,222,40,50
320,224,37,46
319,227,34,46
318,230,35,46
317,233,33,51
319,234,28,50
317,237,28,54
316,239,27,52
317,241,23,53
313,242,26,55
312,242,26,57
313,244,22,56
312,248,23,56
314,250,19,53
312,256,20,51
313,256,20,50
312,254,21,53
312,255,23,54
311,256,25,52
313,257,24,53
309,255,29,55
312,256,29,56
311,260,31,55
312,264,33,55
312,265,35,57
313,265,37,58
311,266,42,58
312,270,44,56
311,268,46,59
310,268,50,65
311,270,53,61
310,270,55,63
310,270,55,65
311,269,60,65
313,271,60,66
309,269,64,76
312,271,66,81
310,270,67,85
311,267,68,88
311,265,69,92
325,278,69,79
316,272,76,85
312,266,92,91
312,269,116,89
307,268,137,84
299,264,144,94
300,269,141,88
303,268,139,87
297,268,146,88
299,266,141,90
304,269,137,88
297,270,147,89
303,265,138,92
302,266,138,89
302,267,142,89
300,269,143,87
306,263,135,90
305,270,139,92
303,265,140,94
300,269,141,91
298,270,144,87
301,264,139,90
302,271,143,84
304,264,139,90
300,269,144,89
301,269,139,86
307,263,135,90
305,270,136,90
302,267,143,88
300,267,142,87
298,270,148,86
302,270,142,86
299,266,146,88
298,267,148,86
302,267,139,89
299,270,144,85
301,269,144,87
302,264,140,89
297,268,148,84
299,271,145,89
300,267,142,87
300,270,142,85
302,266,140,87
298,271,144,81
299,268,143,85
303,272,139,83
301,270,142,82
303,270,140,84
301,269,141,83
303,271,138,82
301,271,140,83
304,268,138,87
301,270,142,84
305,268,137,84
301,270,141,84
302,271,143,84
305,267,136,89
304,265,138,87
307,267,134,84
306,269,135,88
305,268,138,86
304,267,137,90
309,268,131,84
305,270,135,87
304,270,141,83
304,266,139,88
302,268,140,89
303,265,140,89
302,271,140,87
302,265,140,89
304,268,138,88
302,270,140,84
304,264,139,88
300,269,146,87
302,270,141,86
301,268,143,87
300,269,146,85
304,266,139,90
304,264,137,87
304,269,138,89
303,265,139,89
303,269,141,85
304,265,141,85
297,268,150,85
302,270,141,90
303,266,142,88
302,263,143,91
305,268,137,91
310,267,133,88
304,265,138,89
303,268,141,87
304,266,138,86
302,265,140,91
304,270,138,90
305,267,136,85
298,269,145,85
302,265,142,85
302,270,142,83
303,270,138,86
304,266,138,89
304,267,138,85
303,270,141,85
301,268,142,89
300,272,144,86
304,267,139,86
303,269,140,87
304,267,136,88
302,268,140,86
303,265,137,89
306,272,135,83
307,270,136,83
305,270,135,84
304,270,138,83
301,268,140,85
302,270,141,86
301,270,141,82
303,272,139,80
304,270,136,83
302,268,135,84
302,268,138,88
299,269,144,83
301,269,142,87
302,266,139,85
303,269,139,88
303,266,139,86
301,266,142,90
301,264,142,90
298,266,144,89
296,264,149,88
297,266,146,86
297,267,145,87
297,264,147,88
297,265,146,92
297,260,149,95
297,261,143,98
297,261,143,96
305,261,139,93
297,270,145,89
305,262,136,96
304,268,136,91
294,271,147,85
278,183,127,77
307,270,132,86
301,263,143,89
302,268,139,87
306,262,135,91
303,266,138,94
300,266,144,88
302,269,141,88
304,265,137,88
304,265,137,92
309,266,129,93
306,264,133,90
302,272,141,85
315,183,128,76
328,188,106,59
339,183,90,70
347,184,77,68
347,190,64,58
364,189,59,60
382,192,50,58
402,190,42,63
417,190,36,62
426,192,38,62
434,191,39,65
440,194,39,63
442,195,43,60
444,196,44,59
442,196,45,58
439,196,48,56
433,198,48,53
425,203,51,50
419,206,49,51
409,208,52,50
397,211,53,54
385,215,53,54
373,220,51,52
357,224,54,46
340,227,54,46
325,228,51,46
309,229,53,44
292,227,54,48
278,223,47,54
264,221,50,51
251,220,47,48
242,215,45,51
231,210,48,51
222,205,46,52
216,204,43,51
211,202,44,52
208,201,43,51
207,200,42,52
207,200,41,49
209,204,41,51
212,207,42,49
218,211,41,51
224,216,44,50
233,222,46,53
246,227,43,52
254,233,50,50
262,235,53,50
274,237,49,52
279,238,54,57
301,241,47,57
321,245,50,56
345,247,49,56
370,245,51,53
385,245,53,52
403,242,52,52
420,238,49,51
438,233,46,51
450,228,44,49
459,223,47,48
467,219,46,47
473,215,47,48
476,215,48,46
477,212,47,48
465,220,44,52
459,224,41,55
445,230,39,58
434,238,37,57
419,244,37,56
399,248,33,58
380,251,32,58
356,247,33,65
333,264,30,55
310,265,31,51
295,267,31,44
295,267,31,44
258,257,32,48
242,256,36,44
235,248,31,42
226,243,28,38
219,238,30,38
216,232,31,36
215,228,30,37
217,225,29,36
218,223,29,35
221,222,31,35
228,224,29,31
235,225,28,31
244,230,25,27
252,231,26,28
264,237,23,26
277,239,22,27
285,243,19,24
285,243,19,24
317,243,17,21
317,243,17,21
347,249,16,16
359,249,12,16
370,250,13,16
382,252,13,14
393,251,14,17
404,253,14,16
414,253,18,17
421,252,21,20
428,256,24,24
432,254,24,27
433,250,28,32
433,245,30,38
433,241,30,44
430,241,31,49
426,241,30,53
421,241,32,54
413,243,40,51
402,244,46,51
389,246,51,43
378,249,58,40
371,250,57,36
353,248,47,34
334,250,43,41
319,248,44,48
303,246,46,49
285,241,50,50
276,237,42,47
262,236,35,44
253,228,29,46
242,220,36,43
233,214,39,44
226,208,41,46
226,204,33,44
228,203,26,40
225,202,26,35
224,204,31,30
225,205,33,25
227,205,36,25
234,207,38,29
240,210,37,30
250,213,33,30
258,219,34,28
272,221,29,28
281,224,29,30
288,229,30,37
311,236,32,30
324,240,34,25
335,244,34,23
349,247,37,20
365,249,40,19
380,249,38,20
397,249,30,20
412,248,25,23
421,245,23,27
435,236,25,34
440,227,29,36
445,216,33,39
447,206,40,43
453,202,38,43
457,197,34,44
460,191,29,47
462,186,25,50
456,185,30,50
449,185,37,49
437,189,47,45
427,189,54,41
414,191,55,40
402,189,53,42
390,189,50,42
378,190,45,41
366,188,43,44
361,188,44,45
352,184,36,50
351,187,28,47
348,188,24,46
328,187,31,47
313,186,36,45
298,183,39,44
281,180,46,42
270,179,45,40
262,176,41,38
258,174,35,32
252,167,35,36
253,165,30,34
254,161,29,35
255,159,28,36
253,157,33,40
253,157,37,42
255,159,41,44
259,163,40,46
264,172,38,46
268,183,36,45
276,194,34,43
282,198,34,46
293,204,26,48
303,212,22,48
315,224,20,44
328,233,16,46
335,244,19,42
345,246,23,45
353,248,29,51
364,253,30,51
374,255,28,56
382,258,31,57
388,257,38,55
395,256,42,57
400,256,43,59
410,255,42,58
413,252,40,57
418,250,37,55
423,248,31,57
425,244,29,57
426,241,29,57
420,235,34,60
415,224,37,60
407,218,39,57
398,208,44,60
384,205,55,54
373,199,61,54
361,197,65,52
354,189,62,55
344,187,60,49
335,184,57,50
328,179,48,49
319,177,44,46
313,172,38,43
308,164,29,46
299,155,23,50
293,145,24,53
287,141,27,50
281,136,32,48
274,133,38,47
271,128,42,44
269,128,46,35
269,124,48,33
271,123,48,32
276,122,45,32
279,121,43,31
287,120,38,35
289,120,41,39
301,125,36,37
305,127,37,40
316,132,29,39
324,136,27,41
337,139,20,41
347,142,18,41
359,142,15,44
366,143,17,45
371,146,19,42
376,146,23,43
380,148,27,43
381,153,33,38
383,155,36,36
384,157,39,37
386,159,40,35
386,160,42,38
384,164,44,37
383,167,43,37
382,171,41,36
379,177,37,35
377,180,36,35
373,182,32,37
368,184,27,36
363,182,25,39
357,181,20,40
349,179,22,41
339,180,22,40
332,180,19,38
327,174,18,38
319,172,21,40
306,176,24,39
296,181,29,41
286,189,30,41
280,193,35,41
280,196,36,35
281,195,36,34
282,194,34,36
285,195,38,34
291,192,42,36
299,192,41,34
309,190,44,34
318,188,44,33
330,188,43,33
340,187,45,30
353,185,45,32
363,183,44,35
373,180,45,37
383,177,43,39
391,175,41,41
397,172,38,39
403,173,35,38
406,168,31,38
405,165,31,37
406,163,31,36
403,161,29,33
402,159,30,33
396,155,33,32
390,150,32,31
382,147,33,30
376,144,31,30
370,142,30,29
365,140,27,26
362,139,30,22
360,133,31,25
362,129,32,29
366,130,30,26
366,130,30,26
374,137,30,23
375,144,31,18
373,150,28,13
373,150,28,13
373,150,28,13
368,157,27,15
368,157,27,15
368,157,27,15
368,157,27,15
368,157,27,15
368,157,27,15
368,157,27,15
368,157,27,15
353,137,25,17
355,129,25,19
357,126,24,20
357,126,27,24
353,129,25,26
345,130,25,26
343,130,28,27
346,129,29,28
355,125,28,30
366,119,27,33
376,120,27,34
383,126,28,34
381,134,32,39
376,138,29,34
369,136,29,36
364,133,31,39
364,130,35,40
365,130,36,39
363,128,37,39
363,124,38,40
364,121,39,40
368,115,36,42
371,112,32,40
376,107,32,40
381,100,32,39
387,95,31,38
393,90,28,39
396,88,25,40
397,86,23,39
395,86,21,38
392,84,22,37
389,83,23,40
388,81,25,38
388,78,25,38
387,75,25,39
384,72,22,38
380,70,24,37
371,68,28,39
365,70,29,34
356,77,35,35
352,84,33,26
344,85,37,31
338,94,39,35
331,101,44,44
328,112,40,51
322,135,34,47
315,157,30,49
312,194,26,46
313,223,22,41
313,228,24,38
319,218,25,46
326,201,37,43
328,193,43,34
332,183,44,26
339,176,45,29
349,168,38,37
352,161,43,45
358,162,42,46
383,175,35,36
380,177,38,38
376,179,42,39
372,185,45,34
370,190,41,34
369,193,37,40
364,196,40,44
360,196,37,45
355,195,39,44
350,194,38,43
344,193,41,46
338,195,42,46
335,197,38,45
331,199,37,40
329,198,33,38
328,197,28,40
328,199,23,38
325,200,23,40
322,201,24,43
320,203,25,46
318,204,29,46
314,206,37,47
311,208,46,46
310,211,49,44
313,212,47,42
315,213,47,41
322,213,41,36
328,214,37,35
335,214,29,34
338,212,27,36
340,214,27,34
347,215,22,32
354,211,18,36
359,207,18,40
361,207,22,41
362,206,28,43
363,207,35,41
366,205,35,40
369,204,39,39
371,204,36,40
376,204,33,37
378,203,31,37
385,200,25,35
389,199,19,31
394,196,14,29
397,194,14,29
396,191,18,31
395,189,23,30
393,187,27,30
392,185,30,30
390,183,32,30
391,182,31,29
391,184,29,28
391,185,25,30
392,188,21,32
393,190,16,33
391,194,14,36
388,198,14,37
382,204,20,34
376,206,24,37
368,209,32,38
362,212,36,38
353,213,42,41
348,212,44,43
340,210,46,44
333,205,47,45
333,198,35,49
329,195,26,47
323,186,25,49
316,177,24,50
308,168,30,47
303,156,36,50
296,148,43,42
290,143,52,35
288,138,54,31
285,135,56,30
286,132,52,36
288,130,46,44
294,132,38,49
300,141,34,49
304,152,30,47
307,167,30,43
310,186,32,38
315,196,35,40
320,204,40,44
322,212,45,46
328,217,44,47
336,222,41,45
339,223,38,39
349,219,30,35
355,218,28,36
360,216,26,37
366,219,23,37
370,220,22,38
374,221,23,36
381,223,18,29
387,218,16,27
389,212,19,29
392,209,19,26
395,207,20,26
400,206,17,25
405,206,14,24
409,205,12,25
411,203,12,27
413,200,10,28
414,198,11,30
412,196,15,31
410,196,18,30
411,198,17,28
411,195,15,29
409,195,15,28
406,195,16,28
403,193,19,31
400,195,21,33
396,194,22,40
391,191,25,45
385,189,28,45
379,185,33,43
374,178,36,45
368,174,44,45
362,166,50,47
356,161,55,49
351,155,57,45
345,148,60,45
339,144,61,43
335,143,59,38
330,143,59,31
326,142,56,30
322,143,53,31
319,146,48,36
317,151,42,41
314,158,38,44
311,166,36,46
309,174,38,46
308,184,40,45
311,190,35,51
314,197,32,51
328,199,20,58
335,204,20,56
341,204,26,54
349,203,31,55
360,200,34,53
374,200,35,53
383,199,43,53
394,201,50,55
405,201,58,56
418,202,61,56
434,205,61,53
453,206,57,52
468,210,57,50
474,209,55,48
486,211,51,50
489,211,49,49
505,210,43,52
516,208,41,55
524,204,42,57
528,201,46,56
524,200,52,53
518,197,56,50
509,191,55,52
505,184,45,58
496,178,43,64
484,174,37,66
465,172,37,68
443,168,42,65
421,165,44,65
398,159,48,63
376,154,50,60
356,146,52,60
340,143,51,55
324,140,50,50
309,140,49,46
294,140,51,40
285,140,48,40
278,140,45,39
272,141,48,38
267,141,49,39
266,140,51,40
267,141,51,40
272,144,48,39
275,146,50,39
284,149,49,39
291,156,51,37
301,166,48,37
308,173,48,41
319,187,46,44
332,200,42,49
347,207,36,54
358,214,35,53
374,219,31,52
387,222,29,49
403,224,22,47
417,225,19,47
426,226,24,51
437,231,26,54
444,235,32,56
449,236,38,58
453,236,41,57
457,232,43,56
453,227,46,61
451,225,48,62
446,222,52,63
439,224,56,59
431,224,59,60
419,226,61,55
407,223,62,58
394,224,62,53
381,223,64,51
369,222,62,50
356,216,58,53
344,211,56,55
331,206,55,58
319,203,54,53
307,196,51,53
298,190,49,53
290,186,47,52
282,178,45,52
278,171,41,49
275,164,40,47
273,159,40,45
271,157,40,44
271,154,36,43
270,158,35,40
272,161,32,40
274,163,30,41
277,164,27,44
282,167,25,45
290,169,22,49
297,177,20,48
299,184,18,48
306,198,20,42
315,212,22,37
323,221,23,38
334,230,18,34
345,236,20,36
352,242,24,37
362,245,27,40
373,245,30,40
380,244,35,43
388,246,39,50
396,242,44,51
402,238,51,58
408,235,54,57
415,230,54,54
421,224,54,57
424,215,54,57
428,211,53,54
430,204,51,56
429,195,51,57
425,189,52,57
420,178,53,58
414,172,50,57
406,167,50,55
395,161,53,54
385,158,52,50
374,154,50,44
364,149,44,44
355,143,41,44
343,138,39,47
335,134,38,47
326,131,32,42
316,128,35,43
307,128,36,38
302,128,34,35
297,129,32,33
295,125,27,39
291,129,28,39
286,138,31,39
283,150,29,37
282,161,27,38
282,172,26,39
281,183,26,44
282,186,28,48
281,195,30,46
281,197,33,49
283,206,31,56
295,222,24,47
304,233,22,47
311,239,26,52
320,244,28,51
330,251,27,46
339,250,32,47
353,250,31,47
363,249,32,51
374,249,36,51
384,248,46,50
394,245,46,49
403,244,44,53
412,239,44,57
418,235,44,51
421,231,47,47
425,222,46,49
426,213,49,53
430,207,47,50
425,198,47,53
423,189,49,54
418,183,49,54
411,179,51,49
405,173,50,49
395,169,48,47
385,163,46,47
375,159,44,44
365,152,44,44
355,149,40,44
344,143,38,45
335,141,33,45
328,140,26,44
315,141,27,45
305,146,27,43
298,153,24,43
291,154,26,44
286,153,29,45
283,154,29,46
282,159,27,44
281,164,27,45
281,177,26,43
279,189,27,41
278,203,26,43
279,215,26,45
279,224,28,49
280,233,32,48
291,244,26,49
303,252,22,45
309,262,24,42
317,277,23,45
327,283,22,42
333,287,27,45
345,287,22,51
357,290,21,49
369,294,24,47
378,290,24,53
389,287,23,57
401,292,18,50
410,286,20,55
421,284,20,55
427,283,21,50
430,272,24,50
432,260,26,54
434,249,25,54
434,237,24,58
432,225,25,53
428,214,26,52
422,202,27,54
414,188,30,58
408,177,28,54
398,167,29,52
387,158,31,46
374,148,34,45
361,138,38,44
351,133,39,40
338,131,41,38
330,129,39,37
317,130,42,37
306,131,45,38
299,133,48,39
290,136,49,42
284,141,47,44
279,152,44,41
273,165,44,41
264,181,49,42
262,204,43,38
254,221,47,42
252,235,49,43
254,244,49,42
259,257,49,44
264,270,49,39
273,275,44,45
282,279,46,45
290,279,49,46
307,278,44,49
316,274,48,62
325,276,59,75
339,278,64,77
334,280,82,74
328,276,98,79
316,267,116,88
308,267,140,90
300,265,151,89
299,263,137,88
300,266,140,89
302,264,136,91
436,275,128,81
449,283,120,75
469,289,98,68
473,290,80,66
477,290,65,66
481,295,65,61
484,296,65,61
484,299,62,57
484,298,62,57
481,293,63,63
481,289,57,67
472,281,64,70
473,275,60,75
472,270,57,70
471,263,57,61
467,257,56,57
460,247,57,52
455,239,54,52
450,232,51,51
445,227,52,51
440,221,51,53
435,217,46,57
430,215,46,58
424,211,44,59
420,205,41,64
417,200,36,67
415,192,32,71
410,184,31,75
405,180,31,70
401,173,30,69
398,166,31,69
397,160,31,71
395,157,30,72
394,149,30,76
392,146,29,76
396,144,26,74
399,141,25,71
402,129,25,74
404,121,25,76
406,118,26,74
409,115,26,76
409,111,30,80
406,108,37,83
418,111,30,78
419,113,29,80
420,114,31,81
422,122,30,79
423,125,31,81
421,132,33,78
419,138,36,76
416,143,39,75
414,148,41,73
410,154,47,72
405,160,53,71
399,170,59,66
396,183,60,60
397,189,60,62
393,207,63,58
392,218,64,59
392,226,63,66
390,226,63,71
393,225,60,73
392,224,59,72
393,221,60,73
390,219,67,75
389,217,76,77
390,212,78,76
392,204,82,79
395,201,85,79
398,196,89,80
402,193,86,80
406,191,89,82
