328,106,23,41
325,104,24,40
325,103,25,41
328,104,23,41
327,105,24,40
328,104,23,40
326,103,25,43
328,104,23,40
328,105,24,42
330,107,23,39
331,106,23,42
332,107,24,40
331,107,24,41
333,107,24,42
333,107,23,41
334,106,26,41
333,106,26,41
336,105,26,42
337,102,26,41
337,100,27,42
339,98,27,41
339,96,26,40
341,94,27,41
342,94,26,40
344,93,27,39
344,91,28,38
346,92,26,38
347,91,27,39
346,92,28,40
349,92,27,40
349,94,26,40
349,94,26,40
350,96,26,40
351,97,26,41
352,98,26,41
351,99,27,41
351,101,28,41
352,101,28,42
350,103,28,40
351,104,28,40
350,105,28,42
349,106,28,42
348,106,26,41
347,107,26,42
345,106,26,41
343,107,26,42
341,106,26,42
338,106,27,43
335,107,26,41
335,108,23,41
331,108,23,42
328,108,22,42
325,108,24,44
321,108,25,44
319,110,26,42
317,110,27,40
315,111,26,40
313,110,28,40
311,112,29,40
310,111,30,42
309,111,31,43
309,112,32,43
308,113,33,41
308,113,32,41
309,113,33,42
311,112,32,40
312,114,32,41
314,111,32,41
316,111,30,42
316,111,32,42
317,109,32,41
321,110,30,39
322,108,31,38
321,103,34,40
324,100,32,40
325,96,29,41
325,94,29,40
325,90,28,43
328,89,25,44
325,88,24,46
326,86,24,44
322,86,25,45
320,87,24,43
316,84,26,44
311,82,26,46
305,80,30,47
303,80,29,47
299,79,29,46
294,79,30,48
290,75,31,50
287,72,30,50
284,71,30,51
282,69,30,50
281,67,30,53
281,66,29,53
280,65,31,52
283,63,29,52
285,64,29,52
287,62,30,53
290,63,32,54
294,64,30,52
298,66,30,50
304,67,28,52
305,69,29,52
309,75,29,50
314,81,30,47
319,86,27,45
322,93,26,45
322,94,27,47
323,97,27,43
323,98,25,43
324,101,26,43
325,106,25,42
323,107,27,43
322,108,25,40
319,110,25,41
317,110,27,37
313,109,27,39
310,107,26,38
306,107,28,40
304,109,25,38
299,108,28,37
294,107,29,38
290,107,32,38
287,106,30,38
283,105,31,39
280,105,31,37
277,104,31,39
275,101,29,38
273,99,30,39
274,95,29,41
274,92,29,40
273,89,30,41
272,85,33,41
276,82,32,43
277,78,32,42
281,74,28,42
286,70,27,44
290,67,27,45
294,65,28,46
297,63,27,44
301,63,28,45
305,63,28,47
307,65,31,45
311,66,32,46
313,69,35,43
316,72,33,46
320,74,32,42
320,77,32,44
321,80,34,45
323,84,30,46
322,88,30,44
322,94,28,43
321,99,28,42
319,104,28,43
318,110,26,43
316,116,26,39
314,122,26,40
312,127,24,39
310,131,24,40
309,137,24,38
305,140,23,41
304,145,23,41
302,149,22,39
301,153,22,41
297,157,24,40
296,159,25,41
296,162,24,38
294,163,24,39
294,164,24,38
294,165,24,38
294,164,25,39
277,188,23,34
276,192,24,29
274,191,24,23
273,192,23,20
272,196,22,16
273,199,23,13
271,199,24,12
271,199,24,12
271,199,24,12
271,199,24,12
271,199,24,12
271,199,24,12
271,199,24,12
271,199,24,12
271,199,24,12
271,199,24,12
271,199,24,12
271,199,24,12
271,199,24,12
271,199,24,12
271,199,24,12
271,199,24,12
271,199,24,12
271,199,24,12
273,200,22,11
273,197,21,13
272,196,22,13
271,193,23,13
271,192,24,15
272,190,24,18
276,187,23,20
281,182,21,24
281,177,23,28
282,172,24,32
283,162,26,40
283,154,27,41
285,145,28,43
284,136,32,44
287,129,30,45
289,121,30,44
288,119,29,44
292,115,27,44
293,114,27,43
296,110,25,42
297,104,24,44
297,99,24,44
298,94,23,44
298,90,23,42
297,85,26,41
298,81,27,42
297,74,29,41
297,68,29,43
299,64,27,41
300,60,27,41
300,57,26,43
302,58,25,44
299,62,26,43
299,70,26,45
300,75,26,44
299,72,29,43
298,66,33,42
298,61,38,42
297,58,42,41
299,56,40,41
303,53,39,42
307,51,34,45
312,51,27,42
314,47,33,43
315,43,38,43
318,39,39,45
324,38,35,46
328,35,31,47
333,37,29,48
336,38,30,47
338,37,33,47
341,31,34,49
344,29,33,48
348,30,33,51
353,33,29,50
356,36,29,52
359,45,29,49
360,42,31,51
357,37,34,50
353,32,39,51
349,29,43,50
345,27,46,48
344,29,42,48
343,27,38,51
339,21,32,50
331,16,37,51
315,6,50,55
308,1,50,56
301,0,49,51
291,0,45,47
284,2,43,39
275,2,38,32
266,1,38,27
253,0,40,23
243,0,40,18
234,0,34,14
234,0,34,14
234,0,34,14
234,0,34,14
234,0,34,14
234,0,34,14
234,0,34,14
234,0,34,14
234,0,34,14
234,0,34,14
234,0,34,14
234,0,34,14
234,0,34,14
234,0,34,14
234,0,34,14
234,0,34,14
234,0,34,14
234,0,34,14
234,0,34,14
234,0,34,14
234,0,34,14
234,0,34,14
234,0,34,14
234,0,34,14
234,0,34,14
234,0,34,14
234,0,34,14
234,0,34,14
234,0,34,14
234,0,34,14
234,0,34,14
234,0,34,14
234,0,34,14
234,0,34,14
234,0,34,14
234,0,34,14
287,38,34,18
291,33,37,17
285,32,41,23
273,30,47,29
264,40,52,35
258,37,56,46
257,33,52,54
257,28,47,61
255,30,47,65
254,34,46,67
252,43,50,66
251,46,56,67
256,48,57,64
260,47,56,63
264,49,57,61
270,52,53,62
281,52,42,66
287,54,40,66
290,55,47,64
294,57,51,60
298,59,54,58
305,61,52,60
310,60,52,59
318,62,42,59
326,60,38,59
334,62,37,60
337,62,37,58
337,60,36,60
340,62,37,61
341,62,35,59
341,63,39,59
339,61,44,61
339,58,48,60
340,54,45,62
341,54,41,61
341,56,38,62
338,53,40,63
332,54,46,65
327,53,51,61
321,56,52,60
313,62,55,61
309,68,51,58
305,69,47,60
301,71,40,60
298,76,35,59
295,79,36,57
287,79,39,59
282,80,42,59
279,77,42,56
274,74,44,55
272,72,43,57
269,73,40,54
269,73,35,56
267,69,35,57
266,71,37,57
263,67,40,61
264,70,42,62
264,69,41,62
268,68,40,66
272,69,40,62
273,71,48,65
280,69,45,62
287,69,48,65
297,66,48,65
308,66,48,64
326,64,41,62
337,61,44,64
352,61,41,64
365,58,38,65
376,60,38,59
385,63,39,54
390,64,41,54
395,68,39,53
398,70,35,54
396,72,33,53
392,73,34,52
384,75,35,51
375,79,37,48
364,83,41,45
352,83,45,46
342,83,44,44
330,77,41,42
318,74,35,44
305,70,31,42
294,66,30,43
278,61,33,43
263,57,40,43
251,53,44,43
240,51,45,41
232,47,46,43
225,44,45,43
223,37,44,45
225,32,50,42
228,31,51,39
232,30,50,36
239,30,49,34
244,30,50,38
254,30,48,44
266,31,47,50
282,31,45,54
297,29,42,56
313,34,43,52
329,37,45,53
341,39,47,51
353,41,49,49
369,41,46,49
382,42,38,49
395,37,34,51
404,38,33,49
412,38,31,47
416,38,33,45
419,37,33,47
421,40,34,45
422,44,30,44
423,46,29,44
419,49,30,44
413,51,34,44
408,55,36,44
401,57,36,45
395,62,37,44
387,65,34,46
380,70,30,43
372,73,28,44
362,78,29,45
352,84,31,44
339,89,32,44
331,93,30,42
319,93,32,43
309,94,33,43
301,94,30,43
292,92,36,47
285,91,39,46
281,91,42,44
273,93,47,41
271,91,47,42
271,91,47,46
273,91,45,46
278,90,41,46
280,93,42,49
285,97,40,48
294,101,34,46
302,106,33,45
308,112,32,43
321,116,31,42
329,120,29,43
340,126,28,45
348,130,28,42
354,134,31,43
355,136,30,42
362,138,29,41
362,139,29,40
370,139,28,41
375,139,29,40
380,137,29,39
383,134,29,39
386,132,27,36
388,130,26,37
391,128,22,39
392,126,20,38
389,127,23,38
387,128,28,37
384,128,29,36
379,131,32,35
378,130,30,38
374,133,29,36
372,132,24,36
369,133,24,37
362,132,26,37
359,133,26,38
353,133,30,39
348,132,32,41
343,132,36,41
340,129,37,42
339,126,38,41
339,123,34,41
342,118,30,41
345,113,28,42
348,109,27,42
351,106,28,39
356,102,28,40
361,99,28,42
363,97,33,44
370,97,31,44
376,96,28,46
382,98,27,45
387,100,29,46
394,101,30,47
399,104,33,46
402,109,37,46
404,114,39,44
411,115,37,43
417,110,32,46
422,106,30,46
425,103,30,44
429,100,28,45
432,98,28,44
432,98,31,45
431,95,36,46
431,94,40,47
429,92,43,47
430,95,44,47
431,96,43,50
433,99,42,49
436,102,33,48
435,99,32,49
433,97,33,53
431,96,35,55
429,96,35,55
425,95,35,54
422,93,34,58
418,91,36,60
412,93,37,56
411,94,34,54
405,95,34,57
399,96,37,55
395,101,39,54
388,105,44,51
382,108,48,53
381,113,43,53
381,119,35,50
380,125,30,45
378,125,29,46
375,123,28,45
375,120,28,44
373,122,32,41
369,122,34,40
369,123,33,37
368,122,33,38
366,122,30,37
367,122,27,38
368,119,25,38
367,117,25,36
368,116,24,36
366,116,28,35
366,116,28,34
366,116,30,35
364,115,33,35
365,115,32,35
367,113,33,38
367,115,35,38
370,116,30,37
373,117,29,38
375,115,29,39
377,115,30,39
378,115,33,40
382,112,31,41
385,109,36,42
387,103,38,44
389,98,41,48
393,92,40,50
400,87,37,49
403,79,37,50
408,73,36,50
412,66,36,56
414,60,33,57
416,57,35,55
415,58,35,53
414,58,39,50
412,61,41,47
409,64,41,48
406,68,42,48
405,71,39,50
402,76,37,52
398,82,35,51
395,90,32,50
389,95,33,48
384,101,32,46
379,107,33,45
374,112,35,42
371,114,34,42
369,115,34,43
366,118,34,40
366,117,33,38
364,119,30,37
363,118,27,35
361,116,26,35
358,111,27,35
357,108,25,34
356,104,25,36
354,101,26,35
354,98,26,34
351,94,29,36
350,93,30,35
350,93,29,34
349,92,29,36
349,93,29,37
349,95,28,36
349,97,27,37
351,100,28,39
352,104,28,37
352,106,31,36
354,106,35,38
356,105,37,40
361,101,38,42
366,98,40,43
373,94,41,44
381,88,40,46
389,81,41,48
399,75,43,48
408,68,43,47
419,63,45,48
430,59,45,46
438,55,48,45
449,58,46,43
461,60,41,44
469,62,40,48
479,66,37,51
489,71,32,53
492,78,33,53
492,88,33,52
490,97,34,51
488,106,34,51
485,115,33,49
479,122,31,45
471,129,30,44
462,131,30,45
452,141,29,40
444,144,27,38
434,146,25,38
423,150,25,35
414,151,25,35
402,151,27,33
390,149,29,35
380,147,31,35
371,147,31,33
362,145,32,32
353,142,32,34
346,139,31,32
339,137,31,33
332,134,31,33
327,132,32,34
323,129,30,35
321,126,30,35
316,126,33,34
314,123,37,32
316,121,37,32
319,120,36,34
321,117,38,35
328,114,37,38
334,112,39,40
342,108,42,40
353,109,42,43
362,106,46,42
378,107,46,44
393,104,46,43
411,104,42,45
426,101,42,47
448,102,36,46
461,101,34,48
472,103,34,48
483,106,35,45
491,107,35,47
495,111,36,46
496,114,37,47
498,118,32,46
496,121,31,42
492,125,31,39
484,126,29,41
474,129,29,38
464,130,28,36
453,131,27,36
442,134,25,36
430,134,24,36
418,135,24,35
404,135,25,35
391,136,25,33
377,135,27,33
364,133,28,32
352,132,27,33
339,130,26,31
325,128,29,32
313,125,30,32
304,122,31,35
296,118,30,34
288,116,33,35
280,113,36,35
275,111,34,36
274,107,31,38
272,107,30,38
273,105,31,38
276,103,32,40
279,102,35,41
288,101,34,42
302,99,32,45
311,99,36,44
330,97,36,47
346,94,35,47
366,94,35,48
385,90,44,49
403,90,51,49
421,88,54,48
438,85,55,49
440,84,55,50
454,83,55,48
455,83,56,46
468,82,56,47
480,80,54,48
490,80,51,48
497,82,53,49
501,83,56,50
502,86,51,48
505,89,52,47
501,93,52,48
498,97,51,48
493,102,48,49
486,106,45,48
481,111,39,50
472,115,36,49
462,123,36,47
451,126,33,48
440,130,35,45
429,133,30,45
415,134,32,45
405,136,29,43
392,138,32,44
380,137,35,44
369,140,39,43
361,141,39,43
354,144,37,42
347,146,36,44
339,150,36,41
333,153,37,42
329,156,37,43
324,161,36,43
322,166,36,43
318,171,37,42
318,177,35,35
320,179,32,31
324,178,29,34
324,188,30,25
327,191,28,21
328,194,25,17
330,197,24,15
333,200,24,16
336,202,25,14
340,204,22,14
344,205,21,13
346,206,21,13
349,207,20,11
352,207,19,11
354,208,20,11
355,209,21,11
360,209,19,11
363,210,17,10
362,210,17,9
362,209,17,10
361,208,17,10
358,207,18,12
356,206,20,13
354,204,21,14
352,203,22,15
352,203,22,15
342,205,22,15
341,206,21,15
341,207,23,13
340,207,23,13
340,207,23,13
338,206,23,16
338,206,22,15
342,206,19,15
341,206,21,14
338,207,24,14
338,207,24,14
341,207,22,13
342,207,21,12
346,207,18,12
346,206,19,12
346,206,20,12
348,206,19,12
347,206,18,12
347,206,17,12
345,206,16,12
344,206,17,12
341,206,16,12
341,206,16,14
342,207,17,14
342,208,20,13
340,209,23,12
341,210,22,11
336,206,24,14
334,206,22,12
333,206,20,11
333,206,18,11
344,211,18,10
346,211,17,9
350,212,13,9
351,212,11,8
353,212,10,7
353,212,10,9
354,212,9,8
354,212,8,7
354,212,9,8
355,212,8,9
354,212,9,9
355,212,8,7
354,212,8,7
355,212,8,8
354,212,8,7
355,212,8,8
355,212,8,8
354,212,8,8
354,212,9,8
354,212,9,7
355,212,8,6
355,212,7,6
354,212,8,6
354,212,9,6
354,212,8,7
354,212,8,8
355,212,8,8
354,212,8,7
354,212,9,8
354,212,8,8
355,213,8,7
354,212,8,7
354,213,8,6
354,212,8,7
354,212,9,7
355,212,8,7
355,212,8,6
355,212,8,7
355,212,8,8
354,212,9,7
354,212,8,8
354,212,8,7
355,212,8,7
354,212,8,8
344,206,9,8
346,207,11,9
351,207,12,10
353,207,14,12
353,207,14,11
353,206,17,12
354,205,20,14
356,205,22,14
358,205,23,14
363,205,22,15
366,206,24,15
371,206,24,15
374,205,25,16
378,204,25,18
379,205,25,19
381,206,26,19
382,207,24,22
384,208,24,24
383,208,24,23
385,209,22,22
386,210,23,21
388,212,23,20
392,215,20,21
395,217,19,22
397,217,19,24
398,218,19,29
398,219,18,25
397,219,18,21
395,219,19,20
396,237,17,21
399,237,13,27
397,218,16,24
399,235,14,28
401,232,16,29
400,221,19,35
398,218,23,42
396,217,27,38
397,218,27,45
399,217,24,47
399,217,23,48
399,216,22,48
399,217,22,47
399,216,24,47
400,217,24,47
400,217,27,47
401,218,27,45
400,218,31,45
400,217,33,45
402,218,33,45
402,216,31,45
401,216,33,47
402,213,33,47
403,214,31,48
406,213,29,44
406,212,32,48
407,213,33,46
407,213,37,47
409,213,35,47
410,215,37,44
411,216,38,45
413,217,37,48
415,218,36,48
418,222,31,46
421,226,28,49
423,227,28,51
424,232,29,51
426,235,30,49
426,238,35,48
428,240,37,46
428,240,38,48
431,241,37,48
435,241,34,50
438,241,30,52
440,241,28,53
440,244,31,55
441,244,29,53
443,246,31,55
443,249,31,54
444,251,32,55
441,252,34,53
444,254,32,52
444,257,33,56
443,257,35,56
441,258,36,56
440,259,38,57
439,261,37,54
439,259,36,56
439,259,35,55
441,261,32,55
438,260,33,56
440,261,31,56
436,259,33,56
432,259,36,57
430,258,39,57
427,258,42,55
424,254,44,56
424,253,42,57
424,253,39,56
426,253,35,56
426,254,34,55
427,251,32,57
427,252,32,55
427,250,29,57
426,247,31,59
427,246,33,58
425,244,35,57
425,243,37,58
424,238,40,58
426,238,40,59
427,236,39,57
431,237,38,60
434,235,37,61
436,235,39,62
438,236,41,63
441,237,40,60
444,237,41,61
449,233,40,63
452,231,41,66
454,228,42,67
457,224,44,69
461,222,44,72
464,218,46,74
464,217,48,73
467,218,50,74
468,214,56,73
470,216,56,74
472,211,51,73
475,212,51,76
472,212,51,74
476,208,48,74
472,207,53,72
469,201,57,73
469,197,58,73
463,197,62,72
464,190,63,75
461,187,59,71
458,181,58,70
459,174,59,72
456,171,55,68
455,166,52,67
452,158,53,67
451,154,50,63
447,146,53,65
446,141,51,63
442,137,52,61
442,125,50,65
441,116,45,65
437,111,45,64
437,104,39,66
436,100,39,61
430,90,40,62
429,81,37,62
425,76,40,60
421,70,40,60
415,64,41,60
415,59,37,58
412,53,36,59
407,51,38,59
402,48,39,57
398,44,39,59
394,44,38,59
390,42,38,60
387,42,37,59
384,42,38,60
380,44,38,56
375,43,40,57
371,44,39,58
367,46,38,53
363,48,36,52
361,50,36,53
357,54,35,54
356,57,33,56
352,61,31,54
348,65,32,53
345,68,31,55
340,72,32,53
338,74,33,52
334,76,34,50
333,77,33,52
328,74,35,54
326,74,37,52
322,72,37,51
318,69,40,52
315,71,41,51
311,68,44,51
309,68,44,53
308,68,44,52
306,68,43,54
307,67,40,53
306,69,39,54
308,69,41,53
306,70,43,52
307,68,44,53
310,70,42,52
314,70,44,54
319,70,42,55
327,68,37,53
334,70,38,54
342,66,35,54
350,69,38,54
357,72,40,55
366,74,39,54
376,76,38,57
387,79,34,56
399,80,33,57
411,79,34,59
419,81,38,58
426,83,42,57
433,87,48,57
441,91,49,57
446,94,52,56
451,97,50,53
455,97,49,54
461,101,45,52
462,101,42,53
462,103,41,51
460,103,39,52
458,104,40,52
460,106,39,51
458,105,38,50
460,106,37,51
460,106,37,51
460,106,37,51
364,80,37,40
360,76,38,36
351,70,30,37
339,69,34,39
332,66,35,40
325,65,35,40
316,63,36,38
309,63,38,41
306,62,32,43
301,61,31,42
297,61,31,43
294,59,31,45
289,59,34,47
288,60,33,49
286,60,34,50
286,61,34,51
289,64,36,51
292,63,33,51
295,62,32,53
302,61,32,54
307,58,38,56
315,57,42,57
327,53,43,60
337,52,41,61
346,50,45,60
355,50,48,61
367,52,45,61
378,56,44,56
386,60,47,58
394,65,48,57
401,73,47,53
405,78,46,52
410,85,42,48
414,88,40,51
415,93,37,49
415,98,34,52
414,104,32,49
413,108,29,48
408,111,29,47
403,113,27,46
398,114,28,44
396,114,22,42
395,113,18,39
394,111,13,37
394,111,13,37
394,111,13,37
394,111,13,37
394,111,13,37
394,111,13,37
355,78,16,33
338,78,21,37
329,76,27,37
322,74,32,39
316,75,34,36
310,76,32,36
306,74,30,39
303,74,28,39
299,74,27,40
296,72,28,43
293,72,29,45
291,71,33,46
291,67,31,46
294,64,31,49
297,59,30,51
300,52,31,53
305,45,35,55
311,38,37,56
319,32,40,58
327,27,42,58
338,24,44,55
349,23,42,52
359,20,45,53
371,21,44,50
381,20,45,50
387,23,48,51
391,25,52,54
398,32,51,54
402,41,50,56
409,50,43,52
414,58,38,53
415,64,33,55
414,72,32,55
412,81,31,52
409,89,32,51
403,96,34,49
398,99,32,47
396,104,28,44
391,107,27,42
386,111,26,40
383,110,26,40
379,108,24,40
376,107,22,38
374,105,19,34
373,104,16,29
373,104,16,29
373,104,16,29
346,81,22,30
339,80,22,23
335,75,22,24
330,71,23,26
326,66,25,31
323,59,25,36
320,51,27,40
319,44,28,43
320,34,30,45
321,24,31,47
327,14,31,47
331,5,35,49
339,2,35,48
338,1,39,46
344,1,39,43
346,2,40,40
355,2,40,38
364,2,41,35
375,3,44,39
391,4,44,42
403,3,54,50
420,4,56,53
440,2,57,64
461,11,59,64
484,19,59,65
510,28,61,68
533,40,58,68
562,69,62,56
584,65,54,66
610,77,42,68
557,-10,50,64
589,-6,49,50
591,4,47,41
607,7,37,42
607,7,37,42
607,7,37,42
607,7,37,42
607,7,37,42
607,7,37,42
607,7,37,42
607,7,37,42
607,7,37,42
607,7,37,42
607,7,37,42
607,7,37,42
607,7,37,42
607,7,37,42
607,7,37,42
607,7,37,42
607,7,37,42
607,7,37,42
607,7,37,42
607,7,37,42
607,7,37,42
607,7,37,42
607,7,37,42
607,7,37,42
607,7,37,42
607,7,37,42
607,7,37,42
607,7,37,42
607,7,37,42
607,7,37,42
607,7,37,42
607,7,37,42
607,7,37,42
607,7,37,42
607,7,37,42
607,7,37,42
607,7,37,42
607,7,37,42
607,7,37,42
607,7,37,42
607,7,37,42
607,7,37,42
607,7,37,42
607,7,37,42
607,7,37,42
607,7,37,42
607,7,37,42
607,7,37,42
607,7,37,42
607,7,37,42
607,7,37,42
607,7,37,42
607,7,37,42
607,7,37,42
607,7,37,42
607,7,37,42
607,7,37,42
607,7,37,42
607,7,37,42
607,7,37,42
607,7,37,42
607,7,37,42
607,7,37,42
607,7,37,42
607,7,37,42
607,7,37,42
607,7,37,42
607,7,37,42
607,7,37,42
607,7,37,42
607,7,37,42
607,7,37,42
607,7,37,42
607,7,37,42
607,7,37,42
607,7,37,42
607,7,37,42
607,7,37,42
607,7,37,42
607,7,37,42
607,7,37,42
607,7,37,42
607,7,37,42
607,7,37,42
607,7,37,42
607,7,37,42
607,7,37,42
607,7,37,42
607,7,37,42
607,7,37,42
607,7,37,42
607,7,37,42
607,7,37,42
607,7,37,42
607,7,37,42
607,7,37,42
607,7,37,42
607,7,37,42
607,7,37,42
607,7,37,42
607,7,37,42
607,7,37,42
607,7,37,42
607,7,37,42
607,7,37,42
607,7,37,42
607,7,37,42
607,7,37,42
607,7,37,42
607,7,37,42
607,7,37,42
607,7,37,42
607,7,37,42
607,7,37,42
607,7,37,42
607,7,37,42
607,7,37,42
607,7,37,42
607,7,37,42
607,7,37,42
607,7,37,42
607,7,37,42
607,7,37,42
607,7,37,42
607,7,37,42
607,7,37,42
607,7,37,42
607,7,37,42
607,7,37,42
607,7,37,42
607,7,37,42
607,7,37,42
607,7,37,42
607,7,37,42
607,7,37,42
607,7,37,42
607,7,37,42
607,7,37,42
607,7,37,42
607,7,37,42
607,7,37,42
607,7,37,42
607,7,37,42
607,7,37,42
607,7,37,42
607,7,37,42
607,7,37,42
607,7,37,42
607,7,37,42
607,7,37,42
607,7,37,42
607,7,37,42
607,7,37,42
607,7,37,42
607,7,37,42
607,7,37,42
607,7,37,42
607,7,37,42
609,80,36,48
615,68,27,50
604,62,36,57
584,52,46,59
566,41,53,64
551,29,53,69
534,20,54,66
521,15,51,67
518,12,54,65
391,21,43,65
322,33,44,62
314,34,51,65
311,35,51,63
309,32,48,65
311,34,46,64
310,35,44,64
309,36,46,66
308,38,46,63
309,43,48,63
308,44,49,61
309,44,53,66
316,45,47,65
317,48,49,64
317,49,50,62
323,50,44,66
327,48,45,63
332,44,40,65
335,47,40,66
337,50,41,64
337,52,43,65
337,56,46,65
337,57,48,65
339,60,49,65
338,60,48,67
340,63,46,67
341,67,43,64
340,68,42,64
337,70,44,67
334,69,44,64
333,70,45,67
330,75,46,65
326,79,48,64
324,82,50,62
322,83,49,62
321,87,47,61
319,92,45,57
316,94,45,59
313,98,45,56
312,99,43,59
309,101,43,58
308,104,44,59
306,107,46,57
307,107,44,57
305,112,43,58
304,118,44,55
303,121,41,55
304,123,39,56
302,126,38,56
302,133,36,56
302,135,36,58
300,139,36,58
301,143,38,57
298,148,36,56
298,153,38,52
301,157,33,49
300,159,32,48
299,163,33,47
297,167,33,45
295,170,33,39
293,174,31,37
289,178,30,30
285,182,31,26
282,185,31,23
279,187,29,21
276,188,30,20
274,189,29,19
274,189,28,19
274,190,29,18
274,190,29,18
274,191,29,18
274,191,30,18
274,193,29,16
275,194,29,15
276,196,28,13
278,197,26,12
281,199,24,12
281,199,24,12
281,199,24,12
281,199,24,12
281,199,24,12
281,199,24,12
281,199,24,12
281,199,24,12
281,199,24,12
281,199,24,12
281,199,24,12
281,199,24,12
281,199,24,12
281,199,24,12
281,199,24,12
281,199,24,12
281,199,24,12
281,199,24,12
281,199,24,12
281,199,24,12
281,199,24,12
281,199,24,12
281,199,24,12
281,199,24,12
281,199,24,12
281,199,24,12
281,199,24,12
281,199,24,12
281,199,24,12
281,199,24,12
281,199,24,12
281,199,24,12
281,199,24,12
281,199,24,12
281,199,24,12
281,199,24,12
281,199,24,12
281,199,24,12
281,199,24,12
281,199,24,12
281,199,24,12
281,199,24,12
281,199,24,12
281,199,24,12
281,199,24,12
281,199,24,12
281,199,24,12
281,199,24,12
281,199,24,12
281,199,24,12
281,199,24,12
281,199,24,12
281,199,24,12
281,199,24,12
281,199,24,12
281,199,24,12
281,199,24,12
281,199,24,12
281,199,24,12
281,199,24,12
281,199,24,12
281,199,24,12
281,199,24,12
281,199,24,12
281,199,24,12
281,199,24,12
281,199,24,12
281,199,24,12
281,199,24,12
281,199,24,12
286,200,22,11
284,200,20,11
284,202,16,11
283,203,15,10
283,203,15,10
272,203,16,9
272,203,16,9
272,203,16,9
272,203,16,9
272,203,16,9
272,203,16,9
272,203,16,9
272,203,16,9
272,203,16,9
272,203,16,9
272,203,16,9
272,203,16,9
272,203,16,9
272,203,16,9
272,203,16,9
281,204,14,8
282,204,11,8
283,204,11,8
282,201,13,9
287,199,16,10
294,191,18,13
293,187,22,16
292,175,24,18
298,168,24,25
304,152,27,33
307,143,31,36
310,124,35,42
312,106,41,47
312,92,47,50
314,83,48,52
318,73,48,54
321,64,48,57
327,56,42,58
334,48,37,56
337,40,38,57
340,32,36,60
343,22,36,64
344,18,37,63
342,13,42,64
338,8,50,65
337,4,54,63
333,1,56,61
335,2,53,54
337,1,47,55
337,4,44,48
334,3,39,43
329,1,39,40
326,1,38,38
324,2,38,34
321,1,37,34
316,0,41,36
312,1,42,35
310,3,42,33
308,2,41,36
304,0,38,42
302,2,36,44
300,3,35,47
300,3,37,51
300,2,38,58
303,3,36,58
305,4,31,62
307,8,35,63
307,13,39,59
310,18,39,59
313,20,38,55
316,27,35,51
321,28,33,55
325,32,32,53
327,35,33,53
330,38,30,50
331,43,32,50
332,45,33,49
332,45,36,51
334,45,36,51
335,44,35,51
335,44,35,53
338,41,31,52
336,39,32,55
334,36,33,55
331,34,34,53
330,31,32,57
325,28,35,58
321,23,38,62
314,18,42,63
311,15,41,62
308,10,39,62
303,5,43,62
295,2,50,63
292,2,51,56
288,2,45,54
284,0,45,52
282,3,43,45
279,6,44,41
277,6,42,39
276,2,44,42
274,6,47,41
272,9,54,48
275,15,54,54
276,23,55,58
280,28,53,66
286,37,46,67
292,46,39,66
296,60,36,62
301,69,33,62
304,82,32,58
305,91,35,55
307,95,36,54
310,98,38,51
313,102,38,49
313,102,41,48
311,101,40,48
308,101,40,46
308,102,38,46
305,101,37,49
303,100,34,49
304,98,32,49
303,94,31,49
303,86,33,52
299,82,37,52
297,79,39,50
297,75,41,50
294,70,44,50
292,61,46,56
293,54,45,58
291,51,46,56
295,42,41,61
292,36,45,64
294,29,46,65
294,19,48,70
297,13,48,69
294,5,53,72
296,3,52,67
296,1,53,70
295,3,55,66
296,2,53,67
298,3,49,64
300,1,46,63
305,2,42,60
308,2,42,61
309,1,39,66
308,3,42,67
308,2,44,71
310,4,44,72
307,6,44,75
308,12,42,77
308,23,41,72
306,34,40,69
308,43,36,69
304,52,38,69
304,60,37,65
305,70,36,61
305,77,34,58
307,80,30,55
308,82,29,53
307,82,28,53
307,82,29,53
307,82,29,48
308,76,30,48
307,73,32,47
307,68,34,48
308,64,33,46
308,62,33,49
309,59,34,47
308,56,32,47
309,53,31,48
309,49,29,50
309,52,31,51
308,51,29,52
306,53,32,52
304,52,35,52
302,50,37,55
299,46,39,59
296,42,41,60
295,37,40,61
293,23,42,69
294,13,39,72
291,5,42,74
292,2,41,72
291,4,43,63
294,0,45,61
293,3,51,50
293,3,50,45
293,4,55,48
292,5,54,52
290,2,53,62
289,3,54,69
290,4,53,75
289,3,54,87
289,11,53,94
285,23,59,92
283,36,64,101
280,51,67,97
278,64,67,93
277,76,65,89
280,85,61,84
282,94,51,85
284,96,47,80
285,97,43,78
284,94,44,78
278,86,48,80
275,77,49,77
273,65,52,78
270,57,57,76
268,48,56,77
271,38,55,81
269,33,51,80
270,30,48,80
270,25,47,80
267,21,47,81
264,15,49,84
266,14,47,81
264,8,48,78
264,5,51,73
262,5,56,63
263,2,56,64
263,0,55,61
268,1,47,62
271,1,42,63
272,2,45,62
272,4,49,60
275,4,50,66
278,8,46,68
283,9,43,70
288,18,36,65
289,22,41,65
291,27,42,59
292,29,43,60
296,34,40,58
300,37,35,59
305,39,32,57
307,41,32,56
307,45,34,55
308,47,34,54
311,49,30,53
312,53,30,52
312,55,33,49
312,57,33,49
312,60,30,47
314,63,29,46
316,64,27,46
317,67,27,45
315,68,33,46
316,69,35,44
318,71,34,45
321,69,26,44
326,71,23,45
326,71,23,45
326,71,23,45
326,71,23,45
326,71,23,45
326,71,23,45
326,71,23,45
326,71,23,45
326,71,23,45
326,71,23,45
326,71,23,45
326,71,23,45
326,71,23,45
326,71,23,45
326,71,23,45
326,71,23,45
326,8,31,41
326,8,31,41
326,8,31,41
326,8,31,41
326,8,31,41
326,8,31,41
326,8,31,41
326,8,31,41
326,8,31,41
326,8,31,41
326,8,31,41
326,8,31,41
326,8,31,41
326,8,31,41
326,8,31,41
326,8,31,41
326,8,31,41
326,8,31,41
326,8,31,41
326,8,31,41
326,8,31,41
326,8,31,41
326,8,31,41
326,8,31,41
326,8,31,41
326,8,31,41
326,8,31,41
326,8,31,41
326,8,31,41
326,8,31,41
326,8,31,41
326,8,31,41
326,8,31,41
326,8,31,41
326,8,31,41
326,8,31,41
326,8,31,41
326,8,31,41
326,8,31,41
326,8,31,41
326,8,31,41
326,8,31,41
326,8,31,41
326,8,31,41
326,8,31,41
326,8,31,41
326,8,31,41
326,8,31,41
326,8,31,41
326,8,31,41
326,8,31,41
326,8,31,41
326,8,31,41
326,8,31,41
326,8,31,41
326,8,31,41
326,8,31,41
326,8,31,41
326,8,31,41
326,8,31,41
326,8,31,41
326,8,31,41
326,8,31,41
326,8,31,41
326,8,31,41
326,8,31,41
326,8,31,41
326,8,31,41
326,8,31,41
326,8,31,41
326,8,31,41
326,8,31,41
326,8,31,41
326,8,31,41
326,8,31,41
326,8,31,41
326,8,31,41
326,8,31,41
326,8,31,41
326,8,31,41
326,8,31,41
326,8,31,41
326,8,31,41
326,8,31,41
326,8,31,41
326,8,31,41
326,8,31,41
326,8,31,41
326,8,31,41
326,8,31,41
326,8,31,41
326,8,31,41
326,8,31,41
326,8,31,41
326,8,31,41
326,8,31,41
326,8,31,41
326,8,31,41
326,8,31,41
326,8,31,41
326,8,31,41
326,8,31,41
326,8,31,41
326,8,31,41
326,8,31,41
326,8,31,41
326,8,31,41
326,8,31,41
326,8,31,41
326,8,31,41
326,8,31,41
326,8,31,41
326,8,31,41
326,8,31,41
326,8,31,41
326,8,31,41
326,8,31,41
326,8,31,41
326,8,31,41
326,8,31,41
326,8,31,41
326,8,31,41
326,8,31,41
326,8,31,41
326,8,31,41
326,8,31,41
326,8,31,41
326,8,31,41
326,8,31,41
326,8,31,41
326,8,31,41
326,8,31,41
326,8,31,41
326,8,31,41
326,8,31,41
326,8,31,41
326,8,31,41
326,8,31,41
326,8,31,41
326,8,31,41
326,8,31,41
326,8,31,41
326,8,31,41
326,8,31,41
326,8,31,41
326,8,31,41
326,8,31,41
326,8,31,41
326,8,31,41
326,8,31,41
326,8,31,41
326,8,31,41
326,8,31,41
326,8,31,41
326,8,31,41
326,8,31,41
326,8,31,41
326,8,31,41
326,8,31,41
326,8,31,41
326,8,31,41
326,8,31,41
326,8,31,41
326,8,31,41
326,8,31,41
326,8,31,41
326,8,31,41
326,8,31,41
326,8,31,41
326,8,31,41
326,8,31,41
326,8,31,41
326,8,31,41
326,8,31,41
326,8,31,41
326,8,31,41
326,8,31,41
326,8,31,41
326,8,31,41
326,8,31,41
326,8,31,41
326,8,31,41
326,8,31,41
326,8,31,41
326,8,31,41
326,8,31,41
326,8,31,41
326,8,31,41
326,8,31,41
326,8,31,41
326,8,31,41
326,8,31,41
326,8,31,41
326,8,31,41
326,8,31,41
326,8,31,41
326,8,31,41
326,8,31,41
326,8,31,41
326,8,31,41
326,8,31,41
326,8,31,41
326,8,31,41
326,8,31,41
326,8,31,41
326,8,31,41
326,8,31,41
326,8,31,41
326,8,31,41
326,8,31,41
326,8,31,41
326,8,31,41
395,92,30,36
406,91,32,42
424,87,30,42
439,85,30,40
454,83,32,37
467,79,34,39
482,76,32,42
496,76,32,43
509,76,34,44
522,77,32,46
534,78,33,46
546,79,33,47
555,81,34,47
563,80,34,50
570,78,41,53
572,75,42,54
578,71,42,54
581,65,45,57
588,58,41,58
590,50,46,61
589,37,48,66
592,28,47,68
593,19,48,67
594,7,44,71
596,1,43,71
596,0,43,72
598,0,41,66
598,0,40,66
601,0,38,63
605,1,35,53
607,10,34,45
613,16,27,45
617,31,24,48
624,48,19,50
629,56,14,42
630,62,10,43
633,67,12,43
629,81,14,40
631,90,10,39
632,88,12,36
629,88,10,39
628,92,13,43
624,99,15,40
620,92,18,45
611,91,24,47
600,91,34,50
590,101,45,49
578,103,51,52
568,108,52,55
560,112,53,59
553,115,42,60
544,119,41,59
530,121,47,56
521,121,50,60
513,121,46,63
505,120,45,61
499,115,44,63
496,110,44,68
490,107,48,73
486,104,47,76
483,102,50,73
481,101,57,73
484,101,60,75
487,99,58,75
490,105,58,76
495,108,52,75
498,113,53,74
502,122,57,72
501,128,60,74
502,136,59,71
507,145,54,67
511,147,48,67
510,147,41,69
508,147,42,68
504,148,42,68
498,148,45,65
491,148,47,61
484,147,49,61
478,145,48,63
475,144,43,63
472,144,37,64
467,143,39,64
458,142,49,63
452,142,52,63
447,144,55,64
443,147,53,68
441,157,53,66
439,165,54,71
442,176,57,73
451,181,60,82
463,191,71,82
478,194,87,96
502,200,90,101
536,210,103,116
580,214,76,130
411,267,79,120
405,303,78,95
342,204,60,99
342,204,60,99
