375,92,103,115
375,95,95,96
377,96,91,93
376,96,94,98
378,95,87,99
376,98,92,95
375,98,94,97
377,95,87,97
377,94,90,94
377,96,88,94
377,96,84,92
375,94,87,98
374,92,87,97
371,93,93,98
370,94,89,94
369,93,91,97
365,93,94,97
368,91,92,100
366,89,99,103
368,90,94,103
366,94,98,99
363,101,99,101
356,106,98,101
348,109,91,98
344,107,90,102
338,105,95,102
332,104,94,103
325,106,98,102
326,113,97,103
319,118,101,102
319,124,96,101
320,128,92,99
322,128,92,99
327,129,93,103
331,131,92,99
340,131,92,96
352,129,94,99
377,130,84,93
390,129,93,98
399,125,94,103
408,125,95,104
419,124,96,109
421,128,95,105
415,130,97,105
414,135,94,107
413,137,93,105
413,137,93,108
408,140,95,106
403,141,90,103
397,141,94,104
391,141,98,100
389,142,93,100
383,137,98,103
386,133,98,104
385,131,94,106
391,128,90,102
391,124,100,105
397,121,98,98
399,117,106,101
412,110,110,98
440,105,102,95
460,96,100,97
480,87,107,100
496,78,115,106
503,75,122,110
510,71,113,109
506,67,118,113
515,66,107,103
508,68,114,108
504,70,119,114
501,75,127,118
502,80,120,118
488,84,121,116
485,85,119,112
480,91,111,109
477,90,109,105
477,95,109,108
474,95,109,110
465,99,102,110
453,104,97,104
432,110,99,103
417,114,95,101
398,120,94,97
375,124,103,102
363,128,100,101
344,134,95,106
330,131,92,106
323,132,96,105
309,133,97,104
298,134,96,102
295,132,102,104
288,132,107,105
290,132,103,106
293,133,111,105
300,132,112,107
303,128,112,110
306,125,110,110
310,126,110,112
315,125,113,112
321,128,116,112
339,128,110,108
367,130,103,100
416,125,116,103
438,125,134,115
440,120,131,122
446,112,130,114
448,103,138,113
441,102,131,107
430,102,122,110
417,98,128,103
406,91,140,102
393,89,129,95
391,85,119,103
379,87,116,102
367,89,119,93
348,85,114,92
329,82,113,88
318,77,113,94
304,79,107,94
301,84,105,96
299,92,104,96
302,101,103,89
306,109,101,92
308,117,102,89
310,123,99,90
308,127,99,93
309,130,98,94
311,131,97,93
314,132,97,88
318,133,97,90
317,135,94,88
319,135,93,92
314,137,96,92
311,135,99,93
316,134,103,86
316,126,103,87
317,119,105,83
321,108,105,84
318,96,108,86
305,97,109,86
288,94,117,92
288,79,113,92
295,63,118,99
302,48,117,103
310,40,116,99
317,30,117,108
322,29,111,106
330,28,116,103
343,28,122,104
359,26,127,105
368,23,119,110
360,23,112,109
348,30,116,100
339,35,111,109
341,46,109,106
342,62,115,102
348,82,111,95
356,88,108,95
345,84,108,97
332,75,112,92
317,51,110,93
317,29,108,94
327,10,110,93
334,1,109,92
345,2,97,77
362,2,88,62
378,4,83,55
391,5,86,51
407,5,84,55
422,5,81,57
430,2,94,68
434,4,97,63
458,15,101,73
457,10,105,91
451,20,107,94
450,32,108,94
446,41,107,100
440,54,109,92
440,63,109,93
439,71,107,96
437,82,105,92
437,91,104,92
436,94,105,95
434,96,106,98
437,97,107,93
436,96,105,96
438,94,104,94
438,95,108,93
437,96,107,95
439,99,107,94
440,103,105,93
443,103,103,93
445,101,105,93
443,102,105,96
448,105,108,95
448,108,104,93
452,109,108,98
451,113,108,96
458,118,107,92
460,123,106,92
467,130,102,89
468,132,108,96
474,134,110,95
481,137,111,96
487,141,111,94
495,142,110,97
502,145,110,98
503,148,114,101
504,154,109,102
510,160,105,99
506,163,106,101
505,167,109,100
508,168,108,99
506,167,107,97
510,164,106,98
510,167,103,91
508,158,108,98
510,156,109,96
512,156,111,94
512,152,110,98
515,151,108,95
516,151,111,96
523,151,106,98
521,150,109,100
524,152,109,101
523,151,109,100
518,151,108,99
512,154,106,97
501,157,117,92
493,159,105,95
486,158,100,96
482,158,96,92
472,158,106,94
464,159,92,94
450,160,88,88
440,157,87,87
431,156,84,86
421,153,85,89
413,155,82,84
405,154,81,85
397,157,80,86
389,160,82,84
381,160,79,85
372,165,83,86
369,170,76,80
363,169,76,82
366,172,75,79
369,173,76,80
364,173,75,79
366,176,75,76
368,174,74,78
369,173,72,77
366,170,74,79
364,177,74,69
363,172,73,74
366,171,74,74
370,167,75,77
371,164,77,80
378,174,74,66
382,169,72,67
384,169,74,70
390,173,71,71
392,169,78,80
390,180,78,78
390,186,76,82
392,189,73,81
399,192,73,83
409,198,71,77
413,194,70,81
421,191,69,80
423,185,73,83
437,197,65,67
438,198,64,65
439,199,66,64
442,203,63,63
443,204,64,63
444,206,65,63
445,206,64,65
449,208,64,62
447,211,68,62
451,210,67,64
457,209,67,66
464,212,63,63
465,213,68,66
470,215,69,66
478,217,66,62
483,215,66,62
485,213,70,63
502,210,64,59
518,215,60,61
522,217,69,64
524,202,77,73
533,188,83,81
527,172,89,90
528,163,91,83
534,150,90,86
525,138,89,89
523,133,94,87
519,133,97,89
508,131,99,85
494,125,109,87
470,119,121,94
456,113,117,89
448,98,106,93
441,89,99,87
436,80,94,90
433,86,81,78
417,86,93,85
411,92,86,75
397,90,87,89
386,93,87,89
381,98,86,86
372,97,85,95
369,106,88,82
365,107,85,87
345,100,89,94
347,94,93,101
352,99,88,96
360,104,91,94
362,102,95,97
371,100,97,100
386,102,100,109
390,102,108,109
390,103,106,106
378,106,101,98
352,104,99,95
323,103,100,94
297,105,100,92
275,99,103,105
255,98,112,103
229,101,118,99
210,104,125,100
202,104,121,104
223,102,119,103
239,106,122,104
233,110,125,104
209,113,135,97
195,111,133,95
180,107,138,102
171,104,137,106
163,102,142,109
166,104,139,112
162,108,143,110
168,110,145,111
174,115,145,115
177,117,148,110
187,130,148,105
207,144,149,106
215,152,156,108
247,167,146,105
269,186,144,110
274,189,151,115
300,191,145,115
309,186,154,115
314,179,155,117
321,175,156,111
330,171,159,113
342,165,167,110
354,157,163,121
369,160,161,116
370,153,164,115
374,150,167,115
381,149,166,119
376,149,169,119
374,141,170,116
372,136,169,117
373,137,170,120
375,138,165,113
364,136,165,113
353,145,167,116
345,156,163,112
335,156,158,108
305,150,158,97
281,142,158,100
269,143,152,112
257,145,157,105
242,139,161,102
241,166,155,96
233,189,162,102
244,185,156,102
236,183,156,106
194,181,159,99
146,187,150,107
79,198,162,101
75,190,145,100
66,167,146,106
52,154,152,105
58,147,138,108
71,147,136,108
79,143,138,109
86,133,148,105
101,110,152,95
111,81,158,87
138,67,156,95
151,62,159,97
175,55,158,94
198,51,164,93
206,48,166,97
231,48,158,98
263,48,153,96
277,42,158,98
284,36,161,97
297,34,147,97
292,30,151,100
292,32,155,107
293,35,158,104
293,37,154,102
278,37,159,101
268,44,154,107
253,51,156,108
235,62,156,108
223,73,152,99
202,82,159,107
194,84,156,103
180,91,161,99
169,93,159,97
160,93,156,105
151,97,161,99
144,98,160,98
151,93,147,102
161,92,134,101
171,92,122,102
161,89,129,100
158,85,129,101
138,83,147,96
135,74,147,102
148,66,136,105
136,65,138,102
139,59,135,106
140,56,132,112
114,60,152,112
130,60,135,112
129,60,133,113
110,63,145,114
118,66,134,114
115,68,135,118
115,73,133,115
113,76,131,116
119,78,134,119
116,77,136,114
107,82,140,117
104,85,145,115
115,85,133,109
111,92,143,110
112,92,140,120
118,96,135,116
121,103,133,113
113,109,140,111
109,119,142,110
113,129,140,109
108,137,144,111
111,143,139,111
113,151,138,112
119,150,131,116
114,156,136,109
108,154,144,118
116,151,134,111
112,152,135,112
111,152,133,108
115,149,134,112
111,145,135,114
105,145,144,111
104,144,151,113
105,138,146,115
113,136,142,115
113,135,146,120
114,128,144,115
108,124,145,114
122,118,136,111
88,104,163,121
66,91,189,135
65,86,197,122
68,73,192,123
66,65,200,120
78,59,194,118
84,50,187,120
85,43,195,123
90,39,192,121
93,38,191,124
95,38,188,123
93,33,188,131
103,38,184,120
109,40,182,125
113,39,184,125
117,45,182,123
124,47,180,133
129,55,173,125
135,62,168,125
122,66,152,128
99,67,155,139
85,72,168,135
80,82,176,131
96,105,173,133
124,117,156,132
141,125,162,125
163,129,156,120
188,146,148,119
206,152,150,123
216,142,154,126
231,137,150,122
245,132,147,122
254,130,147,121
252,129,152,126
259,127,149,125
262,127,145,124
264,127,147,125
242,123,148,122
229,120,147,129
219,117,146,128
199,120,146,117
171,113,145,122
131,108,150,123
106,97,160,122
114,86,162,125
111,74,163,121
102,58,162,124
105,53,159,132
103,45,171,128
128,39,160,121
143,34,150,129
157,35,150,130
167,41,154,134
172,50,153,136
184,62,144,134
194,65,137,132
209,70,132,130
206,85,138,117
190,102,137,117
176,109,136,120
180,114,142,122
173,124,135,121
168,129,138,120
159,130,133,125
150,134,139,129
144,145,135,133
139,150,134,131
139,152,132,131
139,154,137,129
134,153,136,127
125,145,144,124
118,131,142,122
125,120,137,122
129,113,137,125
124,107,137,122
128,101,133,115
128,94,137,110
139,79,137,110
146,72,134,113
160,61,131,120
176,57,125,118
187,52,124,115
194,44,120,118
202,44,118,120
203,43,118,117
197,40,119,121
201,35,117,117
216,34,115,115
224,35,119,116
228,35,120,115
238,37,114,113
240,41,115,107
243,43,112,105
244,43,112,105
244,42,117,112
250,45,116,113
255,48,118,113
270,55,114,109
280,55,115,114
295,59,114,114
301,62,111,114
305,64,111,106
314,64,109,117
321,69,107,114
323,77,113,105
331,81,113,105
342,87,108,109
352,92,106,104
355,97,110,101
363,100,113,101
373,102,110,110
387,111,112,101
398,110,111,106
413,114,110,103
419,117,112,107
426,123,104,102
423,127,111,102
426,128,102,104
422,123,115,106
431,122,107,98
438,117,111,99
438,114,118,100
446,110,119,100
457,109,113,105
457,112,115,100
456,110,118,99
466,110,112,100
465,106,118,100
479,105,109,97
483,99,109,102
488,94,114,103
494,89,120,100
504,84,126,101
512,80,126,108
510,79,124,110
520,78,124,110
521,81,112,110
527,80,112,108
523,86,113,107
519,89,113,104
516,91,115,107
512,97,115,104
509,101,111,101
502,105,113,100
499,108,111,108
492,117,115,105
483,127,123,103
478,138,128,102
479,155,124,113
473,178,125,109
468,200,121,111
462,220,122,115
463,236,116,113
464,251,119,103
466,263,111,95
455,265,120,92
448,276,128,82
446,278,121,81
444,284,121,78
442,283,117,76
435,287,124,74
428,289,128,71
432,283,118,76
431,287,120,72
427,281,119,78
424,276,119,83
429,269,115,90
436,269,109,85
425,259,120,94
425,251,118,101
423,240,116,109
422,231,115,112
422,225,107,113
419,217,111,109
414,207,116,107
411,196,119,109
417,187,116,110
422,178,113,106
419,166,122,104
421,153,124,101
425,132,125,103
429,106,127,104
434,87,136,97
440,62,136,107
444,37,151,109
453,12,169,116
461,0,135,110
468,3,127,93
478,5,111,76
483,3,101,71
485,4,100,64
488,2,96,69
480,3,103,75
482,2,105,79
484,5,104,88
489,3,103,100
484,3,106,110
467,8,120,120
457,25,122,115
449,40,115,115
433,52,117,108
422,67,118,108
404,80,127,97
390,89,118,105
376,99,109,93
361,105,108,106
342,117,113,91
322,125,109,105
297,132,119,90
283,142,114,100
261,152,113,89
238,154,110,107
221,160,113,110
216,160,103,105
204,163,106,108
198,167,109,109
174,169,113,99
158,168,113,104
135,167,126,120
120,167,126,122
101,165,130,126
97,165,132,124
93,164,127,124
96,159,131,127
99,160,134,129
106,162,128,127
110,162,137,130
115,170,127,123
118,167,126,126
118,168,127,124
123,170,124,124
124,171,126,123
128,181,133,119
135,188,131,122
139,197,130,128
144,208,131,124
150,214,128,121
150,224,129,125
150,237,130,114
157,247,125,109
156,262,135,97
162,268,129,95
166,276,130,89
171,279,129,81
176,293,127,64
176,300,132,57
178,297,122,62
176,303,127,55
173,302,126,56
163,300,132,57
161,296,129,60
155,284,133,73
151,276,132,83
149,267,128,93
145,250,131,104
144,236,129,112
147,219,125,122
145,208,129,124
152,200,129,121
164,191,133,126
173,186,134,126
179,183,127,130
192,182,121,115
201,170,120,124
207,167,120,108
215,162,107,110
216,150,112,106
221,142,118,107
228,138,108,99
234,132,111,102
242,130,114,100
248,132,112,101
255,138,111,104
257,141,109,102
263,146,107,104
263,147,104,102
261,150,109,103
261,151,108,108
264,154,106,108
259,158,106,101
259,151,109,102
259,143,111,101
258,133,108,95
259,121,110,94
261,111,104,90
261,98,104,95
257,87,103,91
255,77,103,92
259,70,101,91
266,63,95,93
271,60,97,92
279,60,98,92
286,67,100,88
298,72,96,88
303,77,92,88
304,80,94,92
312,80,92,92
314,85,95,89
321,86,93,86
325,86,96,85
334,87,97,88
341,90,98,88
352,93,94,84
363,95,89,83
369,97,94,84
374,104,95,84
381,108,95,90
382,120,91,83
383,128,93,84
376,136,94,81
369,145,101,83
355,157,95,69
335,158,90,79
320,158,95,80
304,159,98,78
282,158,106,76
268,159,104,76
247,156,106,79
227,153,111,82
204,148,116,86
187,144,103,95
170,146,100,89
157,149,99,83
141,148,105,93
129,148,105,101
114,149,106,99
100,148,110,95
91,146,110,97
81,144,106,103
70,145,112,104
70,146,111,104
80,148,112,99
96,151,105,103
127,152,101,80
173,154,109,62
188,152,109,65
223,150,98,57
233,149,93,64
272,144,96,63
309,140,95,57
348,126,91,64
377,118,97,64
408,112,108,65
427,105,119,72
446,102,121,78
459,98,115,92
473,98,111,90
486,98,117,95
496,96,116,94
506,95,119,95
516,97,114,95
524,96,113,95
538,97,94,100
547,101,91,95
557,103,85,92
561,104,77,101
563,107,79,94
558,108,82,92
554,109,81,94
546,107,87,96
531,111,100,98
516,113,104,88
496,119,106,81
469,127,94,78
438,133,106,88
415,141,100,82
400,145,88,83
384,146,88,83
370,150,88,81
351,152,91,77
336,151,86,81
323,153,89,81
311,153,87,85
303,155,95,87
303,154,91,87
305,158,90,85
311,160,92,87
320,165,96,86
328,176,94,88
336,185,92,89
344,189,98,96
352,202,92,89
357,212,95,93
353,221,101,98
350,230,96,96
348,238,98,91
339,240,97,94
333,243,96,91
321,242,93,92
309,240,96,93
295,244,98,89
285,243,96,93
273,239,98,96
257,238,102,93
247,235,97,95
236,231,98,95
223,227,96,93
212,223,97,89
193,217,102,93
179,210,104,98
169,200,101,95
148,192,106,92
125,183,112,90
96,165,118,95
86,150,119,95
70,130,128,105
63,116,120,96
61,107,126,92
69,95,118,98
75,88,113,102
78,86,114,92
83,82,110,94
86,77,111,91
92,69,120,89
102,60,115,87
123,51,103,90
137,49,104,87
149,48,107,84
161,49,116,86
186,50,95,84
204,44,90,81
225,39,91,81
246,36,89,83
265,32,87,85
282,29,87,88
297,27,82,89
313,25,86,91
332,25,81,93
349,28,83,86
366,30,89,88
384,35,93,87
397,38,97,92
411,43,106,93
422,47,100,93
432,54,103,88
440,60,105,91
451,68,112,92
461,72,104,96
469,82,103,90
472,92,108,88
478,100,107,91
480,111,106,93
487,119,104,93
487,129,100,92
486,140,103,92
487,147,102,91
486,156,105,91
480,164,112,89
473,173,104,85
465,178,108,89
447,191,112,77
422,201,109,91
405,215,96,85
384,225,96,82
367,225,91,85
352,226,93,88
350,226,95,89
344,224,95,90
343,224,94,91
335,222,92,91
328,222,89,91
320,225,96,90
309,225,92,92
299,226,90,90
289,226,86,90
270,224,94,86
252,223,91,86
227,221,100,90
200,217,101,87
180,210,102,94
169,205,98,93
159,200,103,91
149,195,101,94
140,190,103,93
130,181,108,96
126,175,104,96
111,168,109,96
92,158,122,95
83,146,114,96
76,133,113,93
75,120,115,94
81,110,111,90
92,104,110,92
102,99,107,94
114,94,110,92
130,89,104,89
146,82,102,90
152,79,109,82
175,67,98,83
188,60,97,81
205,57,97,86
226,55,87,83
244,57,109,85
257,63,106,90
278,69,92,87
296,75,99,85
308,79,91,91
325,86,83,87
330,93,84,83
332,102,82,81
333,110,84,82
333,116,77,81
326,123,79,82
321,125,78,82
316,124,80,84
312,121,80,82
314,118,78,84
316,117,75,83
321,114,76,87
325,118,80,82
326,122,82,80
328,125,81,77
331,132,79,77
332,138,78,84
331,144,76,83
331,148,81,78
340,147,79,79
357,143,73,77
355,142,78,83
349,146,82,80
351,149,73,86
344,155,73,83
334,162,75,85
329,170,75,86
324,177,71,85
316,184,76,83
315,187,76,86
315,188,78,81
317,189,80,81
318,193,81,85
320,200,82,80
323,205,82,85
327,209,81,84
331,212,78,87
343,211,70,80
336,210,78,75
333,204,85,85
338,202,78,77
335,200,83,77
332,196,84,81
329,196,87,78
331,193,84,81
329,190,85,82
332,182,84,77
334,173,88,76
340,163,88,76
342,155,89,80
344,153,92,76
362,151,82,74
364,150,90,77
373,155,87,74
392,158,76,85
396,164,83,76
401,166,86,78
406,171,89,81
415,173,86,80
419,175,88,79
422,176,89,83
423,177,89,84
423,177,91,78
425,178,91,78
423,176,92,83
423,174,89,83
421,174,92,81
420,174,91,75
420,172,90,80
422,172,87,81
422,171,87,88
420,173,87,82
418,173,91,77
417,175,93,83
418,173,92,75
424,168,89,79
425,166,91,83
428,162,92,80
439,160,89,76
439,161,93,84
437,164,95,85
439,165,91,84
439,168,93,82
436,169,90,82
431,174,91,83
425,174,90,85
424,171,87,81
419,167,87,78
410,161,84,85
401,160,89,86
386,163,88,84
366,167,83,90
347,166,80,83
329,170,82,81
322,170,75,84
314,169,77,85
308,176,76,87
303,177,78,82
300,174,78,83
296,173,82,81
297,167,81,87
295,163,81,86
296,160,78,83
287,155,85,87
287,152,84,85
296,145,85,77
311,136,86,68
316,120,84,79
312,114,87,88
310,112,93,86
316,104,93,85
318,103,91,89
317,98,89,98
322,107,95,91
328,110,96,94
332,107,96,95
339,108,101,98
342,116,99,98
339,116,101,101
339,118,103,101
344,123,110,107
344,145,113,95
343,158,108,100
344,169,112,107
346,172,111,109
359,184,127,106
372,199,124,110
357,201,127,113
338,208,123,111
327,210,120,112
329,212,121,119
336,222,124,115
335,218,129,120
335,221,129,115
338,225,131,118
336,225,133,116
330,224,137,113
325,221,140,114
322,225,141,120
327,225,142,119
324,228,139,120
322,234,148,112
327,233,144,115
317,228,144,117
308,224,141,119
304,228,145,116
302,237,141,114
288,236,135,108
269,236,132,110
223,233,136,105
176,216,149,113
145,201,159,116
126,192,162,118
104,183,163,107
86,166,171,104
69,148,174,98
61,126,171,99
51,109,170,116
35,124,183,122
43,118,173,116
62,106,173,104
83,93,168,108
82,90,181,104
104,82,175,101
107,81,181,98
100,58,184,88
104,36,191,101
108,28,180,97
102,21,184,110
138,27,166,96
198,25,164,90
259,10,180,107
298,1,182,112
341,2,171,99
368,5,171,112
379,14,183,124
378,23,184,110
363,32,183,116
359,38,173,110
345,42,167,113
326,51,166,104
312,62,167,109
302,73,160,100
281,81,161,105
268,89,167,104
264,92,164,107
263,94,160,105
262,92,155,104
249,94,161,100
243,89,157,100
163,118,164,98
157,122,169,109
160,127,165,106
161,130,164,110
167,128,158,108
166,129,159,114
169,129,153,111
156,134,164,111
155,131,168,108
156,135,163,108
162,132,157,108
165,130,153,112
160,131,160,111
162,129,155,106
152,128,163,111
156,125,160,110
151,130,162,107
148,127,165,108
139,131,168,103
139,132,160,105
135,132,152,107
143,131,129,112
127,133,130,99
104,130,132,102
93,125,132,103
71,119,141,105
50,114,145,109
40,106,148,111
16,98,165,119
6,91,164,124
4,84,160,122
1,78,157,128
0,75,159,126
3,72,156,117
3,68,157,117
3,64,150,122
1,57,160,128
2,49,164,132
3,46,166,119
1,35,164,124
5,28,168,124
8,18,165,123
12,8,163,125
6,4,170,123
6,4,170,108
17,3,165,99
8,7,173,88
7,9,182,82
17,4,178,87
38,7,157,76
48,5,148,81
49,3,152,93
45,3,154,99
37,4,164,101
49,3,152,99
47,5,155,96
45,3,165,112
55,3,154,100
54,3,154,108
54,4,156,113
54,6,158,110
58,5,154,117
58,10,157,116
53,15,166,120
55,22,161,121
43,33,176,121
51,37,169,121
53,43,166,119
50,55,173,123
53,65,171,120
61,76,160,114
51,89,170,115
43,97,179,121
60,105,164,119
55,109,167,114
53,106,161,121
57,112,155,117
65,119,152,121
63,130,153,116
68,136,151,114
72,144,149,115
64,155,162,114
50,157,176,121
57,167,174,119
52,169,177,124
43,174,185,117
44,177,182,117
55,181,170,116
44,184,181,117
51,192,176,114
36,193,188,117
39,201,188,116
41,209,188,117
45,213,182,117
45,214,183,118
49,221,182,113
50,224,183,110
45,223,187,110
44,217,190,117
45,213,186,113
39,206,185,115
40,194,182,117
51,194,169,116
60,185,157,111
64,174,145,119
51,168,158,118
51,162,156,115
47,153,150,118
40,147,153,115
36,135,153,119
29,128,155,114
17,114,162,119
6,105,164,120
3,93,154,120
3,81,151,126
0,77,145,118
-2,71,149,121
-2,67,144,118
-2,56,141,126
0,54,141,128
-2,49,140,133
1,49,140,132
-1,50,147,134
3,50,139,133
5,57,148,132
4,55,152,136
4,66,167,137
8,75,170,136
20,82,171,129
41,92,163,126
56,98,154,121
63,95,156,119
75,98,148,117
86,101,151,114
90,104,159,116
87,104,175,117
114,109,164,116
132,108,153,116
147,112,146,113
158,112,144,120
174,114,139,114
180,112,141,115
192,112,135,116
197,109,134,120
209,111,130,122
211,113,133,116
220,114,133,118
224,114,139,121
229,112,139,124
231,109,143,120
228,107,152,127
218,106,173,126
224,101,176,127
234,98,176,131
240,97,180,131
250,99,179,124
259,96,179,132
271,96,183,136
281,99,185,129
291,97,182,134
304,99,176,135
304,104,184,141
303,100,185,135
313,103,180,138
315,108,185,128
316,105,182,133
16,97,169,124
13,99,170,122
8,99,171,128
9,93,164,128
6,99,168,121
7,95,161,125
5,93,157,125
3,92,157,127
5,92,156,128
1,93,153,124
2,92,149,123
1,91,148,127
1,98,141,119
2,95,142,120
1,96,142,126
0,98,146,128
0,104,146,126
4,105,147,126
3,111,149,122
4,116,155,128
1,120,161,131
8,122,160,129
15,127,159,124
23,130,157,121
23,132,162,112
30,131,161,118
31,130,167,119
13,125,191,122
14,130,190,122
38,124,172,118
24,124,189,116
23,122,198,120
36,122,191,119
39,115,192,119
41,113,195,121
45,111,194,117
49,114,194,112
52,110,194,115
55,110,189,122
58,111,190,115
57,106,190,122
56,109,199,116
62,110,195,114
61,110,199,121
71,109,192,119
67,110,198,116
72,109,195,121
81,106,188,121
82,108,186,116
81,106,191,121
88,108,187,115
86,108,189,114
87,105,184,118
76,106,190,114
56,105,202,112
50,103,193,116
28,103,201,119
6,99,205,124
5,101,190,128
6,99,171,128
6,98,151,124
4,98,126,125
-2,103,106,109
-13,97,92,108
-13,97,92,108
-13,97,92,108
-13,97,92,108
-13,97,92,108
-13,97,92,108
-13,97,92,108
-13,97,92,108
-13,97,92,108
-13,97,92,108
-13,97,92,108
-13,97,92,108
-13,97,92,108
-13,97,92,108
-13,97,92,108
-13,97,92,108
-13,97,92,108
-13,97,92,108
-13,97,92,108
-13,97,92,108
-13,97,92,108
-13,97,92,108
-13,97,92,108
-13,97,92,108
-13,97,92,108
-13,97,92,108
-13,97,92,108
-13,97,92,108
-13,97,92,108
-13,97,92,108
-13,97,92,108
-13,97,92,108
-32,126,90,92
0,120,82,99
2,125,106,106
23,126,121,110
32,127,140,109
50,123,149,116
52,117,174,121
57,112,191,127
58,105,204,120
69,102,205,125
76,98,209,125
88,94,209,134
101,97,207,127
113,98,204,130
119,101,203,127
130,105,202,130
134,107,194,126
144,109,196,128
154,109,191,127
157,113,191,135
165,115,190,129
172,120,187,131
171,124,189,131
171,127,187,132
168,138,187,130
154,149,185,137
134,153,182,136
132,147,182,141
133,144,179,137
145,150,172,137
151,158,171,129
169,162,165,124
189,163,155,132
211,164,149,124
230,165,143,115
243,158,153,112
253,148,161,108
279,137,149,117
292,131,151,111
304,126,147,117
317,121,146,108
330,116,142,126
340,115,140,119
353,119,140,123
361,121,150,126
373,125,149,140
365,151,140,129
343,163,144,133
336,169,137,128
343,161,146,125
369,146,151,122
390,129,153,116
395,125,146,130
386,133,146,126
372,140,149,110
366,137,148,105
358,118,145,116
352,116,141,108
339,119,141,127
321,124,132,122
296,128,134,118
289,132,125,115
271,138,125,109
257,134,131,112
244,126,135,107
226,115,125,105
215,98,146,106
165,82,145,112
166,61,135,111
162,43,139,117
159,42,137,118
159,38,136,121
149,38,124,126
143,47,129,124
154,54,125,118
149,55,123,121
149,54,122,119
140,57,122,115
132,51,124,123
131,53,120,125
128,61,118,119
130,69,115,115
145,75,116,114
150,82,107,103
142,86,106,113
135,93,106,112
137,105,106,109
143,117,106,110
152,125,103,108
159,132,101,108
163,139,100,103
159,139,94,107
149,143,99,106
148,149,96,102
150,151,95,99
142,146,87,100
121,138,98,102
117,137,100,102
120,140,102,102
128,147,98,101
143,154,93,98
158,162,95,96
174,174,86,97
183,186,90,91
174,202,92,83
176,214,86,92
180,232,85,91
198,239,84,93
213,249,81,87
224,250,75,92
237,251,73,90
243,252,75,86
248,246,74,84
255,240,74,76
256,225,83,62
285,205,88,53
319,191,75,59
337,180,82,62
362,168,74,52
378,158,66,61
380,147,73,71
385,141,73,72
388,136,77,64
406,131,70,66
408,125,72,74
413,120,72,73
425,115,73,78
425,121,78,77
428,127,72,73
424,130,73,73
423,136,67,73
418,142,68,71
414,146,66,75
410,160,70,75
406,175,72,69
405,185,71,74
411,195,72,75
415,201,71,74
414,206,72,73
415,216,69,74
413,224,68,70
416,230,74,73
420,237,69,74
423,241,72,77
427,243,70,79
431,245,68,74
431,242,73,70
443,228,70,74
446,214,71,73
454,204,68,68
454,200,67,70
455,196,70,73
458,193,66,71
458,186,70,75
467,180,71,76
470,172,69,69
479,162,75,69
481,154,69,71
480,151,71,76
479,150,69,77
473,152,69,76
472,152,69,77
475,154,69,75
474,154,73,76
475,155,71,73
482,155,68,76
482,156,71,80
483,159,72,79
481,163,75,78
476,165,74,80
474,168,71,81
473,169,70,80
474,170,71,78
470,172,77,80
466,178,71,75
460,182,78,82
459,187,68,79
453,192,72,76
452,193,65,76
446,197,69,75
446,197,69,74
443,196,67,78
439,197,72,76
430,195,71,73
425,191,68,74
418,189,69,75
412,184,70,72
407,178,71,73
402,174,72,76
399,173,70,77
395,170,71,74
388,167,73,78
387,165,73,79
387,162,76,75
389,158,74,81
385,160,77,78
387,159,74,81
389,159,76,83
392,161,73,84
392,159,81,85
401,159,78,84
407,162,78,92
413,166,79,87
413,170,88,93
425,177,82,90
427,180,86,92
434,182,84,94
438,184,86,93
444,187,83,92
455,184,76,95
462,183,74,92
467,182,74,93
470,186,71,87
450,182,93,94
448,179,100,94
448,180,99,93
458,183,95,86
457,184,97,88
466,188,88,90
444,189,108,99
444,194,102,94
441,195,108,93
440,196,105,91
437,198,109,89
438,199,110,87
439,197,106,93
443,201,102,88
440,201,101,89
437,201,103,91
433,197,101,93
432,191,101,91
430,188,99,86
433,189,89,90
431,189,88,93
435,192,80,88
428,192,80,88
425,189,79,81
421,183,81,79
419,175,86,79
426,166,85,78
434,162,77,80
436,159,76,80
437,161,73,77
433,164,70,80
429,163,73,77
426,158,78,80
437,154,70,79
439,151,75,78
446,149,78,77
453,149,78,72
466,148,75,79
474,148,79,82
485,153,76,83
488,160,82,81
492,169,86,79
496,178,82,84
497,181,79,84
509,179,86,84
527,174,81,86
524,173,82,76
521,169,87,83
518,173,86,79
513,176,87,77
502,169,105,75
492,160,86,77
487,147,96,79
484,132,100,81
471,119,105,84
445,111,114,82
419,105,106,92
393,97,103,98
360,89,90,85
334,80,87,82
303,71,95,79
270,67,100,78
243,63,110,81
210,72,103,82
176,70,112,87
144,76,103,94
108,83,113,100
75,84,122,108
49,87,126,121
16,89,142,129
3,93,132,140
3,93,130,142
0,93,136,130
7,88,136,131
30,84,129,121
53,81,125,112
74,75,126,105
114,74,107,88
149,64,96,95
182,58,97,88
227,51,82,71
264,46,76,68
297,45,75,66
331,47,77,64
366,59,72,58
377,58,82,65
393,68,88,58
407,71,93,63
436,86,105,78
459,103,127,78
482,120,134,91
498,143,112,94
501,156,116,84
478,166,111,76
463,186,97,81
456,197,107,86
448,207,86,82
450,204,85,88
446,206,79,84
441,206,78,83
431,202,82,84
425,198,81,87
416,192,79,84
410,183,82,79
408,170,81,81
406,158,78,78
399,148,82,73
395,135,81,78
391,118,82,77
385,106,86,75
381,99,84,71
380,89,85,79
383,83,85,84
384,79,87,84
387,73,91,87
397,72,87,84
410,72,96,79
420,72,101,90
440,82,107,88
452,87,104,92
464,98,103,92
475,107,105,99
480,123,114,94
486,142,102,90
490,158,93,87
486,174,91,97
484,195,94,90
476,210,98,93
474,229,93,95
470,245,90,93
462,264,99,86
445,279,106,77
430,302,98,58
412,316,94,44
401,323,89,36
400,326,86,34
400,326,77,32
402,320,79,38
404,315,75,41
407,306,84,51
410,298,90,59
413,284,87,71
418,271,84,80
421,263,84,78
421,248,84,85
420,234,88,76
427,219,89,79
431,205,84,75
431,186,89,82
431,172,96,78
445,154,86,74
450,136,87,78
453,116,90,77
456,90,90,85
465,61,87,74
472,36,99,71
480,11,103,79
493,4,101,75
513,3,89,63
526,5,77,56
528,4,81,62
536,3,82,68
535,2,91,71
538,5,94,80
537,6,99,89
546,15,92,92
556,24,81,93
567,35,72,85
586,36,54,93
586,36,54,93
586,36,54,93
586,36,54,93
586,36,54,93
586,36,54,93
586,36,54,93
586,36,54,93
586,36,54,93
586,36,54,93
586,36,54,93
586,36,54,93
586,36,54,93
586,36,54,93
590,97,53,95
580,104,57,88
566,110,68,97
556,112,79,103
545,118,91,101
533,127,98,96
527,132,103,97
522,137,99,101
514,145,111,93
512,154,102,92
509,158,100,93
506,166,104,93
506,175,100,92
501,182,106,95
501,196,105,99
501,216,102,94
496,224,102,101
492,233,100,103
492,240,97,105
493,245,98,100
489,249,103,101
487,256,102,95
487,258,102,95
486,257,104,94
484,258,105,92
483,256,106,97
483,255,106,95
487,252,105,97
489,248,104,97
491,241,111,99
500,239,117,96
516,235,107,96
537,235,96,80
560,236,77,92
583,241,56,77
583,241,56,77
583,241,56,77
583,241,56,77
583,241,56,77
583,241,56,77
583,241,56,77
583,241,56,77
583,241,56,77
583,241,56,77
583,241,56,77
583,241,56,77
583,241,56,77
583,241,56,77
583,241,56,77
583,241,56,77
583,241,56,77
583,241,56,77
583,241,56,77
583,241,56,77
583,241,56,77
583,241,56,77
583,241,56,77
583,241,56,77
583,241,56,77
583,241,56,77
583,241,56,77
578,243,54,76
536,236,64,73
487,227,64,76
455,220,78,85
436,210,87,95
419,200,95,91
413,191,90,85
404,182,94,81
401,171,92,87
397,164,95,84
398,155,100,87
401,144,99,84
401,136,95,86
401,131,100,86
405,131,94,81
404,125,97,87
404,124,98,88
408,130,97,84
408,128,99,90
417,130,95,85
432,126,90,91
452,134,96,78
474,135,107,79
519,146,113,74
547,167,94,77
579,189,71,73
579,189,71,73
579,189,71,73
579,189,71,73
579,189,71,73
579,189,71,73
579,189,71,73
579,189,71,73
579,189,71,73
579,189,71,73
579,189,71,73
579,189,71,73
579,189,71,73
579,189,71,73
579,189,71,73
579,189,71,73
579,189,71,73
579,189,71,73
579,189,71,73
579,189,71,73
582,236,53,70
566,228,66,71
536,226,79,77
507,217,90,90
483,211,103,95
466,203,116,95
452,192,107,106
446,185,104,97
438,183,97,90
430,174,96,94
421,166,101,91
416,158,101,91
411,147,101,88
403,138,100,93
393,128,100,91
386,119,101,92
379,107,100,94
374,99,102,91
369,91,105,88
364,80,102,94
358,73,104,97
353,66,102,94
349,59,105,95
342,53,105,93
338,49,100,99
334,46,97,99
328,41,101,98
322,38,101,97
319,34,99,100
310,30,102,102
307,30,103,103
303,29,103,104
305,29,94,103
295,26,97,117
283,34,103,103
270,37,109,95
259,38,113,108
248,41,115,105
236,45,114,112
222,48,116,109
223,50,111,102
218,55,111,109
220,57,105,104
211,59,109,111
200,64,110,110
190,66,120,113
183,67,128,122
183,71,123,120
180,76,127,120
169,78,132,125
167,88,125,117
158,89,129,121
147,90,131,123
136,91,133,125
115,88,138,128
95,86,150,133
85,89,146,132
77,88,142,131
60,80,154,137
50,78,147,143
34,74,156,143
28,69,157,147
14,68,162,147
7,62,164,155
3,59,165,165
5,61,156,154
2,57,158,177
4,59,158,172
5,56,161,170
4,57,158,163
26,42,162,157
22,42,161,148
16,34,164,155
8,28,170,156
3,26,174,153
9,18,166,163
4,11,173,157
10,11,170,160
14,10,169,152
20,15,171,148
41,22,158,146
56,30,154,142
65,42,150,138
73,45,159,137
81,58,156,130
89,68,147,130
90,70,151,132
91,77,148,135
98,82,146,139
103,91,146,130
112,96,147,138
117,105,143,135
120,115,144,132
127,124,137,126
129,136,135,118
127,144,138,122
114,150,134,128
99,163,136,127
85,168,150,138
82,178,141,135
78,185,144,134
77,186,141,138
72,194,145,140
73,207,139,131
72,209,145,133
60,211,151,140
61,220,144,133
57,224,146,135
53,219,148,136
48,223,150,133
50,214,152,137
50,213,153,133
53,200,150,137
56,194,147,133
57,188,148,128
58,173,147,137
57,163,151,136
63,157,145,130
66,145,153,134
74,136,144,129
79,128,144,132
86,125,141,125
94,115,141,128
108,120,134,119
118,118,129,112
127,106,132,128
134,104,134,122
148,104,130,115
154,98,131,119
164,99,128,114
170,96,139,110
180,92,133,109
190,85,129,110
203,83,124,108
210,78,124,107
216,75,123,104
226,69,121,104
232,62,128,100
253,57,118,101
264,51,121,111
280,49,114,106
301,45,105,115
307,45,116,110
321,48,116,111
340,54,109,108
348,55,114,112
366,62,110,110
372,65,124,108
381,73,124,114
393,79,121,101
402,83,130,110
406,96,134,106
412,104,142,113
424,116,135,105
434,122,135,106
449,129,135,106
450,129,137,108
458,132,122,106
459,134,140,98
473,137,132,96
483,134,129,100
490,136,142,104
497,135,140,109
506,130,132,112
514,126,122,112
515,122,123,108
521,118,119,105
523,109,111,111
519,103,118,113
521,98,115,115
516,95,122,113
514,93,119,110
508,89,129,104
506,90,131,111
499,90,128,114
493,96,139,117
484,102,140,117
475,111,142,114
471,121,139,112
473,131,127,102
472,137,128,113
468,149,134,103
473,154,126,112
473,161,133,112
479,169,126,104
479,174,128,112
489,182,114,111
482,187,121,109
485,188,115,111
478,189,118,111
480,193,109,104
472,188,109,112
456,183,107,114
447,179,108,109
433,173,115,108
427,168,110,110
420,166,107,107
413,161,104,118
404,162,106,120
389,173,113,111
386,177,107,112
375,184,107,117
369,194,106,114
360,202,109,119
351,208,109,125
344,214,112,123
338,218,109,121
330,228,105,118
316,235,109,113
311,238,104,115
299,243,105,112
287,243,111,118
282,249,109,113
264,257,117,104
242,249,124,104
234,253,110,105
213,257,121,97
205,259,115,101
186,248,129,109
168,250,128,109
149,262,130,100
132,249,138,112
120,241,136,116
89,244,152,115
73,236,154,125
60,241,151,121
46,233,154,127
23,232,170,130
14,224,159,136
3,219,153,138
1,207,137,145
7,202,116,146
16,190,99,152
9,172,97,156
3,167,95,152
1,149,94,158
1,128,92,169
0,129,88,161
-1,120,90,142
3,109,83,136
1,96,86,136
3,83,82,130
2,69,89,131
7,57,97,121
9,41,99,131
1,18,115,145
13,15,110,141
5,6,131,148
6,3,143,141
14,0,149,137
38,4,140,119
59,6,135,103
72,4,141,94
88,4,148,92
109,7,146,93
124,3,137,102
140,4,136,108
151,4,129,112
157,3,129,113
169,2,121,117
180,2,120,120
191,4,121,116
211,5,110,120
226,9,109,120
243,15,106,119
259,23,106,108
277,27,107,103
293,32,106,105
312,37,104,117
328,46,103,113
344,52,104,114
354,61,104,111
363,67,108,110
372,75,110,107
378,87,109,101
389,96,108,103
398,104,105,110
412,114,102,117
413,116,105,116
423,123,103,116
423,124,110,121
438,134,110,119
448,141,113,117
455,146,127,111
466,149,121,107
469,151,134,110
478,154,124,101
487,154,125,103
492,157,129,106
498,160,125,107
500,162,130,97
503,166,127,109
502,171,124,108
501,174,118,106
497,175,114,112
499,177,108,107
490,178,114,103
485,175,114,112
480,174,112,103
473,176,109,103
468,177,104,103
461,179,104,103
455,180,102,103
446,180,101,106
440,183,100,100
434,183,99,101
429,180,96,103
417,180,98,107
409,184,96,108
390,189,100,104
382,202,98,96
369,204,98,98
357,213,97,97
344,217,96,99
329,223,98,103
316,227,93,91
295,229,103,92
274,230,107,95
250,228,108,100
238,224,108,103
222,225,112,103
209,225,109,108
193,220,115,111
187,213,109,118
176,208,113,118
169,205,115,113
165,195,113,112
161,181,117,110
154,175,118,103
149,159,114,98
149,144,115,99
146,131,116,98
142,114,122,93
143,99,127,87
158,86,127,87
169,75,132,87
189,68,122,93
204,65,122,87
226,61,111,89
236,57,111,85
257,57,107,87
267,54,110,87
273,56,97,88
282,59,92,85
287,62,90,91
295,71,89,78
302,78,88,79
310,82,82,80
307,84,84,79
306,80,83,81
303,80,81,81
302,88,81,78
316,93,82,84
325,103,79,75
336,113,83,74
351,119,85,76
364,129,77,75
381,135,80,78
401,140,71,71
420,139,79,78
443,143,71,71
455,144,76,77
481,143,71,84
502,148,87,86
518,154,82,82
535,158,95,78
546,165,88,83
560,170,77,92
564,177,76,84
564,183,75,86
561,186,76,84
558,186,76,87
555,186,79,87
547,185,84,85
536,185,87,81
521,182,97,76
505,180,113,92
492,177,105,86
480,174,98,79
468,172,98,80
459,168,83,81
449,164,85,80
440,157,79,80
435,149,81,75
435,149,78,75
434,147,79,76
430,145,79,77
430,144,81,81
428,144,82,78
430,142,82,83
430,144,82,79
433,144,85,78
433,143,88,86
434,146,85,79
434,146,82,78
418,143,98,73
397,139,104,70
376,136,96,69
363,133,79,81
362,134,76,74
358,135,78,76
357,132,80,79
355,137,85,73
355,137,86,77
360,142,85,79
368,148,88,81
373,155,88,83
383,160,85,82
397,163,81,84
404,168,85,81
418,169,79,82
425,173,88,74
429,173,90,81
432,177,93,79
447,179,86,77
455,177,90,79
457,173,94,85
458,171,96,82
474,169,91,79
474,166,97,82
484,163,95,76
493,164,97,86
499,165,106,80
506,169,108,82
520,171,106,86
527,177,105,83
533,179,101,88
539,184,97,87
536,186,101,87
534,188,101,90
534,188,102,95
533,191,100,90
527,190,107,82
520,189,113,87
516,189,112,81
504,187,110,82
499,186,108,77
495,188,104,72
484,184,101,78
478,183,102,79
475,183,93,77
465,182,97,88
455,190,93,75
433,191,88,77
425,191,88,80
415,188,83,84
405,191,85,83
393,193,84,81
388,197,88,84
382,201,88,86
379,210,85,85
377,206,91,79
373,198,92,79
355,191,98,89
338,179,90,88
333,166,90,82
334,158,97,76
350,149,97,76
367,135,92,77
362,123,92,84
355,125,94,84
350,121,98,81
332,125,98,90
324,135,97,87
338,140,93,79
360,143,93,82
375,143,95,86
359,134,106,91
335,137,110,90
320,146,110,92
297,152,119,91
274,151,119,93
253,155,115,106
243,156,114,102
232,150,117,101
236,142,111,103
244,152,122,99
257,163,116,99
265,161,112,110
275,167,117,99
294,168,122,97
320,171,115,91
368,163,105,95
394,160,117,103
413,148,139,120
434,145,146,113
439,132,147,110
431,120,145,114
422,114,140,118
410,111,142,128
402,115,138,116
395,117,141,119
401,126,144,121
397,126,146,106
391,123,143,113
387,125,146,121
384,130,146,115
378,136,154,116
385,144,157,116
398,145,154,110
435,151,184,128
453,163,176,127
451,156,170,113
438,129,173,132
422,109,176,111
418,90,176,115
414,78,172,113
401,74,166,123
395,77,155,122
372,90,166,116
357,100,158,119
347,115,151,120
333,134,146,117
322,133,148,95
313,118,149,99
303,113,152,100
294,109,140,110
274,114,151,109
260,117,153,105
251,120,143,96
231,119,141,93
200,115,157,91
200,112,156,91
192,106,154,90
187,102,158,103
176,100,159,97
169,97,163,105
171,101,165,99
171,105,163,106
169,109,167,100
178,112,169,96
195,111,164,100
208,106,167,108
240,104,157,95
249,90,164,105
239,85,167,105
244,77,159,108
232,79,166,109
229,81,164,109
217,87,176,110
203,92,178,103
198,96,174,108
198,102,172,106
185,109,172,105
163,113,177,101
143,112,178,99
125,110,181,99
99,108,193,95
80,106,189,97
70,104,190,109
56,106,198,109
50,105,190,115
58,104,172,119
60,105,163,118
52,111,161,121
52,114,153,119
47,119,157,124
45,117,157,121
34,115,162,129
26,112,162,128
22,109,171,125
19,103,178,124
25,97,164,125
11,95,182,134
14,88,173,131
7,80,177,128
8,75,173,134
7,69,173,130
11,62,174,131
8,53,184,124
47,48,176,117
58,40,169,120
52,32,172,114
71,27,157,117
76,27,160,122
75,23,159,125
80,28,155,117
91,34,154,114
111,36,149,116
68,39,186,111
57,43,198,117
56,42,196,116
50,46,193,122
46,50,195,117
43,57,191,116
45,62,185,123
27,62,198,125
27,63,187,125
19,64,194,128
16,65,194,124
4,67,201,122
6,62,198,131
6,69,200,128
5,67,196,131
7,69,196,129
11,71,192,122
16,76,194,116
29,77,185,123
34,78,184,115
37,77,182,117
37,78,181,120
40,80,178,113
42,84,177,118
43,88,172,120
40,96,175,110
40,98,182,112
44,108,177,109
46,111,174,112
45,117,178,108
51,117,166,113
39,119,177,109
39,114,175,108
32,111,175,108
21,106,179,113
25,109,177,113
32,109,171,112
28,112,174,110
34,120,177,110
39,121,170,109
42,124,162,107
40,125,169,110
46,131,165,109
47,126,160,115
44,127,161,120
43,127,162,117
43,131,165,117
44,132,162,118
37,134,170,114
46,139,161,108
49,137,163,107
62,142,161,103
67,139,164,106
79,135,155,115
80,138,156,108
78,138,161,111
76,133,160,112
76,132,156,110
73,133,157,108
67,137,158,99
57,132,159,105
54,133,162,102
45,125,163,113
42,119,164,124
43,125,158,112
48,124,156,109
47,122,157,112
42,124,165,115
53,126,153,109
56,136,160,106
59,131,164,114
62,138,159,106
61,131,161,114
65,133,160,111
69,134,159,110
71,128,157,118
65,126,163,113
65,124,166,111
67,120,158,115
63,120,160,112
63,118,159,115
62,122,162,110
57,118,160,115
55,113,163,121
56,122,168,111
59,122,164,110
57,121,165,115
59,123,163,117
57,123,161,111
62,119,159,117
55,118,165,115
57,118,163,114
57,115,170,107
65,114,166,109
69,110,156,102
74,104,151,106
67,103,159,107
59,102,163,109
54,100,167,112
50,99,164,114
45,99,169,114
50,99,160,113
53,97,160,119
48,99,167,117
51,101,164,121
45,99,171,119
46,101,171,120
50,97,166,122
52,99,166,118
45,100,175,113
51,99,175,114
52,95,173,113
55,91,176,113
58,83,173,117
53,79,178,111
47,76,180,114
50,71,179,119
47,70,180,124
50,84,184,115
58,95,191,114
57,105,186,114
59,117,189,116
65,127,183,115
59,135,186,112
60,134,182,124
65,146,188,119
58,145,186,119
54,155,194,124
55,161,189,126
51,160,191,129
50,167,191,126
47,162,191,124
30,169,200,120
14,177,207,126
5,171,198,139
6,172,189,135
18,174,169,139
10,169,175,138
5,162,176,135
6,151,176,141
3,140,175,141
5,129,181,142
4,122,178,142
12,115,173,141
8,105,175,138
12,101,169,136
14,98,175,134
14,93,176,144
16,98,178,125
11,101,194,133
12,104,197,133
13,114,205,129
34,125,189,120
46,128,190,126
65,130,179,124
88,126,181,121
115,117,170,114
139,107,174,107
162,90,173,108
186,78,173,104
222,63,150,114
245,56,157,111
263,47,163,109
271,38,161,111
288,28,168,117
295,30,173,120
310,28,167,127
310,36,149,132
292,51,148,135
267,68,146,131
225,88,151,123
209,88,154,115
213,92,151,117
214,92,153,111
214,86,156,105
217,79,142,109
204,76,140,111
199,76,135,118
188,76,142,111
189,77,143,115
205,73,133,111
216,74,133,108
228,66,131,107
244,54,128,104
254,49,131,101
266,48,128,111
268,46,128,113
272,49,122,125
268,55,123,122
250,83,123,105
251,70,118,113
259,50,128,116
268,38,135,119
276,42,123,121
271,56,121,114
260,61,112,107
239,58,118,120
229,50,114,118
214,36,120,121
209,20,123,105
231,12,111,113
259,23,107,107
283,26,102,109
304,32,102,106
326,42,109,107
350,46,106,106
372,50,103,107
381,48,107,107
393,48,111,98
420,40,100,106
439,34,100,115
444,38,108,114
454,49,109,110
458,59,113,107
468,76,114,104
478,93,111,105
487,107,113,99
490,122,114,104
499,138,113,103
504,152,111,101
507,161,111,97
511,169,110,96
509,177,115,97
509,181,117,104
509,189,111,104
512,197,103,99
507,199,104,100
512,196,94,99
519,192,87,101
512,188,97,102
509,183,100,103
502,176,107,99
505,172,102,94
501,162,104,94
501,151,108,91
509,135,116,89
520,119,114,86
527,103,111,92
539,92,106,99
544,83,95,104
552,79,88,103
548,84,91,105
547,91,91,100
545,103,92,90
535,113,100,95
521,119,109,99
517,126,106,95
513,132,108,101
514,135,104,102
511,142,106,102
514,144,106,101
516,149,106,98
515,154,104,104
516,157,102,103
515,160,103,102
511,161,105,105
506,167,104,104
504,172,104,105
502,179,103,95
498,177,104,102
496,180,103,101
492,182,103,99
487,184,101,98
482,184,98,100
480,186,98,96
479,184,98,95
478,183,97,98
481,186,93,92
480,182,94,98
474,185,99,93
472,184,100,93
475,181,98,99
474,182,99,94
475,180,100,92
476,180,101,94
475,180,101,93
472,180,99,90
472,181,98,93
462,178,97,99
460,180,98,95
458,179,101,93
460,181,93,96
458,180,98,99
459,180,92,102
460,179,93,95
462,179,93,90
456,177,97,95
457,174,99,97
458,174,96,99
459,176,96,93
462,176,91,90
456,173,95,97
457,173,95,96
454,174,96,97
451,172,96,98
449,171,94,99
449,167,97,101
447,167,96,97
444,170,93,94
440,173,92,90
435,172,93,93
430,174,95,93
425,181,91,94
417,186,94,98
411,195,95,93
407,200,94,100
403,213,91,101
402,223,92,103
400,227,91,102
395,227,88,96
382,227,92,97
370,221,96,94
361,217,94,88
356,213,90,94
348,212,86,97
341,212,88,94
335,212,88,95
323,211,89,96
306,207,95,90
292,202,96,97
276,201,96,101
274,207,97,98
274,206,92,99
274,211,97,101
278,218,97,104
280,224,102,108
288,232,106,104
291,236,102,102
293,239,103,103
295,244,94,101
290,244,96,102
296,239,102,104
305,235,100,99
319,228,112,91
336,215,105,103
352,207,104,104
368,197,105,101
384,187,107,96
400,176,113,102
412,164,114,101
426,156,112,103
434,150,121,107
451,142,117,105
452,138,127,109
446,130,121,108
442,122,125,103
429,120,127,108
410,115,128,109
392,114,129,108
374,107,126,116
357,109,120,112
352,106,119,106
349,103,119,110
350,105,117,112
349,113,120,113
357,122,113,109
365,124,125,108
378,127,118,109
383,128,121,112
392,131,121,106
401,124,124,111
404,129,121,111
398,131,120,110
397,132,118,113
392,136,114,112
383,141,115,113
382,144,115,114
381,146,115,105
384,147,118,110
390,150,120,110
397,155,117,107
402,154,121,112
406,156,121,109
413,156,117,111
414,159,119,110
415,158,121,108
418,155,122,106
416,156,122,111
419,154,120,110
418,155,121,112
419,154,123,110
418,155,122,112
423,153,123,117
419,151,120,116
419,149,125,113
418,150,120,105
415,146,123,114
416,145,120,111
413,146,123,114
408,143,121,114
406,143,121,113
404,143,123,114
409,145,118,109
407,143,119,111
410,143,122,106
407,141,122,117
407,141,119,110
403,142,119,111
402,140,114,114
395,139,116,115
384,143,110,112
379,145,110,112
374,145,103,117
365,150,107,102
367,151,111,104
371,155,101,100
368,154,103,96
368,153,106,100
374,164,108,95
376,170,101,95
376,177,99,90
375,185,99,88
367,190,98,87
364,203,97,85
353,214,97,97
346,226,95,85
345,229,90,90
343,228,93,91
347,226,95,90
348,225,94,92
352,222,95,93
354,221,92,91
360,219,95,93
367,217,98,94
380,217,94,93
394,218,92,91
411,220,91,96
428,224,92,95
447,228,94,94
459,231,110,97
466,233,111,97
474,232,113,101
475,230,107,100
472,229,109,104
472,229,106,98
469,229,109,101
463,225,108,101
458,223,107,98
459,220,108,103
452,219,108,104
450,217,108,104
451,216,111,97
448,214,105,104
442,217,103,99
446,215,104,102
438,216,110,102
438,215,108,99
437,212,108,106
437,213,112,98
436,213,109,102
437,211,110,102
435,209,111,104
433,208,111,100
435,206,112,102
437,204,110,102
434,205,109,99
434,205,108,104
435,205,110,100
434,205,111,92
433,206,109,99
431,205,112,96
430,206,110,95
431,205,108,100
432,204,107,102
430,202,111,110
432,203,105,104
430,201,112,108
430,202,112,101
430,204,109,103
430,203,110,103
428,202,111,104
431,200,110,103
428,203,110,98
425,202,109,101
424,200,111,93
424,199,105,100
422,197,110,98
421,194,111,102
420,196,110,102
419,198,109,104
421,197,108,99
419,195,111,102
421,196,110,105
420,197,109,99
418,195,110,99
418,193,113,102
419,193,109,103
420,193,108,99
416,192,117,105
416,190,108,101
413,192,109,105
413,192,110,96
414,193,105,100
413,191,110,106
414,191,107,98
414,192,110,96
414,192,107,102
416,192,105,104
414,193,108,100
413,195,108,103
412,194,111,96
413,193,108,101
410,192,110,103
410,191,111,97
408,189,106,104
406,191,111,92
403,188,105,103
400,185,113,97
399,183,111,92
400,182,105,99
399,180,109,103
396,177,112,100
392,176,108,99
391,175,112,104
391,174,113,100
392,175,107,101
390,177,111,99
386,179,114,104
384,178,113,105
383,180,113,100
382,178,112,100
381,177,117,100
384,174,115,100
385,174,111,102
383,174,117,97
387,172,116,108
390,173,117,92
391,170,121,103
400,169,115,105
403,171,120,100
403,171,119,104
405,175,122,101
403,175,119,111
402,177,120,103
402,177,117,109
406,178,120,103
405,180,115,103
407,179,115,103
