814
813
7683
7682
6112
6337
6336
7675
6338
6113
6114
6339
6115
6335
6111
8621
1020
1021
1022
7691
3906
1631
2662
2663
4781
6348
5860
8075
5391
116
1024
4519
557
8579
6908
5
3763
6778
5777
3618
7462
2654
2174
6224
2506
5912
2699
801
3186
4784
4226
2381
6016
2559
7369
5603
50
8725
4994
4719
2332
2188
9095
1707
5362
1486
2544
4365
510
6808
2470
8281
1271
3667
3756
6315
6261
4163
94
1857
3470
6098
3144
5694
6092
3420
3157
1520
8931
4295
4868
9103
3273
8723
7413
1427
7618
8158
4168
6345
8560
5831
1411
5793
1346
3737
2994
5871
9085
2366
2732
7423
1855
3554
4667
5377
2503
7694
62
8970
5523
5750
2171
6603
3729
7733
5642
3426
769
187
6437
7028
1661
2469
2563
9115
1211
4814
4296
2724
2581
6087
3032
7942
806
2131
9045
6747
7724
2743
4233
4516
5982
7027
2130
4189
5644
2348
2328
4725
7746
4535
5397
3204
2371
4332
6108
678
4048
1320
6890
7787
1274
8497
8965
3219
7093
4362
6205
4244
5945
6434
2684
6789
5636
3632
8203
3480
4786
3351
1921
1654
5965
2834
531
5688
7925
5778
4522
3770
4161
8465
2885
5787
3407
1413
508
4290
479
6628
2545
2665
5929
4356
8260
4159
2676
3539
4866
6888
8289
5854
8659
7710
2887
48
6698
1154
7242
9262
8033
8974
1071
8449
2298
524
4053
8241
1856
8641
9286
1270
5604
5400
6904
2365
2098
2972
3401
1147
931
865
1871
303
1883
3070
1308
6300
6909
7301
123
3194
6075
5693
8
4148
6824
2335
2594
2315
7412
4978
4721
6444
3796
174
9108
2712
5638
1636
7519
6464
6364
3779
3563
5510
621
8699
3553
1012
4765
2835
1638
3643
9044
96
8431
8401
6356
927
4949
7742
2085
5916
4878
7406
8804
6927
3264
300
4407
3837
8209
2364
5280
2791
4548
8508
2560
6201
6279
6867
5890
3416
5872
2998
7139
3666
5110
8399
1475
2597
893
1562
7196
874
4478
6871
6866
1915
2518
2686
831
7983
8450
9232
507
6974
4054
5828
6679
5886
8782
131
4
2711
5829
3382
2696
3043
5295
3592
8237
4731
8726
8573
5911
5849
3425
1118
3430
5902
2334
129
4842
6473
415
8269
8073
6910
6306
532
928
2838
2816
2599
3249
6446
852
892
8258
1616
8855
2090
5136
63
3004
1705
1263
746
7036
3914
3905
3766
6914
9280
5657
8282
2403
6414
3000
5314
751
98
6257
3943
9163
6061
7017
4961
2802
8983
1246
6593
5939
2411
5406
2912
6109
100
8149
6413
3362
6019
7181
1112
8853
1853
4796
8147
3289
9316
6896
5947
2652
4480
6210
7018
7789
6102
7659
9109
16
2351
560
6094
6475
3
771
5156
7030
4906
113
3747
3002
6879
4886
7192
3665
2957
6913
4851
3003
8884
1285
4169
1648
509
7241
8250
2582
8353
7790
4462
1704
5686
5511
7088
1222
6221
2837
7773
8766
8021
133
556
5237
8448
8800
5685
1314
4260
4737
1499
2664
4482
8676
1447
78
2653
6093
3265
6870
6877
2521
5664
3080
8979
6215
6643
6096
4812
5246
527
12
2154
3441
9027
4379
4744
7563
3907
9284
8578
4986
4785
4788
107
8387
8628
773
8473
7247
5667
483
1639
6060
6225
9273
6905
8968
2595
3631
4355
8315
2336
6212
8346
3024
1242
6358
1647
2596
1225
1428
2693
6591
6305
8784
93
5868
1671
5046
8647
7706
6604
3728
6038
2080
5653
1863
4049
658
536
7999
7142
6070
8411
2408
6192
6025
6240
8708
6777
6236
4335
3356
1450
2099
477
3061
8291
8474
8347
2460
5047
2803
4248
4256
1712
6436
2158
4428
6222
2086
1261
7955
7337
8226
1710
4357
4139
2584
2854
4055
1248
3928
4190
2671
10
5861
6869
8905
8559
2313
7799
717
1655
2522
112
437
511
8982
8956
7023
8633
4950
4166
7022
7418
6351
6959
4919
2982
4251
5846
4864
3649
2805
2670
8933
930
501
5289
7772
474
7239
5938
7871
1027
5596
2199
9113
838
2345
1474
270
4245
4880
4693
2477
6014
5118
2327
7982
6608
2184
2540
3767
505
5520
8544
6686
6039
4718
5114
6612
534
8194
2424
4154
1597
109
3578
3307
8032
1412
7333
3808
3064
9231
2109
3439
6122
3642
5279
8714
6066
6015
87
2730
9102
8724
2095
139
8020
4982
4172
190
1455
8551
6097
8606
4199
8991
1753
6441
8255
7700
1144
7394
4232
5235
949
2714
5105
2697
5315
2537
3750
7195
3603
3001
8457
459
3626
6933
3773
1805
6069
9026
5712
819
5905
934
7494
4664
1315
7725
5749
8184
410
2329
7190
9182
2172
2517
6196
3063
2996
8973
8002
6823
1780
3274
1625
4331
8756
1074
8116
8311
3048
1642
2556
8441
1640
6606
899
5779
2107
6310
5776
3251
7076
5313
79
7472
4795
7037
1646
5322
5332
8977
917
2105
555
8300
3413
525
6314
8545
4429
3916
6020
3073
1673
5942
4174
2546
4536
5903
4368
2170
5051
7882
8393
5848
2683
5403
8550
3484
9029
4461
8022
1619
3030
2415
3062
8759
8496
6619
6199
8240
4988
9084
9089
6461
5282
1278
4663
2386
8001
4358
4777
2600
4530
7364
1196
5519
533
5989
6346
1091
4405
8924
1866
3411
3051
7398
6442
7853
4194
789
4991
9057
1666
4942
6357
6213
5261
1336
8928
7864
1692
1630
6440
6307
292
5974
833
4466
2380
8980
1407
1241
689
8733
7453
420
2471
7495
8704
7992
5796
5513
8640
4162
2690
5856
5547
9276
3277
1567
2896
3477
1229
4471
5941
6354
8783
8721
8477
1381
848
5817
2368
8749
3148
9114
1233
2895
5857
1657
942
6194
8658
8957
7004
1186
1651
561
3187
7912
8487
6059
5329
115
7805
1026
4549
6474
6617
8402
5648
4901
7750
6027
6352
1254
5655
5997
7402
5361
1363
5731
5358
2216
6334
7666
2100
3813
2592
1708
8963
9169
77
2841
7144
6886
7173
1659
8371
6623
3400
2106
8454
2433
4063
1944
6610
9331
4484
302
4219
1333
2350
4694
1669
3810
6332
2097
5234
4268
660
1668
8847
6460
3947
502
2132
1835
8213
5656
8440
851
8582
5287
5090
1694
749
3625
2884
3802
7237
7998
8731
6056
202
8822
4035
7718
8492
1192
7538
1688
4037
4998
8648
1215
2675
6687
1861
3208
6349
4393
9031
6237
80
6911
8543
3193
7569
5847
8727
8615
7417
6883
8117
3039
8554
5115
7722
5154
2530
2405
3252
1361
2183
868
1687
8925
1433
6198
8208
7997
8459
6197
6071
1634
950
5640
6622
4783
6903
9261
1711
6046
4285
7409
8971
7534
7792
1665
4850
4714
2919
8239
1842
2087
1599
1573
5883
3749
2189
8743
8081
5495
4867
6217
1148
6916
8930
2726
2385
7625
3447
6684
4915
1867
2325
7437
7025
6897
1408
2204
9233
2197
7246
6432
5327
7745
5545
207
8070
119
4183
1083
1686
1141
5602
1262
6629
8934
6252
3440
6792
7739
2414
8700
5946
8238
6917
4167
3081
1247
7636
6028
7530
7532
1632
484
4439
6447
1319
4944
6347
8087
5845
5525
4269
3957
8242
6439
2666
5121
7688
3486
2082
7436
3312
8498
2883
8961
8316
3938
7712
1429
4152
3513
1507
2673
6301
1652
2200
1854
4711
7531
1013
3634
2875
6058
1766
1664
7390
6295
5001
5296
8288
5927
6202
3214
7038
1622
932
1298
3562
7728
6363
2971
1116
8398
816
4153
2536
8113
7730
1072
2598
3604
3350
4334
4066
330
3967
6443
7336
2734
8390
1399
4431
2443
3909
3799
5692
5832
2894
1667
9303
3698
3968
3053
8742
4692
5901
8547
5546
3487
5668
4164
8896
6882
704
8866
6758
5700
8932
1306
6928
4778
7723
2685
5855
5424
6091
1748
6193
5297
6874
1145
1432
130
6614
8889
8372
2363
5930
6627
1138
770
6316
2893
9236
3617
7
5360
2083
4051
1446
5870
971
8287
4920
679
8988
690
4171
108
2793
5151
8188
8752
5815
5116
3311
5689
3392
5548
8937
5328
4993
4141
5407
1865
520
526
3645
1859
2520
8629
2205
5887
7189
2406
405
6624
8986
1478
6012
9330
808
8812
2
3619
5496
6893
9254
5988
3363
4493
4210
1876
4936
7660
1576
5335
8636
7416
4766
4151
1752
8895
56
5390
8880
3580
1023
4511
2532
3349
7055
7387
659
815
6902
7668
4708
6918
3395
918
6344
837
7414
2181
5915
8078
6812
6040
5635
3795
95
3033
898
3913
4430
7063
9075
2505
1284
2951
6466
5107
97
2583
6361
3509
1476
6048
8455
2353
2157
5111
6123
4187
7334
3067
2853
5954
973
3361
6350
4170
8076
7194
2300
6889
8788
334
3472
7693
9070
2541
6100
14
7564
2862
9326
4809
4364
7299
9120
772
6881
553
6255
2700
5663
6013
1885
2674
4203
1488
3623
3248
5627
5691
4879
3624
1633
8707
2794
8128
5859
2877
522
5048
6642
5149
5277
844
3607
2508
5343
8478
8899
8715
4474
4367
49
5605
4281
7077
1874
3801
6288
7558
8978
2591
5931
9204
929
5421
2965
5050
4799
1232
5811
8976
7705
2694
8627
8493
6308
2589
6462
3406
8660
1025
849
1693
1458
7981
7928
2533
8887
2507
76
5595
3020
6304
1591
6868
172
8400
8702
6095
7393
4455
4064
5422
1689
7269
4178
6127
1650
5298
2543
9087
3593
3730
7529
5851
7956
1251
9124
6873
8837
6289
5840
478
3522
453
2870
134
3397
7443
8608
4271
8211
3437
6961
9088
5155
1224
8419
9237
4038
4499
850
2669
7125
4534
2407
8764
7661
4722
7721
3205
4450
127
8632
4715
5284
4574
299
6088
1090
5684
5639
4283
458
8290
1504
8885
3764
1011
5986
4140
8254
9297
2964
1672
5852
2362
8592
2155
7411
2881
9244
4505
8635
8384
2128
8728
8935
6681
9062
972
4039
5521
4939
4995
1656
5113
6309
481
1509
1228
5978
8678
3951
4713
5536
8148
4709
2299
2372
9
5747
4525
4247
9329
3621
59
2698
4691
6353
6611
2672
754
8546
4404
6625
2129
2377
6
8929
8710
419
6878
8313
8753
6891
4918
7129
2695
6168
5092
1438
3471
6223
2182
8987
1252
1872
8205
6463
8989
2890
6000
3620
5276
8089
9260
7520
5757
2079
1683
7754
7457
3072
1456
3163
8000
5404
8253
6024
1649
1727
8349
661
2590
2956
8558
8256
4710
1768
3753
6459
5606
5292
2733
132
2746
1293
4065
818
1312
331
1364
8969
5940
1566
8634
6047
7477
1662
3275
5600
7664
933
1751
4817
4981
877
3545
4943
2476
1684
3644
7240
2108
6360
5612
7803
188
4537
2297
3396
839
4041
6457
4441
6472
6195
6884
1660
4554
1292
6057
7214
6685
6311
5543
8690
9130
4983
4067
7695
7719
6219
4552
692
5281
8321
8939
4188
6875
7096
5571
4403
1845
6206
6465
99
8077
2523
1208
6043
1457
1351
3090
8466
4476
866
1749
6458
60
173
2425
6607
3068
8435
4813
1709
3366
4984
290
779
8210
1143
2475
2562
267
3536
101
8926
2349
2911
3946
3940
5342
2937
6876
8532
2018
5711
1681
8938
3207
5106
4712
2434
6431
1290
5918
8705
3438
7415
2331
3428
5792
333
2383
943
6218
8768
3809
3538
5120
5613
5119
728
1230
1070
4769
7056
5654
7883
1362
8821
8320
2839
6467
1487
2747
6618
5291
5146
1939
6369
8548
6163
5526
4068
9030
1477
4265
4806
6044
8146
8403
8071
5544
2824
9076
192
4717
1146
7699
8412
8314
5666
3240
8160
4553
2661
7213
7399
6126
1227
1226
2892
2792
5696
6865
6455
8312
6026
3787
1140
114
8319
827
4175
1249
7727
2958
4810
774
7518
4861
2333
1906
476
3483
916
4239
6200
6435
787
13
8283
6023
5850
8227
8622
1318
6204
5236
3576
9238
9282
8552
6445
6880
7271
8091
9287
1765
5286
8553
4987
894
3622
3131
4811
1360
5669
5646
7709
5321
6605
6074
4668
4573
9173
6887
7929
7854
86
9128
622
790
9155
2203
1265
8645
7380
623
8936
8082
8661
85
7809
1637
5549
7143
5522
8966
5614
7615
1598
1078
1676
6124
269
8809
8204
2713
5592
5710
1410
4989
8777
2084
7272
6895
2459
6211
2524
7191
6207
7922
4800
2800
1920
7391
1754
4816
5488
5145
8631
1220
7483
3071
7087
5608
2687
1596
5376
4264
4716
6253
7539
891
2879
2180
7098
4150
8549
1245
1626
2817
1234
1641
2729
6469
8369
1685
5152
8739
6615
9252
901
3577
5904
664
3348
3602
8617
7684
6906
3778
2504
5283
7617
3065
2688
6331
2092
3060
2375
6616
3011
3367
4990
7131
9125
6900
2304
523
6036
58
5512
5049
8482
8247
9190
1792
4726
1886
6975
7422
4501
3206
2420
5774
9180
2091
1873
6303
2156
1860
5253
6892
8701
7094
8954
5594
7535
8413
832
2201
8828
4036
5838
9263
1291
4056
1430
6041
2013
5312
8439
830
6235
5899
5331
7086
8600
2660
1451
4192
1275
2302
1114
8860
6468
1505
8868
8499
7085
4291
2442
4767
2456
5254
2547
2535
64
5359
6412
6983
697
6313
6333
2555
4392
518
1592
5601
6621
558
5637
6453
4531
5262
3627
2997
2347
5652
4849
2010
7616
4391
3630
6099
5238
4333
2301
1864
8251
3365
1767
124
3948
8962
4438
5117
1480
7881
4877
2455
6042
337
6045
8483
2314
9129
7084
5091
5775
8972
126
1243
3010
5104
2346
6121
1869
8834
4543
2352
1483
6966
8318
1223
6885
6330
1431
2185
2378
8561
271
7439
1858
6214
4730
1875
5885
8975
4186
9296
8157
6803
5387
125
2173
3069
1449
7793
8541
4690
7637
7662
6697
7029
2790
519
6592
4514
6699
2094
1621
2728
6620
8345
9058
5816
4173
8129
189
2963
5593
3263
7140
8990
9275
5907
5964
9174
8572
2715
2548
3929
4197
2169
5599
2976
5334
2538
7442
1115
4040
5690
1653
1330
3768
5913
6912
4681
7407
6894
7137
2727
1938
6065
7991
1409
6090
5826
1155
8964
1117
6064
3189
2369
15
8391
7392
5278
7994
2723
1870
7708
3191
5717
2198
4770
7996
1279
5607
4378
6296
7954
5697
6962
1092
8581
1484
8618
2382
8447
8176
5695
2379
3037
9168
1142
6456
6291
3049
5399
1623
6302
6063
117
506
1081
1496
6167
7039
6241
559
4228
8967
1674
3713
6259
4927
2374
7665
663
5285
6242
5660
2474
7759
4227
3699
5665
4720
3358
3424
7995
8716
2561
1479
7145
9281
4666
185
3059
3508
6208
5673
5853
2400
7761
7019
2534
2011
6433
7685
6682
5836
5906
676
6362
3510
5917
5319
8900
147
3780
9283
2437
2096
6915
2691
7092
4193
2326
4408
842
6055
6451
2190
4354
8317
6609
1497
6449
1682
3594
5812
268
8079
3091
7687
8182
6641
4865
1077
1658
3811
191
4057
3188
8072
4042
3927
7329
3272
7824
8156
3271
4846
7825
8155
7927
8083
8084
8139
3403
3402
4855
8138
8141
8140
1344
4542
8462
1098
8111
1353
8103
7874
598
5806
8110
5808
588
8689
1094
5822
3711
6265
8106
417
3715
7487
594
602
599
3685
418
603
4741
3722
3716
595
5418
3714
1096
786
7368
593
7873
3965
1721
1720
4740
4980
3721
592
8108
5417
4975
7367
600
8107
5807
3047
8105
1097
4960
590
3712
1095
1093
601
5950
596
3046
9167
8102
3476
7831
7835
7832
7833
7830
7834
7829
3704
4009
4004
4031
3705
4021
4001
3710
4003
3706
3707
8434
8173
5245
7671
4463
8174
5243
5248
169
9022
4184
137
9025
9024
9023
136
4185
144
143
3784
8998
8277
8358
7938
8302
7447
4517
3606
7976
7941
1970
993
7204
1991
3674
6840
3225
8126
3864
1733
2923
6829
701
683
1831
2404
2741
5972
103
2989
2766
3295
3986
609
6673
1602
2490
7355
1812
2267
8873
6544
4752
3776
6511
731
5866
563
7731
1105
4238
1444
8807
7298
8760
4131
5207
1065
8562
3992
4024
6765
6105
6922
7898
4135
6574
1551
998
6565
8927
3875
2931
487
4451
368
3493
7338
3494
2966
7840
7827
3300
6549
7236
6691
807
516
9311
8420
5425
2643
6696
6072
5979
2622
855
3261
8953
7866
2492
359
2642
7452
759
36
1744
4350
9199
1889
1908
1968
4114
5584
5211
1542
3200
5619
5953
8849
7294
6539
1006
5352
4571
2319
4217
4976
902
2651
3299
3398
982
2428
7057
4449
2110
958
3901
4127
8234
7066
1289
2995
3556
585
7032
5516
5230
6658
5823
4948
7058
9191
9144
3379
2323
4833
3178
6548
7501
343
8397
8611
4845
6250
163
5168
2040
5339
3609
8352
8567
6151
8507
3970
9146
2068
5028
7492
2815
3814
4305
5678
4132
545
4556
238
1260
4632
4313
380
5447
8943
6130
4314
6531
5706
3292
5469
7643
8619
5192
3537
8058
7526
8711
1949
1732
6702
7012
328
306
3134
5761
3703
44
695
7672
5224
9215
5443
7177
354
1418
7810
9002
5759
7226
9160
7249
2936
6287
385
2738
3636
9033
2246
2680
6940
4310
2054
9250
9080
4568
5586
4469
2038
7900
3319
9079
1054
4751
7931
4349
5299
5025
7932
5738
4590
4020
2488
3372
3664
6500
4652
1964
2031
4588
3232
5782
2904
7200
5435
7579
798
3646
4359
5975
376
7821
3185
2133
6248
5996
7974
5442
8336
6328
4946
2954
1932
4787
2579
5610
6480
3792
6717
6730
3547
6845
8993
1052
2235
8356
8818
572
1180
5348
941
6422
3217
1310
9177
1419
2283
8892
1212
6277
7806
6149
718
8763
4759
3145
5981
1881
5799
6947
2631
318
6132
1736
2907
7816
4304
2760
7779
7732
7642
711
539
7440
1913
5480
5570
8594
8772
4654
6128
6183
2142
1695
3981
217
1063
221
2006
7164
6951
5309
3498
6661
8165
5169
3852
7070
5702
4344
6648
5795
2659
353
5444
6968
2755
6006
5865
8740
7856
5841
836
8897
0
6049
1837
6831
5773
3587
2163
7953
853
5553
5133
1931
4622
4891
5722
6596
71
379
4506
4370
3344
4254
8767
1726
5438
1332
2290
3146
3389
3885
2621
4116
5389
7222
8595
2236
1468
9249
8270
4757
4502
4703
9034
2619
5022
9158
6540
1466
8771
3036
1581
9246
4308
4363
4647
4470
2511
1311
6560
9217
4822
3982
5896
6655
2846
141
1887
6567
8921
4671
6052
7349
5034
5383
3818
8414
8159
5081
8571
9135
4361
4073
9142
3989
4490
4923
5477
712
2230
7166
3172
1470
4212
2152
1795
3812
1219
1538
3029
6481
9042
7775
7715
9061
3950
7046
7808
2979
252
8504
26
2489
4137
229
6490
9016
1728
338
8335
9063
641
4581
5420
2840
3463
7231
7619
1755
165
1471
1981
6073
3045
4182
7607
4414
6553
5624
2123
723
6932
2222
4138
1594
3569
393
7940
8004
6759
5393
1107
878
9309
7576
5250
1759
2015
571
3921
7080
2160
1355
8583
4085
4644
9165
4550
7826
8602
9257
6083
3374
3653
7344
470
7245
3998
7433
1988
8168
6143
5205
8718
1703
7729
8655
7783
9098
6491
3525
6542
9186
9074
4933
9035
2057
6273
2048
619
2499
1162
3694
2194
1940
840
1324
9078
2272
7434
407
2004
7887
926
1544
2282
1124
1028
2796
5735
5080
2852
8842
9188
3637
1066
9008
5977
5044
2064
4973
382
1724
3368
3250
4300
167
5350
2635
7828
8506
3847
3676
1184
5020
1888
5433
4641
8909
228
4801
8085
643
3696
2920
3849
4215
1120
5490
296
2306
3742
4819
6153
7498
7108
6429
3031
7505
7652
4027
1799
8577
4969
2025
4026
5732
1415
4940
7152
538
706
3375
1789
4997
6133
7593
1702
6082
2359
5470
2807
5621
9241
4111
5492
6729
4577
106
3774
4610
9003
9292
6262
2245
3460
1557
2658
5769
6985
7065
7990
1540
2251
4965
7168
3976
7179
5016
6828
9071
8115
7628
7110
7513
835
4078
2322
3881
4945
6837
3135
8044
3741
7042
5225
4747
1896
1834
8009
6420
7987
8815
3198
8008
194
6251
3303
395
3600
4631
6230
2219
7583
3904
9004
6942
8051
2981
6182
1699
6189
5197
7893
3283
2942
614
4102
7362
1786
400
1440
3873
6322
6285
8696
454
9093
246
5895
6863
4302
255
3223
7852
710
6103
5809
5882
4974
2806
3744
8665
8918
1076
9248
4755
5500
6854
6172
3378
4492
5529
5476
3846
1391
383
3883
2648
4599
4413
2464
8519
1839
7257
5375
6852
6764
5182
8914
3015
4562
8601
7862
7849
6737
2468
27
3840
7341
4996
8564
3788
6138
4442
757
4464
1170
19
6584
2067
2486
1737
301
4742
6857
8458
1526
5345
4423
6246
1057
3997
2041
5830
6031
783
3293
2501
696
5429
5762
7342
1329
7895
381
8362
4734
3526
2039
4142
5084
875
5275
3052
7509
8908
4834
1543
3719
8101
3133
6150
3316
4089
4629
2209
7648
8765
802
153
4639
3657
6482
9320
3294
2617
5052
3227
7170
6716
178
2703
954
3254
2262
5743
6978
7489
7474
2740
2233
1491
8814
2358
1164
9259
4518
7343
5748
3897
923
5967
2677
3503
1202
4966
1836
1962
9096
9064
977
1464
8064
1309
259
8122
224
6152
7523
6766
9214
9312
8325
4630
408
9067
2514
8568
2324
3136
3530
7878
7308
2065
4453
371
7219
5171
8642
1603
8339
235
1133
7035
8653
989
4569
9092
1743
9086
4342
7646
5430
6944
610
1448
4696
6156
4386
994
2112
8011
8276
8999
4956
2795
7553
9083
3184
5784
612
1365
6848
575
5213
2175
351
2656
5150
9255
7735
4097
8674
4235
5998
6488
537
7486
6245
5436
5679
1004
8586
5087
1878
4926
3197
7757
8249
6502
990
2770
2751
6426
6839
884
3871
9212
4179
5316
4457
2480
4100
4395
7890
5468
7302
5862
1803
3171
8591
7053
4489
2921
8555
1984
895
8949
1305
738
7606
3042
1325
3167
3340
3689
4421
7150
8685
3147
3308
2014
3573
3880
4045
2069
6051
702
6664
8418
2454
6181
3605
7172
5031
4589
6586
8334
7504
3759
1890
5085
2161
1191
256
3610
7079
3427
4071
7323
7263
7444
4311
8120
4582
4869
5493
5867
7099
30
7919
7261
7449
3613
3196
841
6185
3088
409
1343
6705
5471
6134
8359
4061
3229
1979
1517
8652
4006
6137
6996
2926
5798
1128
3341
4479
5175
5174
3736
8380
1514
1058
4586
3044
1822
6851
2601
4608
8922
6659
3859
307
3650
8167
4366
4824
461
1933
2055
7844
8838
5672
6543
5252
1601
3218
713
4022
4419
6708
397
5057
1729
6573
4729
4080
1034
5598
329
922
8823
9038
8437
128
8851
8865
3056
468
8798
7052
7767
2162
6566
8610
8687
4008
3640
7601
6017
7071
3614
6084
6924
375
22
1541
451
4521
179
1396
3876
5824
426
1157
4859
3110
3323
9104
858
6719
6428
4495
2141
3984
4299
5821
6581
7090
7781
8944
3085
2114
5355
1461
3301
422
7000
4820
5790
1379
7536
8736
5241
1698
1294
196
8680
4658
4144
8639
3677
6520
3760
6001
5478
8057
5018
6844
3111
8802
867
7843
573
2278
6801
7629
1571
8677
3833
7820
2033
6526
3884
8706
6284
5873
5718
8576
3589
5839
8729
6053
8228
6365
5142
1389
570
4614
5533
2821
4060
4902
6842
5446
1277
4303
2836
1014
7822
1047
5881
1462
1730
4567
7499
8867
1304
3669
9192
8177
6710
1210
3911
3315
6180
5341
4394
8337
6969
5715
1742
2782
9195
4890
8014
3353
7475
2193
4843
4653
6957
8959
6529
3457
5274
6154
5561
9318
1758
6503
7678
4327
3236
8575
3155
4707
1494
3174
3752
6050
6483
8003
9175
4674
6166
7165
5413
3990
1778
7500
8304
1395
4315
3364
242
5763
1036
249
2430
8131
411
2045
8065
9052
7507
5616
2980
4328
2354
1700
6736
8212
3959
5677
7545
6859
3659
6770
1106
8846
956
2050
8099
8053
9293
9307
1069
2708
3923
5780
2512
429
5582
493
4972
445
617
4459
5157
5300
1031
2495
7586
1534
1919
535
177
1838
2159
4099
5172
8540
3115
3087
3488
5834
2007
43
1779
2023
2429
9006
436
4214
3693
5426
6767
7490
2859
5035
5372
925
3253
4093
7588
8049
5894
8745
2941
725
2355
1975
5623
1957
6141
5670
7326
8262
951
7183
2388
4698
5681
3162
1167
5227
2831
776
5010
5770
3574
5102
2281
305
4628
9119
8746
4889
6569
1175
102
8940
2479
5566
53
1918
6786
6861
2771
7467
975
3543
7584
9299
6477
7328
4761
7543
304
4623
7839
2139
1953
7590
7428
6162
1946
6260
5676
7171
2387
154
6004
2165
9018
8323
616
3995
8952
1533
213
3675
7456
7556
4195
907
2248
4594
1017
7446
3304
3867
4802
9156
4621
1818
6742
1593
7235
5303
5633
1100
8047
1460
6714
212
401
7107
8301
2720
4583
2757
4236
1282
5273
2149
8484
8119
7167
737
5076
6598
5382
2650
3421
1954
1172
1941
6136
7274
2256
4928
4410
4579
1061
7113
486
862
3435
1465
8512
6806
272
6008
88
5662
3555
2812
6282
4477
1445
6939
1564
8590
7374
4213
5713
5864
326
402
464
1951
8180
3459
7478
2389
1798
3673
1635
5671
412
7575
685
4760
4275
8960
3355
3999
7157
7741
6850
1943
6769
7330
778
2644
1441
1723
2144
2776
367
8839
5353
4158
8857
1286
6755
5125
5097
7020
586
784
7078
1851
8911
8824
7639
4316
5086
2624
9183
5089
8475
7554
6297
2058
7650
7634
7121
2485
2241
7713
4352
2409
2745
5124
5201
6556
9091
3945
5257
2192
6131
4625
5498
3720
8261
3939
5576
6713
8472
991
8068
1029
7506
2575
2990
583
5388
6715
8235
4970
3338
9014
1193
1384
6368
8604
3564
1937
2481
721
3958
6551
7980
5385
319
2357
8910
8693
1204
489
4827
8024
6427
3895
89
9068
8067
1111
9251
5719
9143
5537
5365
1840
4456
1169
9140
6003
2439
347
2103
9073
8169
3687
3305
4416
332
2909
3839
6509
1296
7770
1880
4075
6498
4883
6580
5007
8470
2571
513
7049
7363
3532
8456
297
8841
7180
714
2320
7372
8503
1101
7275
3336
722
7782
4258
181
3841
427
8324
4284
7297
7577
9148
2446
976
1108
2681
3237
377
5969
9209
7178
6175
2126
7491
6640
6077
2221
2780
4094
6161
3203
3848
980
2270
3672
7203
2718
1714
3474
3851
4224
7207
4106
9036
4592
693
1328
3309
2629
2736
388
7886
4417
8786
5505
8941
5019
6732
7296
1405
8374
443
9099
5190
4177
9310
7747
4348
7197
4844
5609
4345
29
3332
4107
346
2577
3941
8252
3790
7459
6164
582
5040
7645
3882
4034
4701
8757
8801
8907
1823
4528
4746
9234
3866
9245
1366
859
1959
6967
7163
5229
4736
8738
33
357
7262
4448
6796
6793
7340
1417
2678
223
5771
3170
8061
2935
8263
1276
6258
3922
7525
7573
3445
3478
6570
216
2797
7542
5370
9302
236
4532
1716
1583
3783
6367
7603
3469
1176
150
7031
4375
8840
5634
6945
705
3442
7148
6249
8713
8599
6756
5920
7837
7479
7229
1797
5272
8945
5439
5833
6930
8852
8278
2444
7496
8063
248
3894
4585
1982
6651
7511
7524
9258
3979
7592
965
4750
6155
31
7613
195
644
9005
1040
7785
5820
8830
3843
491
7153
1761
3423
5474
5876
7252
1739
6647
5198
8488
7366
2774
3179
2211
8845
6600
399
6810
2101
1335
7734
4000
7154
5013
4225
3817
1877
9161
6991
3390
1892
7753
7909
6229
9314
1436
3879
6849
8535
7910
7916
6158
7361
6430
6146
7385
3765
5099
8046
4043
2361
7915
9149
1717
1018
7485
3339
4648
7988
864
3874
7280
6191
8388
4323
4324
2232
7228
7813
6187
6678
3177
3534
4953
4402
6319
4618
2268
8580
2195
1559
2484
7188
1977
3238
6496
110
3247
7541
924
4487
2285
91
1166
162
5185
7933
4743
1627
7259
8620
8525
9011
4700
1824
8299
4558
8112
6170
2778
5170
1443
6030
2280
9137
4337
2809
2445
8643
4951
6853
1572
3215
2249
6515
1337
8328
4117
5441
3230
7225
6953
348
3639
5739
1550
6833
8056
5217
4572
4032
8307
7609
6578
3233
8178
4486
4952
4427
4876
9166
3107
2772
3371
6518
6327
854
1912
9032
1059
6547
5781
6926
4390
4318
5803
736
3561
6554
5045
7386
9081
2034
4955
2701
7758
7176
9205
2276
3803
8054
7946
295
1843
1629
7768
3663
9285
2513
3656
4529
6366
5758
7870
7101
6555
9256
4578
5880
861
8273
4685
5165
2035
7224
4447
3815
5038
253
3658
2252
2143
6135
4655
7800
1173
5618
2822
7503
1974
2496
4772
5164
4105
2138
2864
3924
4882
1585
5528
5730
3175
3899
2752
4028
2113
5411
293
2647
8879
6653
503
2150
4645
2257
4627
2277
986
370
4697
8712
4804
4881
1182
6650
2814
7567
3084
3888
6537
17
3531
1037
5263
1393
5575
214
1439
5011
5173
4098
1132
7352
2390
1772
3853
940
6572
8877
5041
7448
620
4294
72
7920
4597
3697
1895
3462
2616
3978
7846
7780
428
6559
8326
5980
7888
3331
8118
7899
615
8322
8460
5100
8350
7594
5082
8150
1986
1909
2145
3501
5056
2702
8135
8385
8574
720
8893
1978
1816
9097
8006
4222
686
1377
611
4808
1536
4096
3891
4884
4615
5560
5589
3514
6169
1414
3244
1490
7100
3588
2266
6800
6318
263
5191
289
9319
6011
7632
7305
7208
3523
7304
8881
4005
8329
2214
6925
4136
974
7952
2783
8086
6568
2021
4727
4826
7674
1600
5078
2949
6541
5740
4679
3591
4434
398
983
7544
4570
465
7206
8737
2356
4959
3599
2168
1420
5897
8422
4023
2739
8797
8951
8181
1809
5682
4309
6929
2742
1503
5094
4600
5216
646
8773
4076
3746
47
4602
4129
363
6417
2779
9046
3154
7620
966
2052
8344
7199
4412
8882
2463
339
4821
7555
6558
5258
4205
6735
3850
758
1907
872
1961
1904
4433
5159
8664
1016
6513
5364
7480
9313
716
6843
2292
4329
1035
8593
3404
5212
1342
3690
6797
8863
3352
1628
24
135
3314
8650
906
7126
1387
7458
5591
1960
7522
4607
4921
2623
6268
1326
1357
6493
5892
576
5559
8843
7892
6086
4612
7427
9094
7050
8382
2227
5990
5810
3581
7279
6188
7859
3549
7918
2022
9066
2500
6561
5127
8095
5569
8605
3491
9213
6997
4735
4372
1489
6662
1129
7559
2261
6590
5893
3125
8164
1469
1181
7515
5563
6324
3113
3638
7551
3506
5138
4069
7198
7560
4473
1741
4672
8748
8874
3804
3678
2240
5716
42
5176
8464
1038
2993
9072
32
2808
4125
448
152
5431
6178
793
3444
4963
6954
3014
286
1948
3057
6176
7106
6683
1281
8799
7635
9289
6294
5054
7884
8730
4013
7950
1971
1966
2900
1553
472
3865
7796
6937
4591
8098
5208
5687
7149
7005
2773
3112
9185
5101
8469
4678
4860
700
5527
9194
2639
1177
4282
6492
5029
5123
7230
2104
6731
2717
2043
9059
1394
5515
6706
3651
9105
8463
1916
1125
3322
5307
4547
7293
4619
4058
2781
5734
8844
8671
6743
2626
2516
258
5249
6186
7958
4732
7508
584
215
5036
5228
647
4657
5088
4381
6495
5033
317
3842
2178
7187
7112
3991
7441
7673
2902
6982
6652
298
327
2016
5002
6768
5583
3270
857
7158
4676
4675
2164
8360
6709
8143
365
4062
4527
9009
6228
5818
9305
55
8870
6649
5158
6693
5306
8666
7527
3082
6145
9107
1165
1993
4611
7589
5386
1561
8805
5963
3681
2037
4968
7451
3360
7466
8361
3977
362
9225
7068
794
1348
7736
444
6081
2026
2641
3150
3785
6485
2869
4775
6505
4118
7051
3213
3668
5347
3376
6190
3342
2237
5178
5567
5952
6919
8539
6822
5264
3288
5962
8421
6744
4656
2073
1043
2922
2196
5260
3789
7571
5680
2047
5502
3369
5517
8386
1442
2191
7375
1891
4123
2789
5305
7248
992
7612
104
9290
4160
4633
742
7714
4555
6657
1214
3754
6080
4593
3018
8792
2294
7701
9301
7069
4513
6243
4010
4561
7354
5012
3489
4888
1584
1969
6804
2775
7306
6506
9306
7740
953
6725
1539
138
257
335
7060
8994
6807
2102
9207
4411
457
8037
4932
3679
8794
495
8432
37
6535
8219
1928
8996
7610
6656
2070
176
514
1796
6838
2462
230
569
4637
4420
2863
3807
447
2005
3297
8858
1926
1156
1787
5039
7002
151
142
7067
3761
2764
5494
7371
6704
3734
6938
9117
6750
9077
2679
7623
2478
4007
5772
6416
8348
6546
6934
7908
4748
7944
3660
170
7460
6663
396
7256
3500
5585
8343
3176
5160
3701
9021
7221
1216
2318
8923
7621
8514
9010
1972
1715
5661
565
8946
3718
1560
1467
6173
7641
4677
4400
2620
2719
8995
6644
5744
2952
7568
5368
3310
4440
1513
8034
3035
5042
7161
1084
6672
6550
8379
9141
7752
3739
4771
4828
7073
6952
7283
3496
3969
4565
920
1830
1930
6677
6825
7454
7521
240
946
6711
3242
2627
4929
5006
3202
2295
2124
5405
7464
1820
4398
6994
6920
261
987
3109
4338
7774
5122
8396
6712
8161
7595
6419
4432
4749
6076
1161
8217
3688
969
1160
3243
3173
4979
9288
6860
6171
225
5143
313
8327
7626
4401
6794
5043
6830
4452
3980
1604
5875
4635
3329
1989
1893
51
8875
4134
6688
5615
3652
1769
1171
6563
340
3256
5371
3405
1734
8638
1103
6809
3055
3683
4893
6499
4467
5195
7014
38
1595
2709
3800
1980
8775
6587
6263
5219
282
309
2253
4092
18
7570
4081
2515
6278
6184
5215
6720
250
7250
639
3567
7841
2636
8446
5703
8609
1253
6701
7930
6317
4110
4088
7975
9132
6054
3412
4079
6754
6950
3028
3877
7614
2223
239
4745
2640
5556
6690
1825
4157
314
4682
8825
1003
8093
7215
366
4640
5475
4985
5625
7307
2003
218
1500
2293
1847
5032
2147
6692
3926
4112
9304
6726
2630
2882
1178
1151
7233
6533
4113
2423
4343
5800
970
1009
6423
3126
1201
5620
5701
8050
5023
5079
5572
1392
8534
2269
8538
449
2722
4605
7356
6781
8537
2259
6545
8100
8395
2258
5108
8683
8296
2177
8264
957
3647
515
8363
3108
1001
5574
4319
945
5714
4871
1852
8856
392
8878
369
9230
5304
7266
2309
4683
2255
6159
4651
2029
4341
5794
7151
7359
5554
8876
6290
5373
2950
6772
8997
2307
8515
4033
6487
6595
45
2166
460
364
6980
8221
4108
5381
4649
5096
5095
5030
984
5222
241
5707
9227
544
4109
7771
3671
9270
8565
5956
5479
1994
2461
5552
389
2762
4763
3499
7599
4488
3241
1131
4496
7006
7265
4563
5349
8433
9200
3878
462
6846
9040
6798
5179
546
8114
7216
6276
1495
494
5434
3972
6855
1546
1718
6009
2042
251
3330
3797
394
7814
4689
4156
9054
7332
7811
1119
5531
6782
5210
2633
7924
4624
2310
7455
781
6343
2578
4124
5193
5251
4460
7923
9106
796
2482
2749
6734
4825
390
7611
7484
955
579
8915
7227
4604
1535
5428
1955
8233
2645
2167
6484
3855
1502
2973
4829
3966
6960
5891
8948
5324
4396
2823
7348
7347
310
4255
203
5976
1121
6034
39
5961
5507
5785
1463
7339
1575
7801
5445
5951
999
3786
6536
3524
3528
4508
6674
2939
4598
8495
1152
3296
8202
1552
4699
1879
488
2274
433
5587
7971
8331
7476
7282
1570
6489
7351
6921
542
7855
92
6517
733
4954
2842
5968
9239
5501
3745
4437
1586
7273
5265
7917
7061
1580
618
435
8770
2421
3870
8308
2605
2934
9240
7585
7738
2843
4298
6579
7716
1174
4306
4312
7243
2768
4143
8479
5555
7578
1936
8130
8062
8719
7502
8268
5760
6695
5565
9226
4870
4507
3160
4835
2465
4422
7867
5015
6660
5354
5351
7184
6280
1327
2906
8292
2466
5167
8142
1910
2930
2494
7384
5727
1735
5518
2491
5183
6562
4947
3692
6129
384
5209
543
5394
7776
5055
281
8436
6323
7631
8903
2716
3735
5301
3975
105
5098
9317
4346
3993
2151
308
7582
8191
1056
7465
6564
512
2754
566
7360
1757
8035
2296
3551
1053
1537
8518
8557
3490
9267
5473
7136
6670
3974
5958
1217
9118
1259
2317
7033
2467
6665
6244
2140
5126
547
4120
4307
1725
2737
6286
1756
1701
3492
3717
5802
1005
4101
21
2576
4650
1030
2844
8913
341
4083
3380
3829
4779
4216
8528
3641
4606
2769
1545
8850
4971
5489
2008
4564
8682
7784
5768
438
2765
6298
2502
5166
5805
4126
7234
9243
2940
9053
5026
2820
3925
1383
7861
968
5395
4347
8144
6527
8597
7327
1422
244
7013
54
7970
5742
3464
4823
8588
2938
8803
1555
1380
6144
7370
1995
2602
985
8785
8480
1927
3771
1032
5726
2731
3313
6727
8793
2721
7937
1168
4472
9017
6421
3584
2810
6033
638
6749
981
7160
7845
7911
568
4613
4133
8894
2263
4925
8888
6728
6597
4930
580
5825
4839
166
74
7284
3156
6140
2229
5466
7105
8192
2632
7638
9308
8530
4643
4322
6510
403
7973
8529
2788
4202
237
2305
5628
7281
6476
7935
2850
4016
4576
6827
6321
1942
2750
6106
6993
4371
4399
3465
5499
6231
5745
1801
5337
4468
3900
5588
3858
1947
1472
243
6583
5374
2250
4426
492
2311
8305
3662
5338
8780
7488
3890
5005
4680
7358
9116
4397
5999
587
83
3566
2134
8942
6601
1745
5736
4015
7690
8947
1067
7945
2053
2493
6669
4351
7473
6147
7175
5196
2657
3497
3161
7528
2239
5991
3201
7681
2440
5189
2959
2044
2046
5318
2763
4301
2213
2933
4121
7889
5323
1055
3857
6078
5134
6645
9138
680
4446
7943
3887
2321
4914
8511
1218
5508
2603
6802
2947
5971
6552
782
7435
8357
6139
1136
1473
5008
3585
8808
8351
4017
2969
4406
1050
1104
8408
5879
2452
8859
4444
5003
1740
155
1917
7135
2242
4566
834
1746
795
3548
2036
4046
6979
2413
8170
1817
529
7220
5130
4831
2613
6761
7482
909
2146
4595
5340
6283
2615
7421
1002
2991
8992
645
4115
373
8598
3896
5987
1815
1548
2573
4095
5766
1301
7258
8048
7598
2847
1996
1956
7596
7134
5804
8536
1203
9202
168
5898
4014
3346
3041
5558
4339
3234
1738
2604
5590
8005
372
378
6299
3235
8043
3086
3983
6949
2176
6494
3856
350
7021
7044
7679
528
7138
7432
7602
8333
1378
482
8015
3542
2612
5053
6227
3598
7276
9216
4278
4059
8134
3182
3224
5109
4494
7640
180
1123
6320
4601
1135
7788
1992
8069
6160
35
2865
46
3952
6418
2510
5783
20
3816
5204
4122
4103
7756
777
3550
5440
4070
7331
3743
9206
3828
23
41
234
7622
8832
4626
5266
1967
1150
90
822
3169
6771
498
4967
5580
7581
7680
4728
1064
3106
6266
4415
9294
5597
7059
197
7218
6948
4234
4485
4019
3370
6085
5427
4545
8862
3633
8145
5221
1388
7471
7156
6989
1190
6832
4387
7469
2910
4526
5187
2410
9223
6247
8612
6523
7253
5874
5448
7957
1130
7054
3516
5797
1000
4336
9090
7255
6522
6760
8898
4803
374
8686
3985
7045
7851
6671
7857
7072
5027
8950
5617
6174
5184
3733
2924
567
352
2148
3359
220
3994
9013
9220
4155
1110
785
4250
52
4634
9037
8036
2483
7232
8675
8836
5346
6104
1515
4603
7894
5144
2628
440
3586
3083
4830
7762
1134
7850
2866
4011
8751
4776
7102
2032
5017
2051
9019
2759
4892
5491
5504
1060
7064
709
578
4320
7649
5344
7512
7865
6689
6557
5955
8566
6943
434
6179
9300
7947
5789
6538
9134
5075
5161
948
7516
3302
7146
355
3854
2827
2574
3183
4287
1722
7277
3860
3443
3298
8364
7254
2360
5093
6325
4230
4443
2625
3936
4475
8556
8585
896
4297
6718
2279
1283
6805
2811
7383
8306
8330
3153
2153
2618
2441
8092
5255
8124
9247
5530
8175
1832
3892
3862
640
2127
4196
3495
7217
5206
4836
4376
9055
6826
7463
9065
3245
6532
5970
4087
1547
8040
6787
8199
2767
7818
7597
8171
7978
9196
2135
1800
2974
5948
446
4436
6998
5203
7041
9110
8121
1764
4738
9322
6931
6762
283
3935
7717
6785
471
8214
231
5310
5746
7209
336
6741
4018
9147
8747
7510
2308
1806
1189
4012
1331
1696
6783
6497
4104
3987
260
4616
2121
1400
4670
2735
1163
6521
1423
2243
6667
6990
3944
6763
5611
404
1015
7562
2291
5503
2960
1963
3354
5568
9050
439
9154
7633
688
8890
5103
3054
2260
2027
6703
3557
8427
2799
3168
2284
1934
6507
7897
2238
2943
3869
414
7838
1382
4962
6010
5363
1983
4077
1833
3583
4044
1109
1295
386
5481
311
7901
3066
1894
7819
1911
2710
1905
2447
8490
5995
9178
9179
2448
6740
4904
4903
2449
7082
5539
5538
7083
4418
7461
4373
5813
4374
6992
5814
4369
5450
9048
5459
9324
4385
9224
5461
7186
9321
2874
5451
4688
5454
3149
2928
6753
4424
5577
9268
5458
9047
3455
3127
9328
4289
5366
9269
8189
7906
7848
5463
9218
9222
1903
9278
5455
9228
9325
5270
3448
5269
4388
5456
5452
8806
9219
5267
9211
3451
5457
7205
5162
7211
9323
2929
8741
9334
6752
5724
5579
3452
9327
5464
4687
4425
6995
5163
7914
7450
5268
5058
3461
8795
9279
5723
3454
3475
7804
3453
9221
