6112
6336
8621
1022
7691
1631
116
7462
8725
2581
4786
5778
8289
927
5872
7139
3592
113
6913
4851
5237
5685
4260
4482
9027
4379
1639
6212
8647
6236
8441
5776
561
115
5648
5545
3634
1138
5548
7660
4879
3624
299
5717
1479
5417
5807
1097
4960
596
9167
3476
7835
3705
4021
4001
4003
4463
169
4184
9025
4185
143
3784
8998
7938
1991
3864
1733
2923
6829
701
683
1831
2404
2741
5972
103
2766
3986
6673
1602
2490
7355
1812
2267
6544
4752
3776
6511
731
5866
563
7731
1105
4238
1444
8807
7298
8760
4131
5207
1065
8562
3992
4024
6765
6105
6922
7898
4135
6574
1551
998
6565
8927
3875
2931
487
4451
368
3493
7338
3494
2966
7840
7827
3300
6549
7236
6691
807
516
9311
8420
5425
2643
6696
6072
5979
2622
3261
8953
7866
2492
359
2642
7452
759
36
4350
9199
1889
1908
1968
4114
5584
5211
1542
3200
5619
5953
8849
7294
6539
1006
5352
4571
2319
4217
4976
902
2651
3299
3398
982
2428
7057
4449
2110
3901
4127
8234
7066
1289
2995
3556
585
7032
5516
5230
6658
5823
4948
7058
9191
9144
3379
2323
4833
3178
6548
7501
343
8397
8611
4845
6250
163
5168
2040
5339
8567
6151
8507
3970
9146
2068
5028
7492
2815
3814
4305
5678
4132
545
4556
238
1260
4632
4313
380
5447
8943
6130
4314
6531
3292
5469
7643
8619
5192
3537
8058
7526
8711
1949
1732
6702
7012
328
306
3134
5761
3703
44
695
7672
5224
9215
5443
7177
354
1418
7810
9002
5759
7226
9160
7249
2936
6287
385
2738
3636
9033
2246
2680
6940
4310
2054
9250
9080
4568
5586
4469
2038
7900
3319
9079
1054
4751
7931
4349
5299
5025
7932
5738
4590
4020
2488
3372
6500
4652
1964
2031
4588
3232
5782
2904
7200
5435
7579
798
3646
4359
5975
376
7821
3185
2133
6248
5996
7974
5442
8336
6328
4946
2954
1932
4787
2579
5610
6480
3792
6717
6730
3547
6845
8993
1052
2235
8356
8818
572
1180
5348
941
6422
3217
1310
9177
1419
2283
1212
6277
7806
6149
718
8763
4759
3145
5981
1881
5799
6947
2631
318
6132
1736
2907
7816
4304
2760
7779
7732
7642
711
539
7440
1913
5480
5570
8594
8772
4654
6128
6183
2142
1695
3981
217
1063
221
2006
7164
6951
5309
3498
6661
8165
5169
3852
7070
5702
4344
6648
5795
2659
353
5444
6968
2755
6006
5865
8740
7856
5841
836
8897
0
6049
1837
6831
5773
3587
2163
7953
853
5553
5133
1931
4622
4891
5722
6596
71
379
4506
4370
3344
4254
8767
1726
5438
2290
3146
3389
3885
2621
4116
5389
7222
8595
2236
1468
9249
8270
4757
4502
4703
9034
2619
5022
9158
6540
1466
3036
9246
4308
4363
4647
4470
2511
1311
6560
9217
4822
3982
5896
6655
2846
141
1887
6567
8921
4671
6052
7349
5034
5383
3818
8414
8159
5081
8571
9135
4361
4073
9142
3989
4490
4923
5477
712
2230
7166
1470
4212
2152
1795
3812
1219
1538
3029
6481
9042
7775
7715
9061
3950
7046
7808
2979
252
8504
26
2489
4137
229
6490
9016
338
8335
9063
641
4581
5420
2840
3463
7231
7619
1755
165
1471
1981
6073
3045
4182
7607
4414
6553
5624
2123
723
6932
2222
4138
1594
3569
393
7940
8004
6759
5393
1107
878
9309
7576
5250
1759
2015
571
3921
7080
2160
1355
8583
4085
4644
9165
4550
7826
8602
9257
6083
3374
3653
7344
470
7245
3998
7433
1988
8168
6143
5205
8718
1703
7729
8655
7783
9098
6491
3525
6542
9186
9074
4933
9035
2057
6273
2048
619
2499
1162
3694
2194
1940
840
1324
9078
2272
7434
407
2004
7887
926
1544
2282
1124
1028
5735
5080
2852
8842
9188
3637
1066
9008
5977
5044
2064
4973
382
1724
3368
3250
4300
167
5350
2635
7828
8506
3847
3676
1184
5020
1888
5433
4641
8909
228
4801
8085
643
3696
2920
3849
4215
1120
5490
296
2306
3742
4819
6153
7498
7108
6429
3031
7505
7652
4027
1799
8577
4969
2025
4026
5732
1415
4940
7152
538
706
3375
1789
4997
6133
7593
1702
6082
2359
5470
2807
5621
9241
4111
5492
6729
4577
106
3774
4610
9003
9292
6262
2245
3460
1557
2658
5769
6985
7065
7990
1540
2251
4965
7168
3976
7179
5016
6828
9071
8115
7628
7110
7513
835
4078
2322
3881
4945
6837
3135
8044
3741
7042
5225
4747
1896
1834
8009
6420
7987
8815
3198
8008
194
6251
3303
395
3600
4631
6230
2219
7583
3904
9004
6942
8051
2981
6182
1699
6189
5197
7893
3283
2942
614
4102
7362
1786
400
1440
3873
6322
6285
8696
454
9093
246
5895
6863
4302
255
3223
7852
710
6103
5809
5882
4974
2806
3744
8665
8918
1076
9248
4755
5500
6854
6172
3378
4492
5529
5476
3846
1391
383
3883
2648
4599
4413
2464
8519
1839
7257
5375
6852
6764
5182
8914
3015
4562
8601
7862
7849
6737
2468
27
3840
7341
4996
8564
3788
6138
4442
757
4464
1170
19
6584
2067
2486
1737
301
4742
6857
8458
1526
5345
4423
6246
1057
3997
2041
5830
6031
783
3293
2501
696
5429
5762
7342
1329
7895
381
8362
4734
3526
2039
4142
5084
875
5275
3052
7509
8908
4834
1543
3719
8101
3133
6150
3316
4089
4629
2209
7648
8765
802
153
4639
3657
6482
9320
3294
2617
5052
3227
7170
6716
178
2703
954
3254
2262
5743
6978
7489
7474
2740
2233
1491
8814
2358
1164
9259
4518
7343
5748
3897
923
5967
2677
3503
1202
4966
1836
1962
9096
9064
977
1464
8064
1309
259
8122
224
6152
7523
6766
9214
9312
8325
4630
408
9067
2514
8568
2324
3136
3530
7878
7308
2065
4453
371
7219
5171
8642
1603
8339
235
1133
7035
8653
989
4569
9092
1743
9086
4342
7646
5430
6944
610
1448
4696
6156
4386
994
2112
8011
8276
8999
4956
2795
7553
9083
3184
5784
612
1365
6848
575
5213
2175
351
2656
5150
9255
7735
4097
8674
4235
5998
6488
537
7486
6245
5436
5679
1004
8586
5087
1878
4926
3197
7757
8249
6502
990
2770
2751
6426
6839
884
3871
9212
4179
5316
4457
2480
4100
4395
7890
5468
7302
5862
1803
3171
8591
7053
4489
2921
8555
1984
895
8949
1305
738
7606
3042
1325
3167
3340
3689
4421
7150
8685
3147
3308
2014
3573
3880
4045
2069
6051
702
6664
8418
2454
6181
3605
7172
5031
4589
6586
8334
7504
3759
1890
5085
2161
1191
256
3610
7079
3427
4071
7323
7263
7444
4311
8120
4582
4869
5493
7099
30
7919
7261
7449
3613
3196
841
6185
3088
409
1343
5471
6134
8359
4061
1979
1517
8652
4006
6137
6996
2926
5798
1128
3341
4479
5175
5174
3736
8380
1514
1058
4586
3044
1822
6851
2601
4608
8922
6659
3859
307
3650
4366
4824
461
1933
2055
7844
8838
5672
6543
5252
1601
3218
713
4022
4419
6708
397
5057
1729
6573
4729
4080
1034
5598
329
922
8823
9038
8437
128
8851
8865
3056
468
7052
7767
2162
6566
8610
8687
4008
3640
7601
6017
7071
3614
6084
6924
375
22
1541
451
4521
179
1396
3876
5824
426
1157
4859
3110
3323
9104
858
6719
6428
4495
2141
3984
4299
5821
6581
7781
8944
3085
2114
5355
1461
3301
422
7000
4820
5790
1379
7536
8736
5241
1698
1294
196
8680
4658
4144
8639
3677
6520
3760
6001
5478
8057
5018
6844
3111
8802
867
7843
573
2278
6801
7629
1571
8677
3833
7820
2033
6526
3884
8706
6284
5873
5718
8576
3589
5839
8729
6053
6365
5142
1389
570
4614
5533
2821
4060
4902
6842
5446
1277
4303
2836
1014
7822
1047
5881
1462
1730
4567
7499
8867
1304
3669
9192
8177
6710
1210
3911
3315
6180
5341
4394
8337
6969
5715
1742
2782
9195
4890
8014
3353
7475
2193
4843
4653
6957
8959
6529
3457
5274
6154
5561
9318
1758
6503
7678
4327
3236
8575
3155
4707
1494
3174
3752
6050
6483
8003
9175
4674
6166
7165
5413
3990
1778
7500
8304
1395
4315
3364
242
5763
1036
249
2430
8131
411
2045
8065
9052
7507
5616
2980
4328
2354
1700
6736
8212
3959
5677
7545
6859
3659
6770
1106
8846
956
2050
8099
8053
9293
9307
1069
2708
3923
5780
2512
429
5582
493
4972
445
617
4459
5157
5300
1031
2495
7586
1534
1919
535
177
1838
2159
4099
5172
8540
3115
3087
3488
5834
2007
43
1779
2023
2429
9006
436
4214
3693
5426
6767
7490
2859
5035
5372
925
3253
4093
7588
8049
5894
8745
2941
725
2355
1975
5623
1957
6141
5670
7326
8262
951
7183
2388
4698
5681
3162
1167
5227
776
5010
3574
5102
2281
305
4628
9119
8746
4889
6569
1175
102
8940
2479
5566
53
1918
6786
6861
2771
7467
975
3543
7584
9299
7328
4761
7543
304
4623
7839
2139
1953
7590
7428
6162
1946
6260
5676
7171
2387
154
6004
2165
9018
8323
616
3995
8952
1533
213
3675
7456
7556
4195
907
2248
4594
1017
7446
3304
3867
4802
9156
4621
1818
6742
1593
7235
5303
5633
1100
8047
1460
6714
212
401
7107
8301
2720
4583
2757
4236
1282
5273
2149
8484
8119
7167
737
5076
6598
5382
2650
3421
1954
1172
1941
6136
7274
2256
4928
4410
4579
1061
486
862
3435
1465
8512
6806
272
6008
88
5662
3555
2812
6282
4477
1445
6939
1564
8590
7374
4213
5713
5864
326
402
464
1951
8180
3459
7478
2389
1798
3673
1635
5671
412
7575
685
4760
4275
8960
3355
3999
7157
7741
6850
1943
6769
7330
778
2644
1441
1723
2144
2776
367
8839
5353
4158
8857
1286
6755
5125
5097
7020
586
784
7078
1851
8911
8824
7639
4316
5086
2624
9183
5089
8475
7554
6297
2058
7650
7634
7121
2485
2241
7713
4352
2409
2745
5124
5201
6556
9091
3945
5257
2192
6131
4625
5498
3720
8261
3939
5576
6713
8472
991
8068
1029
7506
2575
2990
583
6715
8235
4970
3338
9014
1193
1384
6368
8604
3564
1937
2481
721
3958
6551
7980
5385
319
2357
8910
8693
1204
489
4827
8024
6427
3895
89
9068
8067
1111
9251
5719
9143
5537
5365
1840
4456
1169
9140
6003
2439
347
2103
9073
8169
3687
3305
4416
332
2909
3839
6509
1296
7770
1880
4075
6498
4883
6580
5007
8470
2571
513
7049
7363
3532
8456
297
8841
714
2320
1101
7275
3336
7782
181
3841
427
8324
4284
7297
7577
9148
2446
976
1108
2681
3237
377
5969
9209
7178
6175
2126
7491
6640
6077
2221
2780
4094
6161
3203
3848
980
2270
3672
7203
2718
1714
3474
3851
4224
4106
9036
4592
693
1328
3309
2629
7886
4417
8941
5019
6732
7296
1405
8374
443
9099
5190
4177
9310
7747
4348
7197
4844
5609
4345
29
3332
4107
346
2577
3941
8252
3790
7459
6164
582
5040
7645
3882
4034
4701
8757
8801
8907
1823
4528
4746
9234
3866
9245
1366
859
1959
6967
7163
5229
4736
8738
33
357
7262
4448
6796
6793
7340
1417
2678
223
5771
3170
8061
2935
8263
1276
6258
3922
7525
7573
3445
3478
6570
216
2797
7542
5370
9302
236
4532
1716
1583
3783
6367
7603
3469
1176
150
7031
4375
8840
5634
6945
705
3442
7148
6249
8713
8599
6756
5920
7837
7479
7229
1797
5272
8945
5439
5833
6930
8852
8278
2444
7496
8063
248
3894
4585
1982
6651
7511
7524
9258
3979
7592
965
4750
6155
31
7613
195
644
9005
1040
7785
5820
8830
3843
491
7153
1761
3423
5474
5876
7252
1739
6647
5198
7366
2774
3179
2211
8845
6600
399
6810
2101
1335
7734
4000
7154
5013
4225
3817
1877
9161
6991
3390
1892
7753
7909
6229
9314
1436
3879
6849
8535
7910
7916
6158
7361
6430
6146
7385
3765
5099
8046
4043
2361
7915
9149
1717
1018
7485
3339
4648
7988
864
3874
7280
6191
8388
4323
4324
2232
7228
7813
6187
6678
3177
3534
4953
4402
6319
4618
2268
8580
2195
1559
2484
7188
1977
3238
6496
110
3247
7541
924
4487
2285
91
1166
162
5185
7933
4743
1627
7259
8620
8525
9011
4700
1824
8299
4558
8112
6170
2778
5170
1443
6030
2280
9137
4337
2809
2445
4951
6853
1572
3215
2249
6515
1337
8328
4117
5441
3230
7225
6953
348
3639
5739
1550
6833
8056
5217
4572
4032
8307
7609
6578
3233
8178
4486
4952
4427
4876
9166
3107
2772
3371
6518
6327
854
1912
9032
1059
6547
5781
6926
4390
4318
5803
736
3561
6554
5045
7386
9081
2034
4955
2701
7758
7176
9205
2276
3803
8054
7946
295
1843
1629
7768
3663
9285
2513
3656
4529
6366
5758
7870
7101
6555
9256
4578
5880
861
8273
4685
5165
2035
7224
4447
3815
5038
253
3658
2252
2143
6135
4655
7800
1173
5618
2822
7503
1974
2496
4772
5164
4105
2138
2864
3924
4882
1585
5528
5730
3175
3899
2752
4028
2113
5411
293
2647
8879
6653
503
2150
4645
2257
4627
2277
986
370
4697
8712
4804
4881
1182
6650
2814
7567
3084
3888
6537
17
3531
1037
5263
1393
5575
214
1439
5011
5173
4098
1132
7352
2390
1772
3853
940
6572
8877
5041
7448
620
4294
72
7920
4597
3697
1895
3462
2616
3978
7846
7780
428
6559
8326
5980
7888
3331
8118
7899
615
8322
8460
5100
8350
7594
5082
8150
1986
1909
2145
3501
5056
2702
8135
8385
8574
720
8893
1978
1816
9097
8006
4222
686
1377
611
4808
1536
4096
3891
4884
4615
5560
5589
3514
6169
1414
3244
1490
7100
3588
2266
6800
6318
263
5191
289
9319
6011
7632
7305
3523
7304
8881
4005
2214
6925
4136
974
7952
2783
8086
6568
2021
4727
4826
7674
1600
5078
2949
6541
5740
4679
3591
4434
398
983
7544
4570
465
7206
8737
2356
4959
3599
2168
1420
5897
8422
4023
2739
8797
8951
8181
1809
5682
4309
6929
2742
1503
5094
4600
5216
646
8773
4076
3746
47
4602
4129
363
6417
2779
9046
3154
7620
966
2052
8344
7199
4412
8882
2463
339
4821
7555
6558
5258
4205
6735
3850
758
1907
872
1961
1904
4433
5159
8664
1016
6513
5364
7480
9313
716
6843
2292
4329
1035
8593
3404
5212
1342
3690
6797
8863
3352
1628
24
135
3314
8650
906
7126
1387
7458
5591
1960
7522
4607
4921
2623
6268
1326
1357
6493
5892
576
5559
8843
7892
6086
4612
7427
9094
7050
8382
2227
5990
5810
3581
7279
6188
7859
3549
7918
2022
9066
2500
6561
5127
8095
5569
8605
3491
9213
6997
4735
4372
6662
1129
7559
2261
6590
5893
3125
1469
1181
7515
5563
6324
3113
3638
7551
3506
5138
4069
7198
7560
4473
1741
4672
8748
8874
3804
3678
2240
5716
42
5176
8464
1038
2993
9072
32
2808
4125
448
152
5431
6178
793
3444
4963
6954
3014
286
1948
3057
6176
7106
6683
1281
8799
7635
9289
6294
5054
7884
8730
4013
7950
1971
2900
1553
472
3865
7796
6937
4591
8098
5208
5687
7149
7005
2773
3112
9185
5101
8469
4678
4860
700
5527
9194
2639
1177
4282
6492
5029
5123
7230
2104
6731
2717
2043
9059
1394
5515
6706
3651
9105
8463
1916
1125
3322
5307
4547
7293
4619
4058
2781
5734
8844
8671
6743
2626
2516
258
5249
6186
7958
4732
7508
215
5036
5228
647
4657
5088
4381
6495
5033
317
3842
2178
7187
7112
3991
7441
7673
2902
6982
6652
298
327
2016
5002
6768
5583
3270
857
4676
4675
2164
8360
6709
8143
365
4062
4527
9009
6228
5818
9305
55
8870
6649
5158
6693
8666
7527
3082
6145
9107
1165
1993
4611
7589
5386
1561
8805
5963
3681
2037
4968
7451
7466
3977
362
9225
7068
794
1348
7736
444
6081
2026
2641
3150
3785
6485
2869
4775
6505
4118
3213
3668
5347
3376
6190
3342
2237
5178
5567
5952
6919
8539
6822
5264
3288
5962
4656
2073
1043
2922
5260
3789
7571
2047
3369
5517
8386
1442
2191
7375
1891
4123
2789
5305
7248
992
7612
104
9290
4160
4633
742
7714
4555
6657
1214
3754
6080
4593
3018
2294
7701
9301
7069
4513
6243
4010
4561
7354
5012
3489
4888
1584
1969
6804
2775
7306
6506
9306
7740
953
6725
1539
138
257
335
7060
8994
6807
2102
9207
4411
457
8037
4932
3679
8794
495
8432
37
6535
8219
1928
8996
7610
6656
2070
176
514
1796
6838
2462
230
569
4637
4420
2863
3807
447
2005
3297
8858
1926
1156
1787
5039
7002
151
142
7067
3761
2764
5494
7371
6704
3734
6938
9117
6750
9077
2679
7623
2478
4007
5772
6416
8348
6546
6934
7908
4748
7944
3660
170
7460
6663
396
7256
3500
5585
8343
3176
5160
3701
9021
7221
1216
2318
8923
7621
8514
9010
1972
1715
5661
565
8946
3718
1560
1467
6173
7641
4677
4400
2620
2719
8995
6644
5744
2952
7568
5368
3310
4440
1513
8034
3035
5042
7161
1084
6672
6550
8379
9141
7752
3739
4771
4828
7073
6952
7283
3496
3969
4565
920
1830
1930
6677
6825
7454
7521
240
946
6711
3242
2627
4929
5006
3202
2295
2124
5405
7464
1820
4398
6994
6920
261
987
3109
4338
7774
5122
8396
6712
8161
7595
6419
4432
4749
6076
1161
8217
3688
969
1160
3243
3173
4979
9288
6860
6171
225
5143
313
8327
7626
4401
6794
5043
6830
4452
3980
1604
5875
4635
3329
1989
1893
51
8875
4134
6688
5615
3652
1769
1171
6563
340
3256
5371
3405
1734
8638
1103
6809
3055
3683
4893
6499
4467
5195
7014
38
1595
2709
3800
1980
8775
6587
6263
5219
282
309
2253
4092
18
7570
4081
2515
6278
6184
5215
6720
250
7250
639
3567
7841
2636
8446
5703
8609
1253
6701
7930
6317
4110
4088
7975
9132
6054
3412
4079
6754
6950
3028
3877
7614
2223
239
4745
2640
5556
6690
1825
4157
314
4682
8825
1003
8093
7215
366
4640
5475
4985
5625
7307
2003
218
1500
2293
1847
5032
2147
6692
3926
4112
9304
6726
2630
2882
1178
1151
7233
6533
4113
2423
4343
5800
970
1009
6423
3126
1201
5620
5701
8050
5023
5079
5572
1392
8534
2269
8538
449
2722
4605
7356
6781
8537
2259
6545
8100
8395
2258
5108
8683
8296
2177
8264
957
3647
515
8363
3108
1001
5574
4319
945
5714
4871
1852
8856
8878
369
9230
5304
7266
2309
4683
2255
6159
4651
2029
4341
5794
7151
7359
5554
8876
6290
5373
2950
6772
8997
2307
8515
4033
6487
6595
45
2166
460
364
6980
8221
4108
5381
4649
5096
5095
5030
984
5222
241
5707
9227
544
4109
7771
3671
9270
8565
5956
5479
1994
2461
5552
389
2762
4763
3499
7599
4488
3241
4496
7006
7265
4563
5349
8433
9200
3878
462
6846
9040
6798
5179
546
8114
7216
6276
1495
494
5434
3972
6855
1546
1718
6009
2042
251
3330
3797
394
7814
4689
4156
9054
7332
7811
1119
5531
6782
5210
2633
7924
4624
2310
7455
781
6343
2578
4124
5193
5251
4460
7923
9106
796
2482
2749
6734
4825
390
7611
7484
955
579
8915
7227
4604
1535
5428
1955
8233
2645
2167
6484
3855
1502
2973
4829
3966
6960
5891
8948
5324
4396
2823
7348
7347
310
4255
203
5976
1121
6034
39
5961
5507
5785
1463
7339
1575
7801
5445
5951
999
3786
6536
3524
3528
4508
6674
2939
4598
1152
3296
8202
1552
4699
1879
488
2274
433
5587
7971
8331
7476
7282
1570
6489
7351
6921
542
7855
92
6517
733
4954
2842
5968
9239
5501
3745
4437
1586
7273
5265
7917
7061
1580
618
435
8770
2421
3870
8308
2605
2934
9240
7585
7738
2843
4298
6579
7716
1174
4306
4312
7243
2768
4143
8479
5555
7578
1936
8130
8062
8719
7502
8268
5760
6695
5565
9226
4870
4507
3160
4835
2465
4422
7867
5015
6660
5354
5351
7184
6280
1327
2906
8292
2466
5167
8142
1910
2930
2494
7384
5727
1735
5518
2491
5183
6562
4947
3692
6129
384
5209
543
5394
7776
5055
281
8436
6323
7631
8903
3735
5301
3975
105
5098
9317
4346
3993
2151
308
7582
8191
1056
7465
6564
512
2754
566
7360
1757
8035
2296
3551
1053
1537
8557
3490
9267
5473
7136
6670
3974
5958
1217
9118
1259
2317
2467
6665
6244
2140
5126
547
4120
4307
1725
2737
6286
1756
1701
3492
3717
5802
1005
4101
21
2576
4650
1030
2844
8913
341
4083
3380
3829
4779
4216
8528
3641
4606
2769
1545
8850
4971
5489
2008
4564
8682
7784
5768
438
2765
6298
2502
5166
5805
4126
7234
9243
2940
9053
5026
2820
3925
1383
7861
968
5395
4347
8144
6527
8597
7327
1422
244
7013
54
7970
5742
3464
4823
8588
2938
8803
1555
1380
6144
7370
1995
2602
985
8785
8480
1927
3771
1032
5726
2731
3313
6727
8793
2721
7937
1168
4472
9017
6421
3584
2810
6033
638
6749
981
7160
7845
7911
568
4133
8894
2263
4925
8888
6728
6597
4930
580
5825
4839
166
74
7284
6140
2229
5466
7105
8192
2632
7638
9308
8530
4643
4322
6510
403
7973
8529
2788
4202
237
2305
5628
7281
6476
7935
2850
4016
4576
6827
6321
1942
2750
6106
4371
4399
3465
5499
6231
5745
1801
5337
4468
3900
5588
3858
243
6583
5374
2250
4426
492
2311
8305
3662
5338
7488
3890
5005
4680
9116
4397
5999
587
83
3566
2134
8942
6601
4015
7690
8947
1067
7945
2053
2493
6669
4351
7473
6147
7175
5196
2657
3497
3161
7528
2239
5991
7681
2440
5189
2959
2044
2046
5318
2763
4301
2213
2933
4121
7889
5323
1055
3857
6078
5134
6645
9138
680
4446
7943
3887
2321
4914
8511
1218
5508
2603
6802
2947
5971
6552
782
7435
8357
6139
1136
1473
5008
3585
8808
8351
4017
2969
4406
1050
1104
8408
5879
2452
8859
4444
5003
155
1917
7135
2242
4566
834
1746
795
3548
2036
4046
6979
2413
8170
1817
529
7220
5130
4831
2613
6761
7482
909
2146
4595
5340
6283
2615
7421
1002
2991
8992
645
4115
373
8598
3896
5987
1815
1548
2573
4095
5766
1301
7258
8048
7598
2847
1996
1956
7596
7134
5804
1203
9202
168
5898
4014
3346
3041
5558
4339
3234
1738
2604
5590
8005
372
378
6299
3235
8043
3086
3983
6949
2176
6494
3856
350
7021
7679
528
7432
7602
482
8015
3542
2612
5053
6227
3598
7276
9216
4278
4059
8134
5109
4494
7640
180
1123
6320
4601
1135
7788
1992
8069
6160
35
2865
46
3952
6418
2510
5783
20
3816
5204
4122
4103
7756
777
3550
5440
4070
7331
3743
9206
3828
23
41
234
7622
8832
4626
5266
1967
1150
90
822
3169
6771
498
4967
5580
7581
7680
4728
1064
3106
6266
4415
9294
5597
7059
197
7218
6948
4234
4485
4019
3370
6085
5427
4545
3633
8145
5221
1388
7471
7156
6989
1190
6832
4387
7469
2910
4526
5187
2410
9223
6247
8612
6523
7253
5874
5448
7957
1130
7054
3516
5797
1000
4336
9090
7255
6522
6760
4803
374
8686
3985
7045
7851
6671
7857
7072
5027
8950
5617
6174
5184
3733
2924
352
2148
3359
220
3994
9013
9220
4155
1110
785
4250
52
4634
9037
8036
2483
7232
8675
8836
5346
6104
1515
4603
7894
5144
2628
440
3586
3083
4830
7762
1134
7850
2866
4011
8751
4776
7102
2032
5017
2051
9019
2759
4892
5491
5504
1060
7064
709
578
4320
7649
5344
7512
7865
6689
6557
5955
8566
6943
434
6179
9300
7947
5789
6538
9134
5075
5161
948
7516
3302
7146
355
3854
2827
2574
3183
4287
1722
7277
3860
3443
3298
8364
2360
5093
6325
4230
4443
2625
3936
4475
8556
8585
896
4297
6718
2279
1283
6805
2811
7383
8306
3153
2153
2618
2441
8092
5255
8124
9247
5530
8175
1832
3892
3862
640
2127
4196
3495
7217
5206
4836
4376
9055
6826
7463
9065
3245
6532
5970
4087
8040
6787
8199
2767
7818
7597
8171
7978
9196
1800
2974
5948
446
4436
5203
7041
9110
8121
1764
4738
9322
6931
6762
283
3935
7717
6785
471
8214
231
5746
7209
336
6741
4018
9147
7510
2308
1806
1189
4012
1331
1696
6783
6497
4104
3987
260
4616
2121
1400
4670
2735
1163
6521
2243
6667
3944
6763
404
1015
7562
2291
5503
2960
3354
5568
9050
439
9154
7633
688
8890
5103
3054
2260
2027
6703
3557
8427
2799
3168
2284
1934
6507
2238
2943
3869
414
7838
1382
4962
6010
5363
1983
4077
1833
3583
4044
1109
1295
5481
311
7901
3066
1894
7819
1911
2710
1905
2447
5995
9178
9179
4904
4903
