2338
2988
2825
2218
2819
8781
8688
4794
2744
2081
1459
4895
3129
8476
4270
753
2208
8127
768
3535
1088
6390
3757
2217
9136
6271
7285
3781
903
8522
2529
1089
4498
4874
3158
7397
3119
4274
1814
7405
1773
846
3481
6384
655
3409
8019
7403
8891
3280
7404
1367
6118
7182
7141
3335
5449
3467
8430
3479
1209
2432
2017
424
9152
6388
452
7669
3143
3410
1398
799
6632
8271
3094
780
6738
5924
6401
6594
6340
2588
1606
3121
7310
3325
6972
3540
7948
8365
2059
8162
3725
7118
277
656
1609
6396
2550
8133
820
3152
1199
6407
7097
7119
1924
2418
6116
3279
2339
1238
2707
325
5357
548
4894
2000
6409
1523
2341
490
2962
4539
8027
1524
3137
8445
2117
7651
649
727
8229
499
8817
423
4541
7420
4911
8820
8670
3383
6723
1763
2396
3318
8200
1041
9253
3142
1255
82
9153
3558
6374
4146
8383
3731
8222
1813
276
2077
1195
7989
2607
7807
7934
8486
2564
1370
8026
7546
3034
1372
4382
3038
5485
7984
8819
7103
6638
7962
879
6745
1033
3013
1590
416
911
3140
760
3357
5837
7939
199
3384
7703
7967
979
2867
767
421
963
939
8029
7127
5232
5379
828
3934
1347
211
1528
3727
3386
4847
8405
8417
7116
2436
5725
792
2525
5402
8509
7961
275
5932
2568
323
1221
8236
2897
7311
2608
6817
541
804
1527
8030
8520
650
232
1810
1777
3164
7117
6371
624
1158
466
6393
8754
5944
6634
910
626
1075
8906
156
3845
201
7430
3102
5140
7438
1530
5071
805
5288
5074
4240
2984
1267
7124
1194
209
8246
6637
3394
2985
6835
2785
6376
69
550
8829
3166
4853
9181
7858
634
890
6373
4872
205
2611
2528
2549
2861
4208
1588
7985
3628
549
1811
2401
4797
7419
7670
5141
206
888
425
2961
8762
1086
7696
1808
8377
817
7268
6117
2829
2970
633
67
8444
8901
2987
6385
6946
6342
607
1897
766
3466
665
3328
315
8616
2756
5065
8443
1899
7686
3116
7960
8294
2337
8831
4200
7657
8295
5949
7426
6267
5408
821
160
6790
2419
184
1578
8286
320
322
5631
182
3099
3738
2119
1299
8285
2416
3597
7122
3226
8187
668
2851
871
8244
8833
321
605
183
8409
6379
1185
1611
5752
175
8467
7968
880
887
521
4792
157
823
5993
3608
8342
7315
287
3596
1356
7823
2226
324
6956
2873
8225
9298
608
3347
5240
3022
1345
8625
5928
636
4201
3123
6408
120
200
7658
5000
4862
2999
8354
4898
3290
2856
635
1341
8761
1902
485
1807
274
4660
6635
8424
6722
1587
3446
2551
6963
3399
657
4292
8523
3023
7123
7689
5415
1046
5070
6818
5791
6389
5923
3278
3917
6402
3782
4706
7316
1149
3139
7322
4789
2061
3138
7382
845
3321
6411
7692
3836
1188
8257
1239
812
2787
962
3961
3373
882
1645
7654
4231
4774
3822
1922
7749
3919
4908
8197
5483
66
1240
2075
8013
2344
3468
8779
5484
8368
280
1612
2801
8407
5326
1783
8517
4497
9133
6375
8684
4533
2115
3101
2828
2340
1791
8207
8186
8872
5943
6958
2206
9151
8485
6404
8341
809
8298
8453
204
904
667
5410
3601
1615
5984
4277
3077
431
648
1826
6774
3117
4253
7905
1568
8245
2062
730
3758
8303
7966
7290
5333
3724
3762
3824
5112
1368
670
6380
430
9112
2393
4791
1525
7377
791
8274
8902
2426
8016
8378
8018
3021
4782
8153
432
7317
6977
2587
5755
3076
8691
8883
7964
5147
8500
6955
1794
4798
3933
3098
3327
4377
7860
161
7395
3006
6816
7314
480
8524
288
1375
6119
1531
7400
747
7320
4267
284
2898
3221
630
1338
8220
2207
960
7431
750
7286
669
4773
3210
3306
2932
2610
1358
3017
8410
6398
8646
442
2225
8216
7111
294
5068
3262
2880
6410
2394
1589
2955
8028
1272
4863
5432
9121
2527
4661
6819
3835
4261
959
3520
1373
752
3612
5148
4873
3414
7016
8232
6773
4176
4145
2399
3007
7425
8468
6377
8732
3611
8510
3391
1617
8452
3005
1802
3286
3912
2417
6813
4520
811
3748
2060
2526
744
8025
726
4252
2915
5231
1256
3963
4910
8709
1608
2570
672
2118
3823
2265
724
2913
3151
6370
629
1999
8415
7321
2076
2264
8275
3515
4524
2917
631
6292
2427
1303
5061
654
1510
9164
1401
8531
8681
6394
7011
978
7959
3159
1397
6120
2986
674
8494
4704
3385
3103
6633
5756
1237
2848
7396
3415
6630
8284
2343
8031
3124
988
6378
4912
5922
6392
5294
2586
5921
8501
7312
5059
6631
4206
8854
2552
735
9171
4922
4662
1776
6372
7104
3932
9203
627
5233
905
4546
8697
6820
8340
3821
1406
1425
9184
8381
3805
6576
762
3388
666
8223
637
1614
2498
5486
7965
1793
8769
1901
8272
4897
748
3519
856
3337
5004
4659
7903
4262
8196
870
937
9170
8695
3629
885
1424
2748
7702
1605
5933
9082
3104
7550
4538
739
1678
3827
1762
3590
4510
1618
1827
8521
1607
8694
8461
4512
1198
8423
6971
3834
5753
2833
7655
6391
5936
7726
625
3723
2074
1511
2918
3141
3012
7963
4909
5139
7318
1339
3777
5378
1512
6382
254
7132
2412
1323
6395
8195
935
7379
3381
936
5994
81
164
829
6970
4293
2451
1087
4242
797
8750
1403
6973
8673
7115
6406
4149
3269
7378
2020
4503
7993
673
7287
1819
7677
2569
4263
2945
729
3267
1374
938
8198
4279
3268
2967
262
1258
3838
8669
1519
7313
5409
8230
2565
8442
7902
8017
3798
2116
745
8917
1340
3903
707
913
8426
8297
5935
2914
5356
881
6836
1236
7481
8206
8428
3105
8755
3097
6724
1679
2916
2370
9122
3512
653
632
3434
5073
1369
743
6381
6636
3118
8012
4858
651
8366
8406
7408
8224
1582
628
847
5063
1997
8243
4854
3930
708
3825
8502
6751
7764
9131
919
2078
2435
2830
1300
3616
4515
3092
6403
8919
9150
2497
4899
2397
5754
914
6264
279
70
5325
5072
7676
68
5729
764
912
8416
1613
1569
1775
5482
7319
3826
2567
6405
2392
2860
6293
3615
552
3433
1610
800
5069
7921
9069
604
4896
1529
8672
278
6575
2228
6383
4241
3844
756
3345
4790
3964
3387
5423
9111
1898
4523
8624
5934
3806
2813
2872
8389
863
2019
1774
3246
7429
