167,228,56,52
164,226,52,51
163,227,54,51
162,229,52,48
161,227,52,48
158,225,53,47
156,225,52,43
155,221,51,46
156,218,52,48
152,217,49,47
154,216,47,45
153,213,50,45
153,212,48,46
150,212,51,44
150,211,49,45
149,212,50,47
148,212,49,45
148,212,48,47
147,212,50,47
146,213,49,47
146,217,50,45
145,221,52,48
146,225,48,48
145,232,49,49
146,235,49,49
148,232,49,48
150,229,49,48
155,224,47,50
158,229,47,49
160,227,47,50
167,226,46,53
170,224,48,54
177,223,49,50
187,218,44,54
191,215,45,56
197,214,43,57
204,212,44,57
211,206,45,58
217,204,46,58
222,206,47,59
230,210,44,60
235,210,48,59
242,206,47,55
247,204,48,53
253,201,48,54
257,200,51,57
261,204,52,58
267,208,51,58
270,214,51,53
275,218,49,56
278,223,50,57
282,230,48,54
283,235,49,53
284,242,49,50
287,247,47,51
286,257,47,48
285,265,48,46
284,267,49,48
282,268,47,46
279,265,47,49
277,264,49,47
274,262,45,49
270,263,45,48
265,263,45,47
262,263,43,44
258,262,42,47
253,262,46,44
247,260,47,43
243,256,43,46
240,254,40,45
235,252,39,45
229,249,41,46
224,248,40,48
221,247,42,47
217,245,43,47
214,244,43,48
210,243,47,47
210,241,43,48
209,239,45,46
208,237,47,48
210,235,47,48
211,234,47,47
214,232,47,50
218,233,45,49
219,232,48,49
225,230,47,53
230,229,48,50
239,227,46,48
246,226,45,51
254,226,46,48
262,225,46,47
270,224,48,49
281,224,47,50
292,222,45,49
299,224,46,47
307,224,47,48
319,223,47,47
326,220,47,50
336,217,48,50
343,213,49,51
347,210,51,48
355,207,48,48
361,205,48,51
365,204,50,52
367,203,54,51
371,201,52,49
370,197,55,50
370,192,54,51
368,189,54,52
365,189,55,53
363,194,55,54
358,194,57,56
353,198,56,58
347,202,57,58
340,206,57,58
332,210,54,59
323,212,56,58
314,210,54,56
303,211,50,56
293,211,49,58
285,211,45,58
273,209,47,61
260,206,53,57
254,201,47,55
243,193,52,60
236,188,52,58
228,186,53,57
222,187,54,56
212,190,55,59
203,197,59,61
199,204,55,63
194,213,54,60
191,219,56,57
184,222,53,55
181,222,53,56
177,222,54,54
174,219,53,55
174,219,51,51
175,214,51,53
173,213,50,52
175,209,49,49
174,207,49,51
174,201,48,49
175,190,49,51
176,184,47,50
180,175,44,52
184,171,43,50
187,168,41,49
187,166,44,48
189,163,46,47
191,163,44,46
193,163,44,47
193,165,47,46
196,165,47,49
200,165,47,51
201,165,49,49
204,165,50,49
206,165,53,52
211,168,54,51
214,172,51,55
218,183,52,53
218,189,54,56
224,195,53,56
229,199,57,55
234,199,56,55
240,199,53,54
241,201,58,55
248,201,57,55
254,201,53,56
258,201,56,53
261,198,55,55
265,199,53,52
270,198,49,52
270,198,46,53
270,198,46,53
270,198,46,53
270,198,46,53
270,198,46,53
270,198,46,53
270,198,46,53
270,198,46,53
270,198,46,53
270,198,46,53
270,198,46,53
270,198,46,53
270,198,46,53
161,227,53,58
169,215,61,66
186,210,60,66
205,208,60,69
224,212,60,65
242,216,62,65
258,217,59,67
276,219,58,62
291,217,56,59
305,215,57,58
317,212,52,58
322,209,56,52
327,204,56,52
335,200,53,49
339,198,52,49
341,194,52,48
343,191,50,50
343,188,50,53
343,190,50,50
342,191,49,48
340,193,48,49
338,193,48,49
336,195,49,48
333,196,48,47
330,197,48,48
326,199,48,48
322,199,48,48
317,200,50,48
312,201,49,48
307,203,51,50
299,205,54,51
292,207,51,53
284,212,57,53
277,214,55,60
272,218,55,62
264,217,56,66
256,215,57,66
245,211,63,65
236,203,66,67
229,196,65,64
218,190,68,66
210,184,66,65
203,171,65,73
197,165,63,69
189,158,61,67
182,150,57,67
172,149,62,65
162,150,65,61
163,150,61,61
158,150,63,61
152,148,67,65
148,149,68,67
144,155,67,68
136,167,70,66
136,171,73,69
135,179,70,62
137,185,71,65
139,189,67,65
145,192,68,67
147,193,66,64
155,193,64,56
160,185,62,57
166,174,59,57
172,164,55,58
182,157,48,59
190,151,48,56
193,148,47,54
198,145,47,54
200,143,49,50
205,141,49,50
209,139,46,50
213,140,47,48
214,140,48,47
215,139,49,48
216,139,48,47
219,139,46,48
217,140,48,47
217,140,46,46
213,140,48,47
210,138,51,49
205,138,50,48
204,135,50,50
198,133,49,50
193,130,52,53
188,128,51,55
185,128,50,53
180,124,51,53
173,125,52,51
169,120,54,56
164,117,56,57
160,114,57,57
159,112,59,56
158,108,61,56
160,105,58,55
163,102,59,56
167,97,58,62
174,97,55,59
182,100,52,57
193,98,49,59
202,97,48,60
213,96,46,59
224,97,43,58
234,99,42,54
242,99,45,54
252,99,43,51
260,97,42,52
266,99,42,51
272,99,44,49
277,97,46,49
283,95,45,46
285,94,46,50
287,95,44,44
287,95,45,41
286,94,45,43
283,95,46,42
281,98,47,44
278,99,45,47
271,101,48,48
265,104,45,48
256,109,47,47
246,114,49,45
237,117,48,47
223,118,50,49
207,118,54,50
194,115,54,51
182,116,53,52
165,117,58,53
153,119,53,51
139,121,59,52
126,124,57,53
116,125,57,53
109,127,59,54
104,130,58,52
101,131,66,51
103,130,62,49
108,131,61,51
117,128,56,50
128,130,57,50
138,128,58,48
154,127,56,47
175,125,45,48
189,123,44,49
200,122,46,47
214,123,46,46
226,122,45,45
240,123,44,45
251,123,43,44
260,123,45,44
270,123,43,46
279,125,44,44
286,125,42,43
292,124,41,45
298,127,39,44
300,129,38,43
301,134,38,42
300,136,34,42
296,138,36,45
290,143,36,45
280,146,39,44
271,150,40,46
257,154,45,48
243,159,46,49
227,164,46,48
210,166,48,51
191,169,52,49
173,170,53,51
150,173,57,46
133,174,50,46
116,171,52,49
101,170,49,47
99,171,49,47
87,167,49,49
85,167,50,49
72,167,53,47
62,165,53,49
55,166,51,46
51,167,50,46
48,165,51,50
44,169,55,46
47,170,54,47
47,172,58,48
51,175,57,48
56,177,58,48
63,179,58,47
71,179,56,49
81,179,54,50
92,182,53,46
99,181,53,47
108,182,51,48
119,183,52,47
126,181,51,47
138,181,46,47
145,182,48,49
154,184,46,47
160,185,45,47
166,185,45,47
173,184,43,49
175,187,43,49
178,187,41,52
178,187,42,52
175,188,44,52
174,187,45,53
171,190,45,49
166,189,47,51
162,193,48,50
156,194,50,51
146,195,55,54
139,196,53,55
130,197,53,56
125,199,52,56
121,200,51,57
114,202,50,56
108,204,50,55
101,210,50,50
98,208,50,53
95,211,49,52
92,212,50,48
80,214,60,49
75,214,61,51
77,216,63,49
75,217,68,50
78,218,71,52
77,221,79,51
82,222,79,51
87,225,81,47
102,221,74,49
125,217,55,52
137,219,45,48
143,218,47,46
149,219,46,45
155,219,44,44
160,219,42,43
162,217,43,44
165,215,45,44
167,213,43,45
168,211,39,43
168,210,36,46
169,209,39,45
167,208,40,47
162,207,40,45
160,205,41,45
156,205,41,45
150,204,45,45
144,202,47,47
137,203,45,47
133,202,45,47
128,201,45,48
120,200,46,48
115,198,49,49
101,201,57,44
78,199,72,48
73,197,75,49
73,196,71,50
71,195,69,50
68,194,72,54
65,194,73,52
61,195,75,51
59,194,75,52
52,194,79,52
65,194,68,49
83,193,50,49
89,193,46,48
88,192,49,50
88,193,50,50
89,193,53,50
92,192,52,54
92,193,53,52
96,195,55,52
98,196,57,56
101,200,56,57
103,206,57,56
106,210,57,56
114,214,56,52
120,217,53,50
128,214,49,53
135,213,50,51
144,212,47,49
152,214,42,46
157,213,43,45
162,213,42,46
167,211,39,48
172,211,39,47
177,210,40,47
180,209,41,46
185,208,38,46
186,206,39,46
185,205,38,43
186,203,37,42
183,201,39,41
180,199,41,41
174,197,44,40
172,197,47,41
167,196,47,42
167,195,46,41
162,194,47,42
161,196,48,39
154,195,48,42
145,194,49,42
134,194,47,45
125,195,49,47
115,197,48,47
102,197,46,50
93,196,43,51
78,194,47,56
65,192,48,59
52,190,51,59
37,187,53,59
26,181,57,61
13,179,62,56
13,179,62,56
3,167,63,57
1,163,65,54
-1,156,70,57
0,152,69,60
2,154,71,58
10,154,69,58
26,156,60,60
37,161,58,60
47,171,59,59
60,180,56,56
72,186,53,58
82,189,57,60
93,193,61,58
108,194,58,56
123,191,51,56
136,191,50,56
150,188,50,50
157,184,48,48
167,181,46,48
175,177,46,47
179,173,46,48
184,168,46,46
186,163,45,46
187,159,47,46
186,155,45,47
185,149,44,45
183,142,44,47
180,136,42,48
176,132,44,47
169,129,42,46
161,126,42,46
155,120,45,46
141,113,53,48
132,103,53,51
125,93,50,55
121,81,48,54
107,71,53,52
100,61,53,51
90,54,58,53
82,50,60,54
73,49,63,56
65,53,68,54
63,57,65,53
66,59,64,48
69,62,63,48
80,68,52,45
84,67,54,51
91,72,55,50
101,73,54,50
114,77,50,45
123,79,50,48
134,81,57,46
150,82,53,49
164,83,47,49
178,81,43,51
185,78,46,51
193,75,46,51
199,73,49,50
201,71,53,48
208,70,48,45
213,69,47,44
214,68,46,46
212,65,46,46
212,64,42,48
210,63,41,47
202,65,41,46
191,64,45,49
181,65,49,49
169,62,51,52
154,59,51,51
136,52,56,53
111,46,58,54
90,32,59,62
72,24,63,62
59,12,60,63
42,3,54,59
22,5,59,44
0,1,53,39
0,1,53,39
0,1,53,39
0,1,53,39
0,1,53,39
0,1,53,39
0,1,53,39
0,1,53,39
0,1,53,39
-23,54,44,42
-5,78,39,46
1,96,38,53
1,96,38,53
16,147,48,52
37,176,56,54
54,193,62,62
66,214,69,66
87,230,67,68
109,248,66,62
127,260,59,55
158,271,48,47
174,283,43,37
185,289,42,39
193,298,45,42
206,316,45,41
216,331,41,32
216,331,41,32
216,331,41,32
216,331,41,32
216,331,41,32
216,331,41,32
216,331,41,32
216,331,41,32
216,331,41,32
216,331,41,32
216,331,41,32
216,331,41,32
216,331,41,32
216,331,41,32
216,331,41,32
216,331,41,32
216,331,41,32
216,331,41,32
216,331,41,32
216,331,41,32
216,331,41,32
216,331,41,32
216,331,41,32
216,331,41,32
216,331,41,32
216,331,41,32
216,331,41,32
216,331,41,32
216,331,41,32
216,331,41,32
216,331,41,32
216,331,41,32
216,331,41,32
216,331,41,32
216,331,41,32
216,331,41,32
216,331,41,32
216,331,41,32
216,331,41,32
216,331,41,32
216,331,41,32
216,331,41,32
216,331,41,32
216,331,41,32
206,338,44,22
208,323,41,31
197,308,45,41
192,280,51,50
188,250,57,61
188,231,53,57
189,212,51,52
189,198,52,56
189,187,53,54
189,176,53,59
192,171,50,54
193,163,51,57
195,158,53,57
195,152,51,57
196,150,56,55
202,147,55,55
204,145,54,57
206,148,52,55
209,149,53,57
209,151,54,60
211,155,55,64
210,160,57,63
211,163,54,65
209,170,56,62
206,175,56,65
204,183,56,64
205,191,56,65
200,197,57,69
194,209,62,73
191,221,60,76
182,236,65,72
175,246,65,67
169,257,66,70
158,270,74,64
153,277,72,67
145,284,69,72
139,294,66,64
139,305,60,53
130,316,64,43
136,323,54,35
139,325,49,33
143,330,41,29
141,332,43,26
140,334,44,24
140,334,45,24
142,334,44,23
146,333,43,24
146,332,46,24
148,330,44,25
156,330,41,27
158,328,45,27
164,326,43,30
170,324,42,34
175,323,42,35
177,321,45,36
180,321,48,38
184,319,48,38
191,316,43,42
195,314,43,43
196,312,47,46
202,308,46,47
203,305,49,51
208,302,45,54
212,300,44,55
213,300,45,52
216,296,42,57
215,297,44,54
218,293,40,58
217,291,44,60
214,290,43,59
211,289,44,61
205,289,49,61
201,289,49,63
197,291,50,62
194,292,47,64
190,295,45,63
182,299,47,58
174,303,49,55
167,305,48,53
165,306,48,52
161,306,48,52
157,306,48,51
150,308,49,49
146,308,47,48
141,308,48,50
137,308,49,47
134,305,51,52
134,304,47,52
134,301,47,52
137,298,49,53
139,295,46,50
143,291,44,49
147,289,41,48
155,286,37,45
160,281,39,45
166,277,41,46
173,273,39,45
179,270,39,45
189,265,35,47
193,261,34,47
194,259,41,45
198,262,44,40
206,258,43,41
208,255,46,44
213,256,40,40
218,255,43,42
220,258,40,44
220,259,43,44
222,262,40,46
222,265,43,49
219,271,46,51
214,277,48,55
210,285,49,54
203,291,49,60
198,300,49,55
193,306,48,51
180,315,50,43
166,318,50,41
152,319,46,39
145,319,41,38
123,316,50,41
102,313,53,46
80,309,64,50
63,306,66,48
51,305,67,51
49,304,58,49
9,302,72,54
9,302,72,54
9,302,72,54
9,302,72,54
9,302,72,54
9,302,72,54
9,302,72,54
21,321,72,38
55,326,61,33
58,328,52,27
77,327,41,30
87,327,46,30
101,324,47,32
119,321,52,34
137,316,45,39
159,309,38,43
177,304,37,42
192,295,38,47
201,287,39,47
211,281,43,47
222,272,42,45
233,270,41,42
242,265,39,42
250,262,38,40
259,261,35,39
261,258,38,40
265,256,37,42
266,257,38,42
269,260,36,42
270,262,37,43
268,267,38,44
266,272,40,47
262,279,41,48
255,286,47,48
247,293,47,49
239,297,48,53
226,302,53,53
212,308,56,49
201,309,53,49
196,314,46,46
175,316,52,42
155,311,56,48
140,310,49,48
123,304,58,53
115,298,54,58
105,294,57,59
97,290,61,65
94,287,58,62
94,283,55,58
97,278,54,55
100,273,52,54
110,267,50,53
119,261,48,53
130,257,45,48
141,249,40,49
150,245,41,44
163,239,41,42
174,230,39,42
184,224,39,40
194,213,38,45
206,206,35,42
216,198,35,39
226,190,33,39
233,182,34,40
241,174,35,41
248,166,37,41
255,157,37,43
260,149,37,47
268,143,35,46
273,137,37,47
275,134,40,44
278,130,41,47
282,130,41,49
283,133,41,50
287,135,42,51
286,137,41,51
285,141,42,52
286,141,42,51
283,147,42,51
277,153,43,49
265,155,48,51
252,154,47,53
233,152,51,56
213,154,56,51
200,157,50,52
181,160,50,52
154,167,59,53
130,177,57,52
112,185,55,54
89,192,62,55
74,195,65,58
61,196,65,55
53,195,63,57
48,193,63,57
46,194,60,53
45,192,61,53
44,190,60,56
46,192,60,53
43,198,63,51
46,205,59,50
48,212,62,54
53,220,59,53
56,231,57,53
55,239,64,56
59,249,63,54
72,256,56,58
77,267,59,56
83,276,60,57
91,286,61,56
105,289,56,56
118,292,51,56
129,296,48,54
137,296,49,56
145,298,51,53
159,302,49,52
168,305,48,52
177,306,46,51
187,308,44,48
195,309,41,47
197,311,44,47
200,310,46,47
205,309,47,47
209,306,48,48
215,301,47,50
218,297,53,49
223,293,53,50
234,291,52,51
244,288,49,53
252,289,49,53
261,289,47,61
271,295,49,59
284,301,47,57
293,307,52,52
300,312,53,47
307,312,51,45
311,309,51,49
313,308,51,49
316,307,49,50
311,305,53,51
309,305,53,53
306,305,52,52
299,307,57,50
293,304,56,53
286,303,53,54
271,301,58,55
263,296,55,57
251,296,58,59
242,291,58,63
233,288,58,66
222,284,57,65
213,280,57,65
205,277,56,63
197,275,59,62
193,271,53,63
188,268,49,60
179,266,53,57
171,264,55,54
167,261,50,55
161,261,54,52
155,257,53,54
152,256,52,55
148,253,53,52
144,254,54,52
141,251,54,54
137,251,55,57
138,249,52,57
137,249,51,59
137,249,50,58
138,250,53,58
138,249,49,57
140,248,52,57
142,248,51,56
145,247,50,56
148,246,48,53
151,242,47,56
153,241,46,56
153,241,47,54
155,239,48,55
158,237,45,55
159,235,48,53
157,236,44,54
158,235,43,53
157,234,42,53
155,235,42,51
152,234,43,51
149,232,42,51
145,231,41,52
143,232,41,50
138,231,41,48
136,229,40,50
131,228,41,49
127,227,43,48
122,225,45,49
120,224,43,47
116,224,42,46
114,222,41,46
113,221,43,47
110,221,44,47
111,221,42,46
108,219,43,46
107,220,44,46
105,219,44,44
104,217,43,46
103,217,44,45
104,215,43,47
104,217,42,44
103,216,43,47
106,214,42,51
107,214,42,50
109,214,42,49
111,213,43,51
113,214,42,48
115,213,43,50
119,213,41,51
120,213,41,51
125,213,40,50
128,213,40,53
132,214,40,52
131,215,40,49
134,215,43,50
134,214,44,50
136,212,44,51
136,216,44,51
138,213,44,53
138,216,42,49
136,215,41,50
135,213,42,52
136,213,44,52
135,217,41,47
135,214,40,51
131,217,40,48
130,215,41,50
127,214,40,51
126,214,40,50
123,216,41,48
119,215,41,48
118,215,40,49
116,214,42,50
114,215,43,47
114,217,40,44
113,216,39,46
112,216,40,46
110,217,40,47
113,217,38,45
114,217,38,48
115,218,40,47
116,217,41,47
118,218,40,46
119,217,41,46
120,215,41,47
122,212,41,48
128,210,40,51
130,209,38,50
131,207,41,50
134,204,40,51
134,204,42,49
139,199,39,51
141,196,41,52
142,192,45,52
143,189,48,53
143,187,53,52
150,183,47,52
155,180,49,50
157,175,49,51
160,171,53,54
166,164,52,54
170,158,52,56
178,152,49,57
186,146,52,57
190,143,53,58
195,140,53,57
206,139,49,56
212,137,53,56
222,134,52,58
229,136,51,58
241,135,49,59
247,135,49,60
255,136,52,60
265,137,48,59
271,137,48,58
280,137,47,58
282,140,49,57
287,141,50,57
288,143,49,59
289,147,50,58
290,153,48,57
289,157,45,59
285,161,47,60
280,165,50,58
275,168,50,58
269,171,49,54
258,172,54,55
253,174,50,56
244,173,51,56
236,172,54,56
228,172,54,56
220,169,55,57
214,170,54,55
207,167,53,57
202,168,52,54
198,167,53,53
192,165,53,56
191,165,54,54
190,165,51,55
191,166,57,53
196,164,50,58
198,165,52,60
207,167,49,57
213,169,50,59
220,170,52,60
230,173,54,59
239,178,56,56
253,177,56,60
266,178,53,59
279,180,53,59
290,179,55,60
302,178,56,62
314,179,55,62
329,179,53,62
331,179,56,62
342,178,57,63
343,178,63,61
352,176,58,61
362,180,58,59
367,177,56,61
371,179,54,61
372,176,57,61
377,177,56,61
377,180,58,60
376,180,56,64
373,182,57,63
371,184,56,61
366,189,57,59
364,188,56,61
359,192,54,58
353,193,55,56
342,195,56,54
331,196,57,54
325,196,52,56
318,194,56,58
314,197,54,52
308,194,52,55
303,193,50,55
301,194,52,55
297,193,54,56
295,193,55,54
293,190,54,56
292,191,56,55
290,190,57,56
292,192,55,55
293,190,57,57
296,190,56,59
299,192,57,57
303,193,59,60
309,195,57,61
315,197,58,61
323,198,57,63
331,200,59,59
337,200,60,60
343,199,63,62
351,200,60,61
356,199,57,61
362,203,57,60
367,209,60,59
373,217,57,60
376,218,60,61
381,215,59,59
383,214,61,58
386,214,59,58
387,213,61,57
389,211,60,58
391,209,59,61
389,206,62,56
388,206,60,57
389,200,64,59
386,195,66,63
383,196,66,61
384,200,63,63
383,204,63,66
380,213,67,64
377,220,71,65
377,226,67,65
376,226,66,72
376,227,63,76
369,232,67,75
368,240,67,75
367,245,63,78
363,245,60,79
359,243,58,78
352,240,60,79
349,247,57,79
343,255,61,85
335,277,65,78
329,284,64,73
324,283,60,72
321,278,57,71
318,274,56,70
314,271,53,71
314,268,52,62
311,261,50,64
307,257,49,57
307,254,47,52
304,252,51,52
302,251,53,56
303,251,50,56
301,253,51,54
298,256,53,50
295,258,52,48
294,256,52,50
292,253,53,51
292,244,49,56
287,238,51,55
283,234,50,52
278,232,51,52
274,234,53,50
270,237,52,49
265,242,51,49
260,249,54,53
256,255,54,50
252,257,51,51
249,259,48,50
245,257,49,55
247,254,49,55
248,250,46,56
248,246,47,55
250,241,47,57
253,238,47,55
259,234,48,53
263,230,49,55
271,226,49,56
278,223,49,57
288,222,48,58
294,224,49,58
300,229,55,57
306,233,54,59
309,243,56,54
318,252,55,53
321,261,58,53
324,264,57,56
325,268,56,55
322,268,57,53
321,268,58,53
315,264,59,54
313,262,58,53
304,256,62,52
299,246,57,53
290,241,61,52
271,233,59,50
253,224,61,53
241,214,54,56
229,206,51,58
214,199,55,58
199,195,55,55
180,188,60,56
163,183,61,56
146,180,66,56
140,173,63,59
130,168,60,57
125,158,58,59
122,152,61,56
120,148,61,55
123,144,59,56
127,139,58,56
133,139,60,53
142,137,60,52
150,135,59,54
160,137,63,52
177,137,57,54
192,140,56,54
206,143,52,55
221,149,53,53
234,152,49,52
250,155,52,51
259,158,53,51
272,161,53,51
287,163,49,53
295,166,48,53
301,169,48,56
305,179,49,55
309,190,48,53
312,201,48,54
311,211,48,58
309,225,49,64
303,239,54,65
297,261,55,60
285,276,55,59
267,300,60,53
248,314,56,44
229,323,62,33
216,324,53,30
217,319,49,33
217,319,49,33
217,319,49,33
217,319,49,33
168,336,48,23
158,335,44,21
158,330,45,26
158,327,47,31
163,321,53,37
170,319,50,38
175,315,48,42
189,314,45,41
211,314,54,40
213,306,51,44
231,306,45,43
249,303,42,40
261,300,50,39
287,296,40,41
302,292,43,43
316,289,49,41
331,285,51,43
345,280,52,42
361,278,47,41
376,275,48,42
390,269,47,41
397,266,49,42
402,262,52,43
406,257,51,46
405,255,54,47
402,255,55,48
393,258,58,46
385,259,58,46
372,264,57,43
358,263,54,49
344,261,59,53
324,267,65,51
309,266,58,59
298,264,59,60
269,268,60,56
241,270,51,54
223,265,60,54
210,263,47,55
197,257,52,52
185,251,55,51
179,246,46,51
174,240,45,52
169,238,47,51
170,238,44,47
172,236,43,47
176,239,40,46
182,241,39,47
191,246,38,46
146,264,42,40
208,255,43,44
222,260,41,47
247,265,36,46
259,267,37,46
185,283,35,38
189,287,35,38
197,289,33,38
202,289,31,35
206,288,29,37
206,288,29,37
206,288,29,37
206,288,29,34
206,288,29,34
206,288,29,34
206,288,29,34
192,290,27,30
186,291,29,31
180,292,30,31
172,294,29,33
172,295,29,32
165,296,30,32
164,296,29,33
156,298,31,34
146,298,33,35
137,296,36,38
129,294,39,39
123,292,36,40
117,289,38,38
116,285,35,38
115,281,34,36
116,274,32,36
115,268,36,35
189,242,38,40
184,236,39,43
182,231,42,45
187,228,39,46
190,229,39,44
198,232,38,43
205,235,40,42
218,237,38,41
232,241,37,42
246,246,36,43
261,251,37,42
208,270,36,35
219,275,28,34
223,277,29,35
224,278,28,35
225,281,27,33
223,280,27,35
221,282,26,33
218,282,25,32
211,282,27,31
206,282,25,30
198,282,26,30
189,283,27,28
179,283,28,29
171,284,28,33
159,285,32,32
150,286,32,29
141,289,32,29
133,290,30,28
121,293,35,29
118,291,31,32
116,291,27,31
116,290,22,28
114,289,19,27
115,287,14,24
114,283,13,24
115,278,12,24
116,271,14,26
116,265,18,27
165,243,19,31
156,234,26,35
156,232,34,41
154,228,42,44
154,226,49,46
164,228,48,45
170,230,51,44
176,234,59,44
181,240,70,42
201,245,67,43
236,246,49,45
264,256,40,36
211,270,30,40
214,275,28,36
214,278,28,36
213,281,27,34
213,281,27,33
210,281,26,33
206,280,26,31
203,280,25,28
198,279,25,27
194,278,24,26
189,277,25,25
183,277,26,24
178,277,25,24
174,279,25,24
167,281,26,25
163,285,25,25
160,288,23,28
151,292,27,29
147,295,29,32
145,296,29,36
139,303,33,34
134,305,33,35
132,305,32,38
131,303,32,38
128,301,36,37
128,299,36,35
198,277,42,42
187,265,50,50
176,258,50,48
172,253,48,45
165,250,53,40
167,245,50,41
161,240,57,45
158,240,67,44
171,239,60,47
174,242,62,47
181,244,67,49
186,249,73,49
197,256,76,47
236,261,53,43
255,268,45,38
200,283,39,39
201,289,35,37
198,294,36,35
197,296,36,34
195,298,33,33
193,298,32,32
189,298,32,32
185,297,32,31
183,297,29,28
178,296,30,28
173,294,31,27
170,295,29,26
167,295,28,27
163,296,30,29
159,299,31,30
155,302,32,29
152,303,33,29
152,305,34,32
150,307,34,32
151,307,33,32
148,311,34,36
146,312,36,41
146,315,37,39
147,316,37,37
147,317,37,37
149,316,38,37
151,313,40,40
153,307,41,44
243,290,46,52
236,286,38,51
230,278,35,48
227,272,37,45
225,268,36,41
222,264,38,39
223,260,38,38
229,257,35,38
233,257,36,37
242,258,34,37
250,260,32,37
258,263,30,36
268,269,36,33
278,273,39,36
296,278,36,37
304,279,44,40
318,285,44,41
333,289,46,41
346,289,51,45
362,290,46,47
379,292,44,47
392,292,46,50
407,291,44,50
421,289,41,50
428,285,42,53
432,285,48,50
436,282,48,50
436,280,47,55
434,279,48,53
428,280,47,58
418,284,48,55
405,285,48,58
388,290,51,55
371,290,55,54
354,291,59,56
334,293,62,57
313,295,68,53
301,294,63,54
296,289,54,56
277,292,49,46
261,292,52,39
247,285,47,42
239,277,46,42
232,274,46,39
228,270,46,37
225,265,44,38
225,262,43,39
224,260,44,36
229,258,43,36
235,257,37,38
240,258,39,38
247,261,39,38
257,264,36,38
264,268,41,35
275,275,43,34
291,276,40,38
300,276,47,43
314,278,49,44
326,283,53,43
341,283,55,44
356,282,51,46
373,282,48,47
391,280,48,48
405,276,47,49
416,273,47,50
427,268,46,52
434,265,45,50
436,260,48,54
439,256,46,56
437,256,44,58
432,257,43,58
425,260,45,58
411,266,49,55
401,270,49,57
383,273,50,55
367,274,46,59
350,274,55,61
329,280,59,56
308,284,59,55
295,282,55,54
274,282,52,47
246,276,50,46
235,270,49,45
219,265,48,45
205,258,53,46
197,253,52,46
190,248,51,44
188,245,49,42
185,243,49,43
185,243,48,41
189,242,48,42
192,244,48,44
197,247,48,45
208,251,46,46
218,259,46,45
232,264,45,47
245,271,43,46
265,278,42,42
285,280,36,44
306,284,41,49
325,287,49,45
334,284,57,48
362,281,46,51
383,278,49,50
403,272,48,49
413,265,55,51
428,257,50,47
435,251,52,44
444,245,47,41
445,241,50,42
446,238,49,43
447,238,49,43
443,238,49,43
445,239,47,41
438,242,48,41
431,244,46,41
415,251,50,41
404,257,46,46
385,262,47,44
369,267,43,45
346,274,49,46
322,276,56,49
302,277,54,51
287,277,46,46
252,273,44,44
234,269,46,45
210,260,49,49
192,252,51,49
178,245,51,46
167,237,49,47
156,232,47,44
154,225,47,43
146,221,49,44
144,219,48,44
146,221,48,44
148,223,51,46
156,227,50,47
165,236,53,47
179,244,56,51
195,253,58,58
204,262,60,53
228,272,58,52
259,283,54,48
297,290,47,49
314,289,53,54
338,290,54,51
355,285,57,49
378,283,53,42
394,280,57,41
414,271,52,38
426,259,53,43
436,251,51,41
446,243,45,39
449,239,45,38
451,235,43,38
450,235,43,36
447,236,40,35
442,237,40,36
433,242,41,36
423,249,40,34
413,255,37,39
392,263,41,36
372,269,45,39
356,272,47,45
333,279,52,42
310,280,51,47
297,285,42,47
271,283,45,43
243,280,40,42
221,272,44,46
203,261,48,51
190,254,47,48
177,245,48,51
172,239,45,45
169,233,40,49
165,229,44,51
163,227,44,50
164,229,47,50
172,233,44,52
173,240,51,52
181,249,53,51
199,258,51,52
217,266,49,52
246,276,41,43
259,280,40,42
296,282,44,38
312,284,50,36
335,278,55,41
362,278,47,43
388,282,44,38
409,277,51,39
437,271,51,42
452,267,57,44
463,263,61,46
482,260,55,47
493,257,54,48
500,253,50,49
502,253,51,50
498,254,53,50
493,255,52,52
483,263,52,50
466,267,56,50
457,272,52,51
427,282,62,51
401,291,59,46
388,300,60,40
346,304,65,40
312,300,76,49
302,298,60,52
279,301,55,41
244,297,49,39
231,287,43,46
216,276,43,42
205,267,43,42
198,259,43,43
191,252,47,42
183,247,50,42
175,241,59,46
174,240,63,46
177,243,64,45
180,244,64,45
185,249,69,45
218,254,51,42
233,260,48,40
249,267,45,36
280,280,38,31
296,285,38,31
310,285,43,39
330,286,50,38
353,284,48,41
377,282,42,46
404,278,44,45
409,273,45,48
426,271,46,44
433,266,43,44
450,255,48,51
459,244,53,52
473,235,50,55
479,228,54,57
483,223,55,60
484,221,55,61
480,219,58,65
475,223,55,66
463,227,58,66
449,236,58,66
433,250,51,67
410,263,52,61
377,275,64,67
354,285,58,68
328,292,67,64
308,299,55,55
288,298,52,51
260,295,56,46
240,288,50,46
227,278,49,49
218,269,47,50
210,261,48,49
207,253,46,40
203,246,45,39
194,243,53,33
185,237,60,37
185,233,63,40
186,231,68,44
188,233,71,45
193,236,68,45
195,242,75,42
217,247,71,43
236,253,55,45
252,262,52,42
270,272,47,40
296,279,39,51
306,288,48,51
322,293,52,54
338,294,59,57
361,294,49,60
380,295,50,57
399,293,49,56
419,286,47,60
432,277,45,59
443,272,46,56
449,263,49,58
452,258,55,58
451,257,57,60
453,256,54,57
447,255,55,63
443,258,51,60
430,263,54,62
414,269,57,62
396,275,58,61
381,283,58,58
357,286,57,62
336,286,64,66
316,290,64,59
300,289,57,59
289,285,54,53
268,283,48,45
254,277,41,42
241,269,45,44
230,261,46,46
223,254,46,44
219,248,45,43
217,244,42,44
217,239,41,43
219,237,39,41
219,237,41,42
222,238,39,42
228,241,37,41
232,247,39,41
244,252,34,43
255,259,31,42
263,267,37,40
273,274,37,39
296,281,38,43
305,280,49,52
321,285,49,52
338,286,53,50
359,287,51,47
382,284,51,50
406,282,47,45
423,278,48,43
436,269,54,43
446,264,57,45
455,260,53,41
464,252,51,44
468,247,49,48
467,244,49,48
464,245,48,47
459,248,47,46
456,253,46,44
437,259,47,46
426,263,46,47
410,270,47,50
391,276,55,47
367,273,52,51
346,278,58,52
323,283,65,47
301,284,62,45
294,279,55,49
269,277,57,42
245,272,47,42
233,265,49,43
223,258,49,49
217,256,46,45
209,250,48,43
207,245,45,43
205,242,44,45
207,244,46,43
208,245,46,45
214,247,45,48
221,251,46,50
230,258,46,49
247,266,41,43
256,269,41,45
181,286,37,40
182,288,33,38
181,289,35,37
180,289,35,37
180,291,35,35
179,290,34,34
180,288,31,34
179,285,30,33
175,281,30,32
173,279,30,29
170,276,30,27
167,274,30,25
166,270,28,26
164,268,29,25
161,269,29,23
160,269,28,23
158,270,28,23
155,273,30,24
153,276,30,25
153,281,30,28
152,286,32,29
150,292,33,29
150,298,34,31
151,303,33,32
151,306,34,35
151,307,38,36
153,306,36,39
155,304,37,38
160,300,38,37
163,289,38,39
231,270,35,42
220,258,36,45
212,248,38,41
202,239,40,39
205,232,35,38
204,227,36,37
205,225,37,35
208,227,38,37
213,229,38,40
222,234,37,38
231,239,38,41
243,245,36,42
253,251,36,43
276,260,39,41
299,263,37,46
309,265,48,48
328,268,53,50
351,266,54,50
371,263,54,49
394,263,57,52
420,255,59,50
440,244,61,50
453,237,65,49
467,229,67,51
478,222,65,50
483,219,67,48
488,218,66,49
490,221,66,49
484,225,70,47
479,228,67,52
463,236,76,56
449,248,71,50
433,254,64,56
404,266,73,54
372,271,80,54
353,272,70,57
320,274,77,62
299,270,67,63
288,265,66,61
253,268,64,50
233,258,53,54
215,250,58,50
206,240,54,51
195,232,54,52
190,224,50,50
186,220,48,48
182,217,48,46
180,214,50,48
182,214,47,46
184,216,49,46
187,220,51,48
191,227,54,47
203,235,51,49
213,244,54,50
229,252,51,52
242,262,49,48
161,290,36,40
165,299,32,35
165,303,32,35
165,303,31,36
165,303,30,32
166,299,27,33
166,298,28,29
165,293,26,29
165,290,25,30
164,286,24,26
166,282,20,24
164,279,22,23
163,276,22,23
163,272,22,24
161,270,23,24
160,268,23,25
159,265,23,26
157,263,24,28
156,260,25,29
153,256,25,29
151,251,26,30
147,246,28,30
144,237,29,30
141,228,32,33
137,219,32,31
134,207,32,33
129,190,35,39
126,176,36,40
190,125,37,47
168,107,44,50
160,102,41,47
154,91,37,52
145,83,42,48
143,75,42,47
140,69,44,48
142,65,43,47
142,63,44,47
145,59,45,48
146,59,44,46
154,57,42,45
162,56,42,48
175,55,39,47
191,55,41,45
202,52,46,48
219,51,47,47
245,47,51,46
267,38,53,50
286,27,58,55
303,12,64,59
323,4,70,54
349,0,59,41
367,-2,53,32
367,-2,53,32
367,-2,53,32
367,-2,53,32
367,-2,53,32
367,-2,53,32
367,-2,53,32
367,-2,53,32
367,-2,53,32
367,-2,53,32
370,0,50,25
355,5,51,34
333,9,57,47
307,22,63,57
288,43,54,54
266,55,53,52
247,68,47,44
225,72,45,47
213,73,43,46
205,71,42,47
198,67,42,48
192,64,43,48
190,59,42,49
188,55,42,52
190,53,41,48
192,51,40,48
195,50,39,47
201,51,36,43
204,53,38,45
210,58,39,45
217,65,41,52
227,71,38,48
237,76,35,47
254,80,37,45
265,81,46,50
279,79,50,52
292,77,54,48
304,68,61,51
318,57,63,55
332,47,63,55
342,37,66,58
352,25,69,61
361,14,63,64
366,9,66,63
368,5,69,62
367,6,65,60
365,8,65,64
359,14,66,63
350,24,69,59
343,32,64,61
331,45,64,57
318,60,63,54
308,70,60,57
295,80,60,57
284,92,56,53
275,97,51,53
262,102,50,51
252,104,48,50
238,108,48,46
232,107,43,46
225,105,43,44
221,105,41,42
217,102,40,42
214,100,40,43
211,99,43,43
210,99,43,44
212,99,44,43
212,100,46,43
214,99,50,48
223,101,47,46
232,101,45,45
240,98,51,48
253,96,54,49
269,93,51,48
284,89,51,50
296,85,58,49
313,78,54,49
330,71,53,47
344,65,54,47
358,58,53,46
368,55,53,43
378,50,53,44
383,47,55,45
384,46,58,43
384,47,57,46
380,50,60,44
376,54,59,45
368,58,59,50
356,67,58,49
344,74,57,52
330,82,56,53
314,92,56,50
297,96,54,53
284,99,50,54
265,104,48,50
249,107,50,47
234,107,42,49
220,106,50,48
212,103,44,50
203,102,48,47
196,96,46,51
193,93,45,50
192,91,46,48
194,91,44,48
195,92,44,50
200,93,44,50
209,96,40,50
211,99,44,51
211,99,46,53
219,104,46,52
233,109,40,48
247,113,44,46
262,115,46,47
281,116,47,50
294,114,53,51
311,111,54,52
325,109,60,50
343,105,59,49
359,100,58,50
372,95,59,48
384,91,56,45
395,84,53,48
397,81,56,47
400,77,57,48
398,77,58,46
394,79,60,46
392,81,58,49
381,85,60,48
372,88,55,53
359,95,56,52
341,102,58,52
326,106,56,53
309,111,52,49
293,112,52,52
278,111,46,51
259,110,46,50
241,107,42,50
224,103,46,49
211,98,43,53
200,93,45,50
190,91,44,49
184,88,43,51
183,86,42,51
179,87,43,51
179,89,44,52
182,93,44,54
186,96,44,55
194,102,46,54
209,107,44,59
220,115,50,59
236,120,42,54
261,124,46,52
283,126,46,53
299,126,49,52
317,124,52,52
336,120,56,51
350,113,57,54
370,105,51,51
384,98,51,49
395,92,52,43
404,84,50,42
411,77,50,42
416,71,49,41
420,69,48,39
419,66,49,39
416,66,50,41
412,68,49,43
404,70,52,44
394,78,54,43
382,84,53,46
366,91,55,50
346,97,57,54
324,104,63,56
303,109,59,56
287,113,51,57
259,114,54,53
229,115,46,51
208,112,49,54
190,106,44,53
171,104,45,47
156,95,52,49
150,90,47,49
144,84,48,47
142,81,49,49
143,79,52,48
147,82,51,47
153,84,51,47
164,88,49,47
179,94,47,48
192,97,49,52
214,104,43,50
235,109,50,47
259,111,47,48
286,114,45,48
306,112,47,48
328,109,48,47
346,104,54,47
368,95,51,45
386,87,51,44
402,78,52,44
413,68,55,45
426,62,51,44
428,58,57,42
435,53,55,45
438,52,57,45
436,51,57,48
433,54,56,48
427,59,56,49
414,66,57,49
399,75,55,50
378,81,56,54
351,91,58,53
320,101,65,52
300,107,59,54
280,110,54,53
244,112,63,49
213,108,60,53
203,102,55,52
187,95,55,53
174,90,53,50
167,84,48,48
161,80,47,46
161,75,44,47
161,71,44,47
163,72,45,47
169,73,43,47
177,77,42,48
185,82,45,49
189,87,47,48
195,91,46,49
202,96,50,50
216,109,44,50
233,119,45,43
257,129,53,43
280,138,51,47
293,144,62,52
312,153,64,52
334,160,65,54
359,167,60,54
378,172,62,52
400,178,56,47
415,184,55,47
428,191,54,49
444,200,49,44
456,209,47,49
462,219,49,51
468,235,45,48
470,251,45,44
467,267,47,47
461,282,48,49
453,296,46,46
442,307,46,44
424,314,48,41
402,319,52,38
383,317,51,41
363,313,49,43
339,307,51,45
315,299,52,49
299,288,47,52
273,277,51,48
243,254,48,52
223,236,54,57
205,216,58,59
193,200,57,62
179,186,53,50
167,166,48,48
154,151,51,50
149,136,51,58
138,123,58,57
134,115,56,59
130,107,60,68
135,106,55,68
138,108,60,70
150,114,58,68
159,128,64,63
179,141,64,60
197,152,63,64
221,162,61,58
254,167,67,58
288,171,61,57
309,170,63,56
335,165,62,57
356,162,63,55
378,157,56,51
396,148,51,52
409,139,48,49
420,133,44,44
424,124,45,45
431,117,40,43
431,110,40,40
431,105,40,40
429,103,40,38
426,103,39,38
420,103,40,40
413,106,42,40
405,112,42,41
396,118,42,42
384,125,44,44
371,132,45,44
355,136,50,50
336,143,57,51
317,150,59,51
303,154,55,53
288,156,54,51
264,154,56,51
245,150,55,45
223,138,54,47
207,127,54,55
192,113,57,60
174,97,66,65
163,86,65,60
154,75,65,59
146,66,67,61
140,59,69,63
138,52,70,67
141,50,69,65
143,47,72,65
148,53,74,64
159,57,72,63
170,60,72,62
183,63,67,64
200,69,67,62
216,78,64,57
239,87,66,53
257,89,62,59
280,90,57,64
295,96,56,61
308,101,59,60
324,105,55,57
337,107,56,57
349,112,54,52
360,110,54,55
369,110,57,57
380,110,53,55
384,110,55,56
390,108,61,58
392,109,61,57
397,111,65,55
397,110,61,61
400,110,63,61
396,110,67,63
396,112,69,62
392,111,68,65
387,112,70,67
384,112,68,70
372,117,75,75
362,124,77,72
351,130,76,75
335,139,82,77
320,147,80,83
319,152,76,85
307,161,75,77
302,166,75,81
281,176,75,80
257,190,81,75
238,200,75,77
219,202,68,82
199,208,70,81
183,207,72,81
166,213,68,77
154,213,69,76
143,214,67,76
137,217,66,70
132,219,64,70
130,224,62,69
127,231,57,67
130,241,57,64
135,244,57,67
140,250,53,63
151,253,54,60
165,255,50,55
183,254,49,56
198,252,52,55
217,250,48,52
238,249,46,48
255,246,45,46
276,235,53,53
296,232,51,50
306,227,55,48
325,220,55,48
340,212,60,48
357,209,58,46
372,206,54,43
384,196,54,47
394,191,54,46
399,185,58,44
401,178,57,42
400,169,59,45
396,164,57,44
387,159,61,46
381,154,60,49
364,152,65,47
349,149,62,48
332,145,59,50
313,142,60,49
296,137,55,52
278,134,54,51
260,131,49,48
239,128,46,48
223,124,50,52
208,119,47,58
196,118,45,54
186,115,42,55
178,113,43,60
175,112,41,63
171,110,42,60
171,109,42,51
172,108,40,48
173,108,42,52
176,110,42,55
180,111,45,60
189,112,43,62
201,115,43,52
210,114,44,53
223,115,49,51
236,116,46,47
255,114,51,49
272,112,50,50
284,107,53,53
297,100,57,56
308,93,60,56
319,88,61,51
326,81,63,52
336,73,61,54
339,66,61,56
342,61,63,61
336,57,65,59
332,58,67,63
329,61,68,62
315,64,69,63
306,74,70,64
298,83,63,62
281,93,66,59
268,101,61,58
252,108,60,58
233,111,56,61
218,114,55,61
210,115,48,63
199,114,53,64
189,111,52,62
185,107,46,55
181,104,44,61
177,98,46,56
178,96,46,53
178,93,46,51
179,90,48,50
181,87,48,52
184,91,47,49
190,92,45,50
196,94,45,52
204,96,46,52
213,100,46,52
222,103,51,53
232,108,50,52
240,107,59,57
260,107,54,54
272,105,55,56
282,101,58,58
293,96,62,59
303,91,62,59
312,86,63,55
316,79,67,58
318,73,70,62
324,66,68,62
319,64,69,65
317,65,74,69
311,68,74,66
305,75,72,68
305,76,69,67
276,96,68,63
263,107,64,57
262,108,63,60
253,111,60,63
251,115,58,58
236,119,57,57
222,120,56,58
213,120,53,58
207,119,49,61
201,117,50,61
196,114,49,62
192,113,47,53
190,109,46,51
189,107,45,50
191,104,43,51
191,103,44,52
194,103,42,51
197,104,42,51
199,105,45,51
203,109,50,52
208,113,47,52
214,116,47,51
222,120,49,53
229,122,50,55
238,121,54,56
250,122,57,57
261,120,59,55
272,115,59,58
281,110,62,57
291,101,63,60
298,96,66,59
306,87,64,65
312,81,67,60
316,77,65,62
318,74,68,65
317,74,67,64
318,76,66,62
315,79,65,65
310,85,64,64
305,93,63,62
300,106,59,57
291,113,59,57
283,118,54,60
274,124,55,57
267,130,48,53
257,134,49,52
248,132,48,49
240,132,48,49
235,131,42,48
231,128,41,48
228,126,40,49
226,123,40,47
223,121,40,46
222,118,39,45
222,116,37,43
223,115,40,44
226,116,40,46
227,117,40,46
231,118,40,50
236,121,40,51
239,122,43,51
248,127,45,49
258,128,44,51
269,127,42,52
282,126,41,53
291,125,45,52
300,121,49,53
310,116,50,56
322,113,49,54
331,108,52,54
337,104,53,55
346,99,51,54
351,97,51,55
354,99,51,55
355,100,49,58
353,104,49,57
350,107,46,57
346,110,46,58
335,117,49,56
325,120,48,59
314,126,48,56
304,130,44,55
293,133,42,57
282,133,42,53
266,132,46,51
257,131,43,48
242,130,46,46
232,123,46,48
224,118,47,44
218,113,45,43
214,109,45,43
209,105,46,43
206,102,46,42
202,99,50,46
199,98,52,49
199,101,53,48
201,103,51,50
205,105,51,49
210,107,51,49
218,106,53,52
227,107,53,57
237,106,61,54
257,103,59,56
274,97,54,60
288,90,60,64
302,85,62,63
319,76,61,66
332,69,65,63
346,60,64,66
353,54,67,63
361,48,70,61
367,45,68,61
368,38,70,63
368,42,67,65
363,47,70,62
360,52,66,66
347,60,71,69
333,69,74,69
319,79,72,67
300,90,74,67
290,98,69,68
277,105,62,63
260,110,60,61
257,114,55,55
239,117,64,52
237,117,58,52
222,119,54,49
213,114,51,51
204,111,51,48
196,108,49,47
191,106,47,45
187,102,47,46
187,103,45,41
187,101,44,42
186,103,46,39
189,102,45,41
192,102,45,45
198,103,44,47
204,105,47,51
212,110,46,50
222,115,48,49
234,119,46,50
248,122,47,50
262,123,50,53
279,121,51,58
295,117,52,61
307,114,57,61
320,107,62,64
333,101,64,65
347,91,65,68
359,79,63,71
369,77,61,64
374,69,64,66
374,64,66,69
374,62,65,66
369,60,64,70
365,63,62,69
351,69,68,69
338,76,66,72
323,83,67,71
305,92,67,70
293,102,59,66
275,108,60,64
257,115,56,58
237,117,58,59
221,120,51,57
210,120,55,57
197,117,58,53
189,116,56,51
183,112,52,52
179,108,51,49
178,105,50,45
178,101,49,46
180,100,46,44
181,97,48,46
181,101,48,42
187,99,51,49
190,101,53,52
199,104,53,55
209,111,51,50
220,113,50,53
231,117,48,52
244,116,53,55
261,117,54,53
279,116,50,55
293,111,52,58
306,106,53,59
321,100,51,59
329,94,57,58
343,84,53,62
346,76,60,62
355,70,55,65
358,65,57,59
358,69,54,58
357,70,52,62
349,73,55,59
340,79,58,62
329,85,57,64
316,89,59,69
302,100,58,64
287,106,58,64
269,111,61,63
254,118,58,56
237,118,56,58
222,118,54,58
212,117,55,55
205,111,54,53
193,109,60,49
187,103,57,49
184,98,56,51
179,96,57,52
180,95,54,46
180,94,54,46
183,95,51,46
185,95,51,50
188,97,53,54
194,100,55,56
200,107,54,58
208,114,54,61
217,124,56,55
229,131,53,57
247,141,50,54
258,151,54,57
278,158,52,61
295,167,50,64
310,174,51,66
321,181,57,63
338,185,56,66
349,183,54,68
356,185,53,65
362,188,55,66
367,191,52,65
367,197,50,65
365,199,51,71
358,205,50,72
350,211,51,72
337,218,55,66
323,223,52,65
305,226,57,64
298,227,57,64
280,226,56,61
258,224,57,55
248,216,52,52
235,206,49,53
223,198,54,51
223,198,52,48
216,192,52,46
215,191,51,45
207,181,53,47
200,172,52,48
196,167,52,47
191,161,51,48
189,160,47,47
188,158,49,47
189,158,47,49
191,160,47,49
192,162,49,50
197,165,49,50
201,169,52,51
213,174,45,54
223,182,46,52
235,185,45,54
251,189,43,53
265,190,50,53
286,187,48,54
301,185,48,56
312,180,55,57
326,175,57,57
337,166,61,60
349,160,59,57
359,153,60,58
368,150,57,54
373,146,60,54
379,145,58,53
378,143,61,54
379,145,60,51
377,144,60,51
373,148,57,53
364,150,57,53
354,151,58,52
342,156,57,50
327,156,57,50
309,152,58,53
295,146,54,55
281,134,50,58
259,126,56,51
241,120,50,43
227,107,45,48
212,97,43,50
199,88,43,49
186,85,41,48
176,82,41,44
167,81,41,46
159,81,41,45
153,81,43,48
150,87,44,47
150,94,43,47
152,101,44,48
157,111,43,48
164,120,46,55
183,132,40,50
194,146,46,48
215,158,42,48
236,171,43,45
260,179,51,44
295,180,50,48
317,180,54,47
343,177,59,47
369,170,58,48
400,161,47,46
424,152,47,45
442,148,47,41
459,140,48,40
473,132,48,41
483,126,51,44
488,122,52,45
496,119,50,47
493,120,52,48
489,124,55,51
487,131,51,48
482,140,53,48
470,151,54,49
454,161,57,52
434,178,59,45
403,191,65,46
371,201,68,43
339,203,62,45
304,196,58,49
261,182,64,50
220,166,60,49
186,141,65,46
136,103,69,59
110,57,58,55
64,9,72,60
64,9,72,60
64,9,72,60
64,9,72,60
64,9,72,60
64,9,72,60
64,9,72,60
64,9,72,60
64,9,72,60
64,9,72,60
64,9,72,60
64,9,72,60
64,9,72,60
64,9,72,60
64,9,72,60
64,9,72,60
64,9,72,60
45,-2,84,48
65,10,86,62
130,58,75,66
175,101,74,78
246,145,80,71
301,176,75,76
344,204,64,73
377,232,67,60
403,248,72,59
443,264,63,54
456,273,69,50
475,287,65,48
497,298,63,52
519,314,56,44
535,326,51,35
542,331,51,33
542,331,51,33
542,331,51,33
542,331,51,33
542,331,51,33
542,331,51,33
559,291,63,39
559,291,63,39
559,291,63,39
555,292,73,48
555,289,75,48
596,167,68,48
589,174,55,48
608,176,50,53
613,174,39,62
620,186,26,55
620,186,26,55
620,186,26,55
620,186,26,55
620,186,26,55
620,186,26,55
620,186,26,55
620,186,26,55
620,186,26,55
620,186,26,55
620,186,26,55
620,186,26,55
620,186,26,55
620,186,26,55
620,186,26,55
620,186,26,55
620,186,26,55
620,186,26,55
620,186,26,55
620,186,26,55
620,186,26,55
620,186,26,55
620,186,26,55
620,186,26,55
620,186,26,55
620,186,26,55
620,186,26,55
620,186,26,55
620,186,26,55
620,186,26,55
620,186,26,55
620,186,26,55
620,186,26,55
620,186,26,55
620,186,26,55
620,186,26,55
620,186,26,55
620,186,26,55
620,186,26,55
620,186,26,55
620,186,26,55
620,186,26,55
620,186,26,55
620,186,26,55
620,186,26,55
620,186,26,55
620,186,26,55
620,186,26,55
620,186,26,55
620,186,26,55
620,186,26,55
620,186,26,55
620,186,26,55
620,186,26,55
620,186,26,55
620,186,26,55
620,186,26,55
620,186,26,55
620,186,26,55
620,186,26,55
620,186,26,55
620,186,26,55
620,186,26,55
620,186,26,55
620,186,26,55
620,186,26,55
620,186,26,55
620,186,26,55
620,186,26,55
620,186,26,55
620,186,26,55
620,186,26,55
620,186,26,55
620,186,26,55
620,186,26,55
620,186,26,55
620,186,26,55
620,186,26,55
620,186,26,55
620,186,26,55
620,186,26,55
620,186,26,55
620,186,26,55
620,186,26,55
620,186,26,55
620,186,26,55
620,186,26,55
620,186,26,55
620,186,26,55
620,260,20,57
614,267,26,54
609,266,30,56
603,261,34,63
598,260,38,63
592,264,42,60
583,266,53,55
578,265,57,57
574,267,60,56
575,267,56,58
575,268,56,55
576,265,58,56
574,264,62,56
578,263,57,56
588,264,49,52
593,259,46,54
599,256,40,54
606,254,34,55
607,255,34,50
610,254,32,49
613,254,26,50
585,288,30,50
576,289,40,45
576,288,50,52
571,289,55,51
563,290,64,51
554,290,75,55
553,290,77,65
544,292,85,64
546,289,82,62
544,290,86,62
548,288,81,59
540,292,91,64
540,289,90,65
541,294,87,62
550,288,83,51
551,290,81,61
545,290,86,63
544,289,89,58
547,290,85,63
544,290,89,64
543,288,91,67
543,289,94,61
559,294,84,63
563,296,75,62
562,302,74,55
543,305,81,54
534,301,77,55
517,296,75,61
503,293,74,61
487,289,74,67
478,282,68,68
464,279,71,72
457,277,67,73
452,275,65,73
445,273,67,73
439,271,68,73
436,270,67,76
434,270,69,76
434,270,68,74
438,267,67,72
438,265,67,72
439,261,69,76
443,257,70,75
444,256,69,68
450,250,66,70
449,245,75,72
455,240,69,73
459,235,72,72
463,233,68,68
466,230,69,67
470,229,69,67
472,228,68,69
475,228,70,65
477,231,69,65
482,229,69,66
485,230,66,63
487,229,65,65
489,229,65,63
493,230,64,62
492,230,66,65
497,231,64,61
500,227,63,63
502,228,65,59
502,228,63,60
508,227,60,57
508,223,61,58
511,221,61,56
512,217,57,56
512,212,61,57
512,211,57,55
514,207,58,54
514,204,59,53
512,200,60,56
509,201,63,53
510,198,60,56
511,196,60,60
511,197,60,57
506,195,63,59
506,193,64,60
501,191,64,62
504,189,67,59
498,184,65,66
494,182,65,63
489,177,70,68
485,174,71,66
481,174,74,67
476,173,74,67
473,168,70,73
468,169,73,70
466,169,73,68
462,169,72,70
461,169,70,70
462,168,73,72
458,169,73,73
463,168,71,71
461,169,71,72
466,169,71,72
470,170,69,69
471,173,68,69
477,174,65,65
479,176,66,65
482,176,63,66
486,176,63,63
493,181,59,58
496,180,61,58
498,183,61,56
501,184,61,55
506,184,59,55
504,185,61,53
506,184,63,52
509,184,60,56
508,185,62,52
506,184,63,51
507,186,59,52
502,187,60,52
502,190,61,53
498,192,62,58
492,197,67,61
491,200,66,58
487,202,68,60
487,204,63,62
482,210,64,63
474,212,67,63
468,213,66,67
456,211,69,70
446,204,69,73
439,201,71,71
425,196,74,73
415,192,67,73
407,188,67,69
399,182,66,71
392,178,63,70
385,171,66,72
379,167,66,74
375,163,65,75
375,157,65,73
376,155,63,69
377,149,65,73
383,148,62,68
389,144,62,67
397,142,61,70
405,140,62,68
417,138,56,68
425,136,59,69
437,134,57,67
446,137,59,64
456,135,58,63
470,135,55,61
478,136,56,61
490,138,51,59
497,140,53,54
500,144,55,56
504,145,56,56
509,148,53,56
512,151,54,56
511,154,52,61
507,159,56,61
502,164,56,60
496,167,55,62
485,171,57,64
472,179,59,64
457,181,61,67
443,185,60,68
425,190,54,66
405,192,56,64
389,193,53,66
369,192,56,71
349,193,59,73
335,195,54,71
318,196,52,72
306,196,51,71
293,197,49,71
281,198,53,70
269,197,55,71
262,196,53,69
257,195,50,68
253,193,51,67
253,195,52,66
252,195,49,66
254,199,48,65
255,201,49,63
257,203,51,65
262,207,54,62
266,212,50,63
270,214,47,61
277,221,46,54
281,221,48,56
284,220,47,60
289,223,46,59
293,223,46,61
296,224,43,62
298,226,47,63
300,229,45,61
300,232,44,60
302,232,42,57
300,235,46,56
299,235,43,57
296,234,43,59
293,235,44,56
291,235,42,57
285,235,44,56
281,237,45,52
272,239,48,52
268,240,47,53
263,239,45,55
254,240,44,53
245,240,46,54
237,240,48,55
233,239,44,55
223,240,45,56
216,241,47,54
210,239,46,55
202,240,47,55
197,240,50,54
189,240,49,56
186,239,49,54
183,238,47,54
180,240,49,53
177,239,49,54
177,239,49,54
175,240,49,54
175,239,50,55
175,240,51,53
177,240,52,53
179,240,51,52
180,240,49,52
185,238,51,55
188,237,50,55
192,239,49,53
196,237,51,54
199,237,52,56
205,235,50,57
210,234,50,58
214,234,50,58
218,233,51,59
222,232,53,59
225,231,53,60
227,233,52,57
230,231,53,59
232,233,52,56
232,231,51,58
233,231,52,60
233,232,52,60
233,233,53,58
233,232,53,61
233,234,52,62
231,238,54,59
229,239,54,59
227,241,53,59
225,244,54,57
221,246,54,57
217,247,54,57
214,245,54,59
213,246,48,59
206,246,52,58
202,244,51,56
195,242,55,57
192,242,52,54
184,238,53,57
177,237,54,54
172,234,55,56
167,231,57,55
165,228,54,55
160,225,54,54
155,221,56,53
153,216,56,55
148,212,58,55
145,207,59,56
141,206,59,55
140,204,60,56
139,203,60,57
137,203,61,58
140,204,64,56
141,203,61,59
144,204,56,57
146,204,59,55
146,204,60,56
152,202,62,59
159,203,58,57
163,202,56,57
168,200,54,58
172,198,56,58
178,198,56,56
182,197,55,57
185,198,55,54
189,198,52,53
192,197,50,53
192,195,52,55
193,196,51,54
194,196,50,51
193,197,53,52
193,195,51,54
191,197,49,51
190,197,51,53
187,199,50,51
185,200,48,51
183,199,50,52
182,200,48,52
178,201,49,53
176,201,49,52
172,202,47,53
172,202,48,50
170,203,47,49
168,201,46,51
163,204,51,48
165,201,49,50
160,204,53,47
164,203,54,47
162,203,52,48
166,201,50,50
169,200,51,49
172,201,46,47
174,198,49,50
179,197,47,52
182,196,51,52
188,196,50,50
189,196,51,51
195,196,49,51
198,196,50,50
201,195,53,52
206,196,49,52
212,197,50,51
216,199,47,49
221,198,48,51
227,199,46,48
232,200,47,47
238,199,45,48
241,200,44,46
245,200,44,46
252,198,43,45
255,195,45,45
258,195,46,44
264,194,46,41
268,191,44,43
271,188,42,42
277,185,41,42
285,182,37,44
287,179,38,46
291,177,40,44
295,176,39,44
299,174,40,43
305,172,41,44
312,171,38,45
318,171,39,45
325,171,39,43
331,171,39,43
337,171,37,43
342,171,38,43
351,171,39,43
358,169,41,44
365,169,42,44
373,171,40,43
381,172,40,44
389,173,42,46
399,176,38,44
406,181,38,43
415,182,40,46
423,188,41,42
430,189,42,44
438,190,42,46
444,191,43,47
453,192,42,47
450,192,46,48
457,193,44,47
460,193,45,47
466,193,43,48
472,193,46,49
478,193,46,48
486,192,45,48
490,193,46,50
498,196,45,50
501,197,47,49
507,199,46,50
511,200,48,50
516,201,45,52
520,203,46,52
521,204,46,51
523,206,46,50
524,204,47,54
523,207,45,54
520,208,46,53
518,208,44,52
512,210,46,52
508,211,48,54
503,214,45,50
494,212,48,52
486,209,49,55
476,210,53,51
468,207,52,54
458,205,53,51
451,199,52,52
442,194,52,53
435,189,53,54
431,185,53,53
422,181,56,50
417,177,53,52
418,172,53,52
413,173,53,49
416,172,52,48
415,172,53,49
418,172,52,52
422,175,54,51
427,178,51,52
433,181,55,53
442,186,55,52
453,188,53,53
464,190,55,55
479,193,52,51
490,197,53,50
508,199,46,50
524,201,42,51
538,201,44,52
550,204,44,49
564,203,43,50
572,202,44,51
579,201,48,51
585,200,46,52
587,197,50,53
592,196,44,52
593,195,45,50
592,194,44,50
590,193,46,53
587,196,45,52
581,199,48,50
575,203,50,49
566,211,50,48
557,216,50,50
542,224,51,48
532,231,46,47
519,234,41,48
502,234,43,52
484,234,41,52
467,235,44,53
450,232,41,53
432,229,45,52
411,228,47,49
393,223,52,53
375,219,58,51
365,214,56,54
355,209,56,50
346,203,56,53
341,198,55,53
339,194,54,54
341,191,54,52
341,190,53,49
346,190,53,48
354,188,55,52
361,191,57,52
373,194,54,52
386,195,54,56
399,199,57,55
422,203,50,53
441,208,49,51
463,211,48,52
485,211,41,55
505,214,39,50
523,209,40,55
539,206,46,54
556,203,49,51
567,198,53,53
581,192,50,54
588,189,49,52
596,185,44,52
604,181,36,53
607,179,36,50
610,178,31,50
612,175,27,51
611,175,29,51
608,176,32,50
605,178,33,52
599,180,37,55
588,186,46,53
578,190,49,57
567,194,51,57
555,200,50,56
537,207,54,54
522,212,49,57
506,219,43,56
487,218,48,58
470,219,46,54
451,216,52,54
432,213,51,52
412,204,53,51
409,199,54,54
394,196,56,54
390,192,59,56
377,182,58,57
363,172,59,60
353,163,57,57
344,153,56,58
335,146,57,53
329,135,56,60
324,130,53,54
319,121,55,57
316,118,52,52
311,111,54,53
313,108,51,52
310,103,54,54
309,98,53,56
310,100,54,57
309,101,53,57
313,103,51,56
313,105,51,56
311,108,55,57
313,112,49,60
314,117,50,60
313,121,49,61
312,127,50,63
310,136,49,59
308,142,52,59
304,151,50,60
299,161,51,59
296,169,51,64
293,180,48,64
279,193,54,62
274,211,53,60
265,226,53,58
255,233,59,59
244,240,57,60
236,249,54,59
228,251,55,63
218,253,58,68
210,257,60,69
201,261,59,67
195,266,61,66
189,270,55,65
181,275,60,65
175,279,61,63
175,283,55,64
167,286,57,63
166,287,57,64
163,288,58,65
163,286,61,68
165,288,60,63
169,289,57,61
172,288,56,57
174,287,55,57
179,285,54,58
184,285,50,57
186,285,53,55
189,285,56,56
196,286,56,56
202,287,55,56
207,288,54,57
212,289,50,54
216,288,49,56
221,288,48,55
224,286,50,55
228,284,49,54
231,283,51,54
235,283,48,53
238,281,46,54
240,278,46,55
238,276,49,55
238,275,48,53
238,273,50,54
235,274,50,53
236,272,50,52
233,271,50,52
229,271,49,50
225,269,47,52
219,267,49,54
217,265,47,53
211,264,49,52
205,262,49,54
200,259,48,55
195,257,48,53
188,257,48,51
183,254,49,51
176,253,50,50
173,251,48,51
167,249,51,50
164,250,51,46
163,247,51,47
160,248,50,44
158,247,52,45
157,244,55,46
156,245,54,45
159,244,55,46
162,242,53,48
167,241,50,49
170,240,52,50
174,241,52,49
179,240,51,51
186,242,52,49
191,242,51,49
200,241,48,52
206,240,49,50
212,239,53,52
220,240,49,49
230,236,50,50
237,233,49,51
248,229,46,51
258,225,47,47
268,221,51,46
282,211,48,50
295,204,46,52
305,198,49,53
318,195,51,50
331,192,51,48
346,191,49,48
357,187,52,51
372,186,52,53
386,187,50,51
400,186,50,51
402,186,48,50
413,184,47,51
412,187,50,50
424,187,45,49
432,187,46,49
441,187,45,49
446,189,47,50
448,192,47,46
451,195,43,45
448,198,41,45
444,200,44,44
437,203,43,43
429,206,43,41
416,208,42,40
401,211,44,38
387,212,43,42
369,215,45,41
354,216,44,43
336,218,43,42
311,219,48,42
297,220,45,43
281,221,42,43
254,223,45,41
236,216,46,47
220,212,44,46
208,208,41,46
196,207,42,42
182,201,46,44
176,196,44,47
171,195,44,47
166,196,44,48
164,200,47,46
167,202,47,46
171,209,47,45
181,214,45,45
195,218,42,49
208,225,47,48
220,231,48,48
239,233,46,50
263,239,53,46
295,239,46,46
310,237,51,48
335,235,48,46
357,233,43,46
374,227,47,48
391,220,46,48
405,213,44,41
421,206,43,40
433,201,40,38
442,194,40,39
451,189,38,38
456,183,36,38
462,181,36,36
463,182,37,36
463,182,34,36
462,185,37,36
459,188,35,40
453,194,36,40
444,202,39,41
434,211,41,41
421,220,43,43
405,229,46,45
384,239,47,53
365,243,44,55
346,248,45,55
314,253,55,48
302,257,50,44
263,256,58,38
239,248,46,43
211,241,50,43
199,232,53,46
185,228,46,40
170,221,47,42
160,214,47,44
156,211,44,43
149,208,48,42
149,207,46,42
153,207,45,42
158,210,44,42
167,213,43,42
177,218,44,42
194,224,40,41
211,227,44,43
228,225,47,47
252,229,46,42
280,229,48,44
302,223,50,50
327,220,49,51
352,216,49,48
376,211,47,47
399,204,43,46
420,196,43,46
438,189,42,46
453,180,42,47
464,173,44,47
474,167,44,48
482,162,45,49
487,161,44,49
488,163,42,53
485,165,44,52
480,168,47,55
471,175,47,58
457,186,50,56
443,199,52,54
426,209,53,60
401,219,60,62
379,231,63,64
348,237,61,63
313,250,71,56
294,258,68,49
267,255,70,43
227,250,65,52
217,246,54,47
201,238,49,45
189,233,45,43
179,224,45,45
173,221,43,42
168,218,44,39
167,214,44,39
169,211,44,38
172,208,46,40
176,207,46,40
185,207,43,40
185,209,45,38
195,209,44,40
207,210,46,43
220,215,46,43
237,220,46,45
262,230,46,40
289,233,46,46
304,233,56,49
325,234,57,54
349,234,56,53
371,234,56,53
396,230,58,49
418,223,54,50
436,219,51,50
451,209,51,53
468,203,48,51
478,197,47,50
488,191,46,51
492,189,48,50
495,185,50,53
492,184,51,55
489,188,49,54
483,195,50,53
473,201,51,53
460,207,53,58
445,216,55,59
427,225,54,58
404,234,53,56
383,243,50,59
355,245,54,59
330,251,56,53
308,256,53,49
292,253,51,49
268,251,48,43
247,239,44,49
235,236,43,43
223,227,43,46
213,222,43,44
208,218,41,42
204,213,41,41
202,210,41,42
202,208,42,41
204,205,42,44
210,205,42,46
216,209,43,45
222,214,45,44
233,223,44,42
244,226,42,47
258,234,46,46
270,243,51,44
296,245,44,50
307,247,50,52
319,255,57,45
343,255,57,46
363,254,48,49
382,250,48,54
400,246,51,46
418,239,48,49
434,231,51,52
444,225,54,51
450,219,57,54
458,214,55,51
463,209,53,52
465,204,53,52
466,203,52,52
464,204,52,51
460,207,52,50
452,209,52,54
440,215,58,51
430,220,54,52
415,226,57,52
394,233,56,52
376,242,56,51
357,245,52,54
338,251,61,49
311,256,57,45
303,252,54,49
271,250,66,46
250,245,57,44
234,230,49,53
221,221,47,51
209,212,49,50
201,206,47,47
188,198,51,46
181,195,55,44
178,189,56,47
176,186,56,49
176,189,56,47
179,191,57,45
190,196,53,46
198,201,52,48
211,209,49,49
224,214,49,53
239,223,46,54
262,237,48,51
289,246,38,48
303,249,40,51
320,260,45,46
342,264,52,44
357,260,55,53
387,267,50,46
409,259,57,48
429,258,59,40
452,249,51,46
468,236,50,51
481,229,50,51
488,222,52,52
494,216,54,51
497,212,57,48
500,206,56,48
498,202,57,50
497,203,57,49
492,203,57,50
484,203,57,55
471,204,67,59
461,208,66,59
453,213,61,64
440,219,61,64
425,225,63,63
413,233,54,59
404,235,59,60
391,240,64,57
388,241,59,60
372,242,60,63
356,242,57,60
342,240,63,61
330,236,61,61
319,231,61,61
313,225,59,61
309,217,57,67
303,211,57,64
299,205,60,62
300,199,55,62
299,195,58,63
303,193,57,63
306,191,56,64
311,192,62,63
316,192,63,62
323,194,62,63
334,196,63,62
343,200,62,62
354,203,62,60
364,206,63,60
379,209,61,56
389,211,62,56
399,213,64,54
412,214,64,56
426,215,62,57
442,216,58,56
452,216,57,59
459,217,56,58
469,217,57,59
475,216,55,57
480,217,55,58
485,215,58,59
488,215,59,60
490,215,61,63
488,215,61,63
491,218,58,64
488,218,60,65
486,223,58,64
482,223,60,63
476,224,60,64
470,227,58,63
461,232,62,60
456,230,58,63
443,232,62,60
437,233,60,60
427,232,57,61
419,234,54,57
410,234,57,57
400,234,59,58
396,236,57,59
390,239,57,55
385,240,57,57
382,240,56,56
