283,272,117,73
291,276,111,70
290,276,108,70
287,276,112,69
288,276,113,70
292,277,107,69
289,274,111,72
283,275,115,73
288,275,114,70
286,276,111,69
280,276,119,69
284,275,115,68
283,276,118,70
286,275,114,71
288,276,113,71
288,274,111,73
285,275,114,75
287,275,116,71
287,275,116,69
285,276,116,71
285,275,114,70
285,276,114,70
281,273,118,73
282,277,119,65
282,275,115,72
285,275,116,68
291,276,107,71
285,274,115,71
279,279,117,63
284,275,117,67
282,275,119,66
285,275,111,71
286,275,114,68
287,274,113,72
289,276,111,68
284,277,115,69
283,274,116,70
284,275,113,70
286,276,115,67
284,274,115,69
283,274,120,66
283,274,117,73
282,273,116,68
286,270,114,72
286,269,112,75
285,266,113,77
286,267,110,75
284,267,115,76
282,265,112,79
282,265,119,79
288,267,112,80
282,267,119,79
288,260,117,86
295,262,112,87
290,260,115,83
296,256,111,88
295,255,106,89
298,248,97,98
297,234,99,110
293,229,104,110
290,226,110,110
289,218,108,116
293,208,103,118
288,202,103,120
287,192,110,123
288,194,111,120
289,188,114,128
288,183,123,130
295,182,115,128
293,171,116,137
288,169,120,137
290,162,121,142
290,163,135,144
289,170,126,141
290,166,112,146
286,166,116,143
286,162,113,140
286,165,111,136
284,166,115,136
282,166,117,129
281,170,115,132
281,162,115,132
280,167,117,129
280,167,109,132
280,170,105,122
280,165,112,128
280,172,112,123
280,181,112,112
282,189,101,104
284,187,104,103
285,180,102,108
285,177,101,113
286,164,118,129
287,168,99,124
292,174,84,118
292,177,79,115
303,190,66,103
301,197,66,95
303,197,63,98
302,199,63,95
303,203,63,88
299,202,68,91
296,206,72,87
295,214,74,77
295,218,81,76
294,217,88,75
288,209,99,82
285,202,109,87
280,203,115,87
277,194,124,97
279,177,127,116
281,166,128,131
278,170,130,132
284,163,126,141
284,171,126,129
283,165,125,137
285,168,123,132
290,172,115,126
285,168,118,126
293,171,117,127
288,176,121,123
290,168,119,130
295,165,111,129
292,168,114,126
293,169,115,124
297,167,109,123
296,166,109,123
297,168,107,120
296,167,107,122
294,168,108,119
292,170,113,117
288,181,120,104
290,171,119,117
259,171,143,116
267,169,152,120
246,167,176,126
239,165,184,126
232,162,190,128
246,163,180,127
205,167,217,123
184,175,242,113
169,177,265,108
153,172,291,115
150,171,321,111
145,164,328,123
136,160,345,128
130,163,345,125
174,166,309,123
147,160,332,128
170,163,313,125
130,169,349,118
146,168,338,123
174,164,315,129
145,174,338,118
171,161,318,132
210,151,276,145
242,164,243,129
100,184,219,103
105,199,208,75
130,210,198,54
126,204,190,60
113,197,163,65
129,200,131,60
142,196,108,62
145,194,97,60
150,191,94,63
151,188,93,63
151,188,95,63
155,186,91,64
155,186,95,64
157,183,93,67
159,182,96,67
162,179,93,70
163,180,93,69
162,179,96,72
166,179,94,71
167,178,93,71
169,178,93,72
172,180,90,67
173,179,88,69
177,179,86,67
178,178,83,68
182,178,80,62
186,177,76,61
188,175,75,63
194,173,66,64
197,171,62,66
197,173,62,61
201,170,58,66
203,167,55,68
204,165,51,69
203,163,49,69
203,161,46,64
202,161,50,69
204,158,48,72
203,156,53,74
206,154,53,77
206,154,56,77
207,154,57,74
208,152,60,77
207,151,63,79
209,150,65,82
206,153,66,75
210,156,67,75
211,159,67,71
212,161,68,67
213,171,66,58
217,160,70,68
218,162,72,66
219,159,73,67
222,157,75,71
240,159,74,70
242,156,61,66
251,154,51,70
255,154,39,64
256,154,39,64
257,154,37,65
258,156,37,63
265,160,36,57
258,163,42,51
253,165,39,52
251,172,37,47
246,177,41,39
242,182,42,39
239,185,43,35
234,186,45,35
230,186,45,38
219,186,57,38
181,199,46,33
220,185,56,35
216,186,59,37
207,185,66,41
195,184,75,45
187,187,86,43
186,182,91,54
182,178,95,68
182,175,99,75
183,176,120,69
183,173,136,77
188,171,127,84
188,177,126,74
194,182,118,68
195,186,119,67
199,184,111,71
198,184,118,73
196,184,118,72
190,180,97,73
196,176,82,76
199,175,72,73
201,177,72,70
202,176,70,70
206,176,64,72
210,178,58,69
211,179,55,69
215,178,46,72
216,178,46,74
217,179,46,71
218,181,43,69
219,178,46,71
222,177,46,68
230,175,61,67
230,172,66,65
227,170,50,70
227,170,58,71
228,168,58,74
230,167,67,77
231,165,68,74
235,163,77,79
229,163,68,80
233,165,68,77
232,163,71,77
232,160,62,77
222,157,50,83
232,161,40,78
233,156,43,78
232,155,40,81
229,157,43,76
229,155,39,82
223,155,44,80
223,150,49,83
220,152,61,81
215,152,72,81
214,150,79,86
214,147,82,88
211,148,90,85
208,153,103,83
210,152,107,84
209,152,105,83
210,152,106,81
213,152,99,82
210,152,107,78
212,150,102,80
211,149,108,81
209,148,112,84
213,144,101,83
212,145,110,80
213,142,110,91
213,142,112,91
212,143,111,88
215,151,112,81
218,147,91,80
222,142,78,83
226,153,76,75
230,150,73,78
233,152,70,76
238,148,61,80
243,139,56,90
246,151,47,79
249,151,40,76
249,151,33,75
247,156,34,71
245,162,38,67
247,159,42,68
248,158,39,71
248,160,43,75
246,156,43,78
244,156,44,80
242,160,43,77
238,164,40,76
232,167,46,74
228,164,49,78
225,161,50,78
220,167,54,77
218,168,57,72
217,168,60,76
216,164,64,77
217,169,62,79
220,169,63,77
224,170,62,80
228,178,62,76
233,174,60,82
238,173,63,84
241,169,66,93
242,168,72,95
243,165,75,99
245,162,78,104
245,162,83,103
251,162,81,103
257,166,90,99
262,163,100,99
265,155,114,112
275,153,122,116
280,154,149,121
280,152,155,140
282,149,164,147
288,141,161,155
288,142,154,155
282,138,167,160
288,141,157,152
279,138,169,155
282,139,159,158
284,138,156,160
274,140,168,159
274,139,163,168
268,140,165,159
272,85,154,204
271,90,160,223
274,103,163,211
274,81,144,224
276,89,151,219
274,91,150,221
271,88,154,226
272,87,147,221
270,96,148,216
269,107,142,197
286,125,118,177
281,143,123,154
271,155,131,130
270,156,133,120
253,158,146,113
265,158,140,104
264,157,139,97
270,157,136,98
266,158,136,104
268,159,138,109
278,158,124,122
282,161,117,121
282,164,116,123
283,162,118,125
284,164,118,122
282,164,119,123
281,164,120,124
280,163,122,125
281,165,122,124
277,166,129,124
281,163,125,126
272,164,134,125
268,166,137,124
272,164,134,128
277,164,127,129
280,165,125,128
281,165,124,127
281,165,123,126
287,167,119,125
288,168,114,124
288,170,114,121
285,167,119,125
289,168,107,118
288,167,113,124
291,163,111,123
294,163,110,122
295,157,109,126
288,157,118,124
285,153,121,121
296,148,108,120
302,142,103,122
304,136,84,127
303,133,80,125
296,125,85,132
305,122,72,137
313,128,60,127
314,137,59,116
314,140,60,113
312,145,61,102
314,159,57,86
310,164,61,83
307,175,61,75
306,186,65,67
299,195,73,63
282,129,77,56
277,135,80,60
274,139,87,70
268,139,100,69
277,193,95,88
277,156,100,105
267,145,107,136
263,139,116,147
258,143,138,149
259,142,143,150
263,137,145,149
263,138,147,148
261,141,150,152
262,140,151,155
262,138,154,156
261,145,151,151
263,150,155,147
264,154,149,148
260,151,159,150
260,153,156,149
260,153,160,149
262,148,162,152
263,149,153,158
263,151,153,152
266,154,153,146
275,154,137,148
286,151,125,154
282,152,124,150
274,148,139,153
281,150,134,150
275,151,137,145
278,148,135,144
286,148,123,140
289,154,119,140
287,152,122,136
285,151,124,141
273,152,138,140
277,156,135,143
275,153,134,145
273,151,139,146
269,151,142,150
264,152,152,147
263,152,149,151
261,154,151,146
261,157,151,144
261,155,157,142
267,153,150,143
268,156,138,137
264,158,150,137
264,155,150,135
263,151,165,140
266,151,156,144
269,147,165,151
268,146,170,153
274,141,160,159
262,139,181,162
260,130,181,174
259,134,178,168
244,136,201,159
240,136,207,154
237,130,210,163
235,135,212,159
231,133,216,166
240,136,211,166
242,135,207,166
247,135,206,165
239,136,213,164
231,135,226,165
224,136,232,166
224,140,232,162
240,139,217,167
258,144,199,165
244,142,219,161
229,143,229,169
233,146,227,158
233,151,229,156
243,152,213,151
221,145,238,157
224,150,237,154
223,147,238,156
214,149,248,160
214,148,245,159
218,143,240,157
224,146,236,160
220,146,239,164
218,146,239,164
224,142,233,166
217,147,239,162
216,147,241,160
224,145,229,158
223,143,231,167
234,144,218,165
235,141,219,168
234,135,218,177
249,145,202,166
268,143,182,166
254,146,196,163
239,143,215,164
244,145,212,166
261,145,194,166
252,143,208,166
234,142,224,168
228,130,233,178
225,143,240,169
221,137,239,172
222,142,235,168
217,143,236,160
225,147,225,167
218,146,232,161
216,144,228,167
224,146,225,163
226,149,212,160
221,145,218,166
221,147,214,164
223,152,212,153
224,156,210,155
223,150,207,148
230,160,200,147
227,155,200,145
234,158,195,140
234,156,197,139
231,156,194,140
236,159,191,135
257,160,168,135
282,160,138,135
281,157,142,135
282,161,140,133
280,158,143,134
282,160,142,132
276,152,149,142
282,158,141,135
275,157,136,136
280,157,107,132
286,162,93,128
277,165,102,121
274,168,107,121
288,171,91,122
280,179,98,112
284,183,92,109
278,177,98,93
285,182,88,67
284,169,89,68
285,156,93,72
288,140,74,70
292,126,65,56
292,126,65,56
292,126,65,56
292,126,65,56
289,88,67,72
290,79,71,87
290,77,77,94
291,77,82,97
294,76,76,97
296,72,73,103
296,74,75,103
298,77,83,103
295,81,88,96
295,81,89,94
298,83,85,88
301,83,72,92
300,82,82,92
300,82,86,92
300,84,84,88
300,84,82,91
300,85,84,90
298,85,73,89
299,84,72,95
298,84,74,92
294,85,81,89
294,83,81,91
295,85,79,90
294,84,79,90
293,83,83,94
291,82,85,94
297,83,78,92
287,81,87,97
293,84,82,97
296,81,79,92
300,84,71,93
294,82,81,93
256,107,98,104
236,131,91,86
224,148,86,72
299,82,79,75
300,82,74,75
300,81,74,78
299,81,75,81
295,80,78,78
295,81,76,82
296,80,77,85
294,81,78,88
295,83,79,78
294,82,76,87
294,82,74,81
289,82,79,88
289,83,82,78
291,83,78,84
291,81,77,89
292,83,75,78
289,82,75,85
287,81,81,96
284,81,81,99
285,82,80,91
288,82,75,82
286,80,79,82
287,79,81,84
293,79,73,81
298,80,70,74
300,79,67,76
308,79,61,72
310,78,59,70
315,77,55,74
299,76,72,80
301,77,70,73
312,76,64,69
309,77,64,72
319,78,54,68
323,76,56,71
321,78,60,70
323,79,59,70
323,80,62,69
319,79,68,73
328,82,62,64
326,83,67,71
326,83,69,69
333,85,64,67
335,87,63,65
338,87,65,66
334,89,66,66
343,91,61,62
347,91,58,61
352,92,52,57
353,93,54,56
350,94,57,55
346,94,62,59
342,94,65,58
346,94,62,59
354,94,54,58
355,94,53,61
353,95,53,59
348,94,56,58
351,94,54,58
348,94,55,60
355,95,47,58
356,95,45,57
352,95,47,58
348,95,51,58
340,94,57,63
331,95,65,62
327,95,66,62
327,96,67,62
325,94,67,62
324,95,66,61
322,93,69,67
319,93,71,68
319,93,68,65
314,93,73,62
314,93,74,63
309,92,77,63
312,91,74,63
309,91,78,64
315,92,72,61
310,91,73,62
306,90,77,63
311,91,74,59
313,91,69,60
316,90,69,60
313,89,65,66
315,87,66,65
315,86,69,66
313,85,69,67
314,85,69,69
314,85,75,66
311,86,76,66
312,85,74,67
314,85,74,68
313,84,75,69
312,86,73,68
314,86,73,69
314,86,78,65
315,85,73,71
313,86,78,65
316,86,76,68
317,85,74,69
317,85,72,69
315,84,76,69
318,86,76,69
319,87,74,67
319,87,71,67
321,86,75,70
323,88,70,66
321,88,73,72
324,90,75,66
323,90,74,65
325,91,77,63
324,91,77,64
324,93,75,61
327,92,75,63
328,92,69,66
328,93,69,63
328,93,67,62
330,94,63,62
325,97,60,60
322,99,63,60
320,100,64,62
317,102,64,57
314,103,64,58
310,103,66,56
305,102,68,66
306,104,64,64
300,104,70,78
297,102,71,86
289,101,78,88
292,101,74,87
291,101,75,86
291,100,72,87
292,98,75,89
291,98,75,91
289,99,75,89
286,97,78,91
287,99,78,84
283,98,82,86
281,99,80,84
278,100,79,81
273,99,82,85
269,102,80,75
264,102,81,83
260,105,78,76
253,106,79,81
247,109,77,84
238,114,79,77
229,116,82,77
224,120,79,74
220,123,76,78
213,124,78,78
206,125,80,80
200,128,81,82
197,129,79,80
194,129,80,81
193,129,82,83
191,128,79,83
191,125,84,86
190,127,81,84
192,124,81,82
195,123,80,82
200,120,79,80
203,117,81,79
209,117,77,75
218,113,75,76
226,110,72,78
231,107,75,87
239,106,75,78
246,105,72,71
255,101,70,79
263,102,71,71
272,97,69,75
279,98,68,69
286,95,70,70
294,94,67,74
304,95,66,68
311,93,69,73
320,93,66,80
328,94,70,67
335,93,70,67
341,94,69,69
345,95,73,69
355,96,74,67
360,96,75,66
366,96,77,68
373,97,72,66
377,99,79,75
381,100,82,68
388,101,82,66
391,101,83,69
391,103,92,68
395,105,94,69
399,105,91,69
400,106,91,76
401,108,94,83
406,108,89,80
403,108,95,85
407,108,91,74
404,107,93,86
402,107,97,89
403,108,96,91
403,107,96,95
401,107,97,93
401,105,94,93
403,103,92,85
403,104,89,85
402,103,87,77
401,101,87,70
396,100,93,73
389,100,93,85
390,99,89,78
383,97,93,92
378,96,94,93
378,95,89,92
375,96,87,93
372,94,86,94
367,94,89,96
363,92,94,96
364,93,88,95
363,95,83,92
361,96,85,90
360,96,85,88
357,94,76,90
355,96,72,86
352,95,74,91
345,94,73,92
339,95,78,90
334,94,76,91
326,97,82,87
324,95,79,90
319,95,84,91
314,95,85,93
310,96,85,91
307,95,88,90
303,93,100,94
294,92,117,102
302,92,102,90
298,91,105,86
298,90,105,85
298,89,103,86
294,89,104,88
289,87,104,92
286,86,105,95
286,83,109,108
284,85,110,110
280,90,104,111
280,138,107,85
279,150,104,64
261,76,91,63
263,88,86,67
269,81,78,67
263,87,83,74
268,85,77,62
268,90,75,79
271,88,70,65
265,89,78,60
265,89,79,62
262,91,82,63
262,92,80,61
262,92,83,60
262,92,82,58
263,91,82,63
264,91,80,59
264,90,81,64
267,90,83,62
267,91,82,62
266,90,84,64
265,90,85,63
267,90,83,67
266,90,87,64
268,91,87,62
267,90,85,67
267,90,84,65
265,91,86,64
269,90,86,65
268,89,85,69
268,89,85,68
270,90,84,65
268,89,86,67
271,89,85,66
273,89,82,62
273,87,85,60
274,87,84,60
274,85,86,59
277,84,85,59
276,84,87,60
277,84,86,56
279,82,83,61
280,81,81,60
279,81,82,57
278,78,78,64
278,78,78,58
276,77,79,57
277,77,74,54
276,75,74,51
273,75,77,46
272,75,75,40
266,79,80,45
270,74,72,41
268,78,70,51
264,75,70,62
262,76,70,65
261,76,68,73
259,78,68,84
257,78,71,92
258,78,70,99
258,78,75,115
254,72,84,110
254,80,76,105
253,80,75,108
253,80,78,117
251,70,81,111
251,80,74,109
251,80,73,105
250,81,76,101
251,81,73,104
251,82,79,105
251,82,73,91
250,81,73,92
249,82,75,93
251,84,78,98
252,86,80,106
254,87,80,110
252,90,83,107
251,94,85,99
246,101,92,91
242,104,93,84
244,106,92,84
241,106,96,85
239,110,99,80
240,111,92,82
239,112,97,80
238,114,99,77
239,111,96,81
239,113,96,80
239,112,97,79
239,114,95,78
240,112,96,81
243,113,91,81
242,113,92,79
241,112,94,81
240,112,95,81
243,112,93,79
240,110,96,83
242,111,93,81
241,112,95,79
241,113,95,76
242,112,96,81
244,113,92,78
242,110,92,79
240,111,97,79
247,112,90,79
246,110,89,81
243,109,95,83
243,108,95,81
243,109,95,82
241,102,99,88
243,98,93,95
244,92,94,101
245,90,91,104
251,86,83,110
250,83,83,115
252,81,81,119
252,80,77,128
252,70,79,111
252,77,77,96
255,77,76,92
258,76,73,95
259,75,73,86
262,74,73,71
265,74,70,67
266,76,70,63
268,76,72,61
267,76,76,62
270,76,73,55
270,76,74,59
274,75,73,56
276,75,75,52
279,74,75,53
283,73,74,57
285,71,73,60
289,72,76,59
294,79,76,67
300,73,76,59
306,74,71,61
311,73,73,62
317,73,72,71
320,75,74,79
326,74,74,87
334,74,70,88
340,76,70,87
342,77,73,90
347,78,74,87
350,77,75,90
356,78,75,87
356,80,78,87
355,80,76,86
361,77,75,89
365,78,74,91
366,77,73,92
367,76,73,89
372,76,67,85
370,75,70,87
376,74,61,88
376,73,61,78
373,73,63,72
370,75,63,67
364,75,65,69
363,75,64,74
356,78,65,82
353,78,65,79
349,78,63,80
343,79,63,76
336,79,64,76
328,79,64,78
314,81,69,75
305,81,70,81
290,83,71,82
281,84,67,72
268,85,65,71
255,85,67,71
246,87,66,75
233,86,71,77
224,83,75,70
217,79,76,65
209,73,77,70
205,66,76,70
202,62,76,84
202,51,73,77
201,39,74,64
199,31,73,71
199,19,72,66
198,13,72,71
200,3,70,66
201,3,68,80
202,-10,71,84
206,0,65,79
201,-3,73,72
202,3,69,75
205,1,68,67
207,5,69,59
206,4,72,60
207,2,67,67
206,-3,72,68
205,2,68,67
202,3,71,62
199,2,70,66
197,1,68,67
192,3,72,65
187,4,75,63
185,3,72,67
180,3,74,65
176,3,72,64
170,4,71,61
166,3,73,61
161,4,71,58
151,2,72,55
149,2,65,52
141,2,58,53
140,2,50,48
130,2,52,49
126,3,50,42
125,3,50,42
119,2,49,42
115,2,54,42
115,4,46,35
104,3,47,38
42,3,48,44
93,2,51,34
40,5,53,41
38,2,51,45
40,2,43,43
59,3,45,34
61,2,40,31
51,2,44,27
44,2,49,29
39,1,45,27
32,2,46,23
23,1,49,24
16,3,50,19
16,3,50,19
16,3,50,19
16,3,50,19
16,3,50,19
0,1,42,22
0,1,42,22
0,1,42,22
