346,280,43,35
347,279,40,34
346,278,40,35
347,279,38,36
347,278,39,35
346,279,38,35
346,279,41,35
348,280,37,33
347,278,39,35
347,279,39,34
347,279,39,34
347,280,39,34
347,279,40,35
346,278,41,35
346,280,40,34
346,278,41,35
346,279,40,36
347,280,38,35
347,280,38,34
347,280,39,34
346,279,40,36
348,278,38,36
347,278,39,36
347,279,40,35
347,279,40,35
347,279,40,35
347,280,39,35
346,279,40,34
347,279,39,35
346,279,40,36
347,279,39,34
348,280,37,34
347,279,38,35
347,279,39,34
346,279,41,34
347,280,39,34
348,279,37,35
348,278,37,34
346,280,39,35
348,278,38,35
348,279,38,33
347,279,37,34
348,279,37,35
349,280,36,33
350,281,33,33
351,282,34,32
352,283,34,30
352,283,33,30
352,286,32,27
350,285,36,28
349,284,36,28
348,281,38,32
348,279,38,34
348,280,38,33
347,281,37,32
345,279,37,33
342,275,38,36
340,274,36,35
337,269,36,38
331,267,40,37
329,267,36,34
326,267,36,32
322,266,34,28
316,265,34,28
312,265,32,25
308,263,31,27
302,262,32,26
299,261,32,26
295,263,32,23
293,261,29,25
290,262,29,25
287,264,30,22
285,265,28,23
284,264,29,25
283,266,28,23
281,267,29,23
280,269,29,22
280,270,30,22
280,269,30,23
280,269,30,23
280,269,30,23
280,268,30,23
280,266,31,26
280,267,31,25
280,269,31,23
280,269,31,23
280,268,31,23
279,267,31,24
280,268,31,24
280,267,31,25
281,269,29,22
281,269,29,23
281,268,29,24
280,268,30,24
280,268,31,24
280,270,30,23
280,269,30,22
280,268,30,24
280,268,31,24
280,268,30,24
280,267,30,24
280,269,30,23
280,268,31,23
280,268,30,24
280,269,30,23
280,269,31,23
280,269,30,23
280,269,31,23
280,268,30,23
280,269,29,23
281,268,29,24
280,268,31,24
280,269,31,23
280,269,31,23
281,270,29,23
281,268,29,24
280,268,30,24
281,270,29,22
281,270,28,22
281,269,28,24
282,269,29,24
281,268,31,25
283,270,30,23
285,269,29,24
286,271,30,23
287,270,31,24
293,269,29,26
296,269,29,25
300,269,28,27
302,268,32,25
309,269,31,25
314,267,31,28
319,268,32,29
325,271,32,25
331,269,31,28
335,268,35,29
342,270,35,27
347,271,34,30
351,275,34,28
354,277,33,30
357,280,33,29
359,282,35,30
361,284,34,31
362,285,36,30
363,285,36,31
363,286,34,29
364,288,34,27
365,287,34,29
363,282,36,33
362,283,36,34
362,281,39,35
361,282,35,34
362,282,34,35
362,282,34,34
362,282,32,34
363,282,29,34
363,281,26,34
363,281,25,35
365,280,33,34
373,277,38,38
367,276,49,38
365,273,57,41
368,270,56,42
373,266,54,44
379,262,50,42
379,262,50,42
398,260,48,34
400,256,44,37
399,249,44,44
399,249,44,44
399,249,44,44
399,249,44,44
399,249,44,44
399,249,44,44
399,249,44,44
399,249,44,44
399,249,44,44
399,249,44,44
399,249,44,44
399,249,44,44
399,249,44,44
399,249,44,44
399,249,44,44
399,249,44,44
399,249,44,44
399,249,44,44
399,249,44,44
399,249,44,44
399,249,44,44
373,186,45,48
282,254,37,42
286,255,32,41
286,255,33,38
285,255,32,37
283,254,33,38
283,254,32,37
284,252,32,38
284,253,30,37
283,253,32,37
283,254,30,37
284,254,31,36
284,253,30,38
283,254,32,37
283,254,32,36
283,253,32,36
283,253,32,38
283,252,31,38
283,253,31,36
282,252,32,38
283,253,31,36
282,253,32,37
283,253,31,37
283,254,30,37
284,253,32,37
284,253,32,37
284,253,32,36
286,254,30,36
286,255,30,36
285,254,32,37
287,255,31,35
288,255,32,38
290,256,31,38
290,256,31,38
291,258,31,37
292,260,31,36
292,260,32,37
292,260,32,37
293,261,32,36
293,260,31,37
291,259,33,38
291,259,32,39
290,261,33,36
290,261,32,35
291,262,32,35
290,261,32,37
290,261,33,36
291,260,32,38
291,261,32,36
291,261,33,35
290,261,34,36
290,261,33,36
291,261,33,35
291,262,33,35
292,260,32,36
291,259,33,37
291,257,32,38
292,258,31,38
291,259,33,35
291,258,33,36
291,257,32,38
291,257,33,36
290,257,33,36
290,255,32,37
290,254,31,39
288,252,32,38
288,252,31,37
287,250,29,38
286,249,29,38
285,246,31,39
286,242,31,39
286,238,33,42
287,234,33,44
288,233,33,43
289,231,33,41
290,230,32,41
288,229,34,42
288,228,35,39
287,227,37,46
286,227,38,47
285,226,39,47
287,223,39,47
287,220,39,48
289,217,36,45
290,214,36,43
291,211,37,43
292,212,38,40
292,213,40,37
290,211,43,35
294,211,42,33
295,211,43,30
297,211,44,28
300,211,42,30
300,211,42,30
300,211,42,30
300,211,42,30
300,211,42,30
300,211,42,30
300,211,42,30
300,211,42,30
300,211,42,30
300,211,42,30
300,211,42,30
300,211,42,30
300,211,42,30
300,211,42,30
300,211,42,30
346,240,37,34
347,249,33,29
347,254,35,28
348,260,34,27
349,265,33,25
351,266,31,28
352,266,32,28
354,272,35,27
356,273,34,30
358,276,34,32
359,278,36,31
361,279,34,32
361,280,35,32
361,279,35,33
360,279,35,33
360,279,33,32
358,279,34,32
358,277,33,34
357,278,34,32
356,278,34,31
355,277,35,32
355,276,34,32
354,275,35,32
355,275,34,32
354,275,36,31
355,274,34,32
354,275,35,32
354,274,35,32
354,275,34,31
355,274,33,31
355,274,32,31
355,274,33,31
355,274,33,33
355,274,33,31
355,274,33,31
355,274,33,31
356,274,32,32
356,274,32,32
356,274,32,32
357,274,31,31
356,273,31,33
357,273,30,33
357,274,31,33
356,273,31,33
356,274,31,32
353,273,34,32
353,273,33,32
352,273,32,33
350,274,33,31
348,273,34,33
348,273,32,34
345,274,33,32
345,274,32,32
344,274,32,32
343,274,32,33
341,274,31,34
339,275,32,32
339,275,31,33
338,275,31,33
336,276,33,33
335,275,33,34
334,274,33,34
332,275,35,33
332,275,33,31
330,273,36,35
331,270,34,36
332,265,32,43
332,263,31,45
331,264,33,44
330,267,35,41
329,271,34,36
329,273,35,34
328,274,35,32
328,274,32,34
328,275,36,30
328,275,32,32
328,273,33,33
328,273,35,33
328,274,35,32
328,274,36,33
347,277,39,33
347,279,40,30
346,275,42,34
349,272,43,40
348,272,46,40
345,272,49,38
346,272,50,39
348,268,47,43
331,270,56,39
328,274,61,33
327,275,62,33
326,270,69,39
325,273,70,36
326,273,67,36
326,273,68,35
326,272,66,37
326,272,65,35
325,271,66,36
326,272,68,35
326,272,65,34
328,271,64,35
329,269,63,37
332,266,62,40
331,258,66,47
331,255,65,47
330,253,64,46
331,249,59,48
329,248,60,46
328,247,59,46
328,243,59,46
327,243,60,47
329,241,55,49
327,238,59,50
328,240,58,48
326,239,63,50
325,238,62,49
327,238,60,49
326,243,64,44
327,243,65,44
327,244,70,43
329,244,67,44
328,244,69,43
328,241,70,47
329,241,67,46
331,239,63,46
329,240,67,44
329,240,69,42
329,234,65,49
328,228,68,53
327,229,68,51
326,226,68,50
325,220,64,51
326,214,61,52
327,211,58,50
325,207,60,50
325,198,58,55
326,197,56,51
324,191,59,56
325,189,57,54
323,189,59,54
320,179,58,56
322,187,60,56
319,181,58,50
322,186,56,53
320,182,56,53
321,184,57,52
321,182,57,55
321,179,57,57
322,179,58,56
323,180,58,54
324,179,57,55
324,178,58,57
326,179,56,55
327,177,56,56
328,178,55,57
330,179,52,56
328,180,59,59
329,183,57,57
330,185,59,59
331,189,58,57
331,193,60,57
332,199,60,56
333,201,57,57
333,204,61,55
333,205,61,55
333,212,63,51
335,217,62,49
338,225,61,46
341,232,61,44
343,240,57,41
348,243,55,44
349,249,53,40
353,252,56,40
353,259,54,37
352,263,55,35
351,265,53,35
351,268,52,35
349,269,59,36
347,269,62,37
344,268,67,38
343,269,66,36
341,269,67,37
340,271,68,37
339,271,71,35
338,271,71,35
337,272,72,35
338,272,69,37
339,274,68,35
339,274,69,36
336,274,76,34
338,274,75,33
337,274,78,32
337,271,79,36
338,270,74,37
336,271,76,35
336,269,70,37
340,270,61,36
340,270,58,38
341,272,56,34
340,273,56,30
339,271,58,37
339,272,60,33
336,272,62,35
339,273,58,35
340,272,54,36
340,273,54,35
341,273,52,36
341,273,52,34
341,273,52,38
340,274,55,34
341,274,56,32
342,274,54,32
342,273,58,34
343,274,62,31
338,273,68,32
343,272,66,33
344,270,65,34
344,271,69,31
339,270,77,33
347,268,72,34
349,265,70,39
352,266,70,37
354,267,68,38
358,267,65,38
364,267,64,40
368,267,65,40
373,267,65,40
377,268,66,39
378,269,70,37
379,274,69,35
376,275,71,33
379,275,73,37
378,276,71,40
379,278,65,42
376,281,58,41
372,282,46,38
368,281,42,35
364,282,38,36
357,283,38,35
353,281,37,35
346,280,39,36
342,280,39,36
340,278,38,35
338,278,36,36
338,277,36,36
338,278,36,34
340,276,37,36
340,271,39,41
341,269,42,42
347,267,40,45
349,265,42,48
352,265,43,47
358,264,44,48
365,264,42,50
372,263,42,51
379,265,39,50
385,266,40,49
393,268,39,48
398,269,44,50
403,271,46,50
410,274,47,50
414,277,53,47
422,280,53,43
432,282,53,36
432,289,43,37
464,283,46,31
469,286,51,32
477,289,50,27
485,293,46,31
487,296,47,27
426,300,45,38
435,299,36,44
433,302,31,48
428,304,34,46
422,305,36,46
412,306,40,44
402,306,46,44
391,304,50,45
381,302,50,46
373,301,51,47
366,299,50,47
359,298,49,46
356,298,45,43
351,296,47,43
351,295,45,43
348,294,44,42
346,294,46,43
345,292,43,44
343,292,42,39
339,290,43,38
338,288,42,38
337,286,40,37
336,283,40,36
336,282,37,36
335,280,38,36
335,279,38,34
338,278,38,34
339,276,37,35
342,276,36,34
345,275,35,35
347,276,35,34
349,277,33,31
348,276,35,33
348,277,34,32
348,276,36,32
349,275,34,33
349,276,34,33
349,277,34,32
347,276,34,33
347,276,34,33
347,276,34,32
346,276,35,32
346,276,34,32
346,276,33,33
346,275,34,33
345,276,34,31
346,277,33,32
346,277,35,31
347,276,35,32
349,276,34,32
351,276,35,33
355,276,35,32
356,276,34,31
357,276,34,32
358,276,34,32
359,276,33,33
359,276,32,32
359,275,32,33
359,277,32,33
359,275,33,34
359,276,32,33
360,276,31,32
360,276,31,33
360,276,31,32
359,276,32,32
359,277,33,32
358,277,34,32
358,276,33,32
358,276,33,33
358,276,33,32
359,276,33,33
358,276,34,33
357,277,35,31
357,276,35,32
357,276,35,32
358,276,34,32
359,276,33,32
358,277,34,32
358,277,34,32
358,277,33,31
359,277,33,32
358,276,34,32
358,276,34,33
357,276,35,32
357,276,34,32
357,276,35,32
358,276,34,32
357,276,34,32
358,276,34,33
358,276,33,32
358,276,34,34
358,276,34,32
357,276,35,32
357,276,34,33
357,276,35,33
358,275,34,34
358,277,33,32
358,276,34,32
357,276,34,32
357,276,34,32
357,277,34,33
357,276,34,32
358,276,34,32
358,277,34,32
357,277,35,32
358,277,34,32
358,277,35,29
357,276,37,33
356,276,36,33
357,277,35,32
358,276,35,33
357,276,34,34
357,276,34,33
357,275,35,34
357,276,35,33
358,276,34,33
357,276,35,33
358,276,33,32
357,276,35,32
357,276,34,32
357,276,36,33
357,275,35,33
357,276,35,32
356,276,37,32
357,276,35,32
356,276,36,32
357,276,35,32
357,276,35,32
357,277,35,32
358,276,34,32
357,275,34,34
357,275,35,33
357,276,34,33
358,276,34,33
358,276,34,32
356,276,36,33
357,275,35,34
357,275,36,34
356,277,36,32
357,276,35,31
357,276,35,34
356,275,36,33
357,276,34,33
357,276,35,32
357,276,36,33
356,276,35,33
358,275,34,34
357,276,34,33
358,275,34,33
357,276,34,33
357,276,34,32
357,275,35,33
357,277,34,31
357,276,35,33
357,275,34,34
358,276,34,34
357,276,34,33
357,276,36,31
357,276,35,31
357,275,34,33
357,276,36,33
357,275,35,34
358,277,33,33
358,277,34,32
357,276,35,32
357,277,34,32
357,276,36,32
357,277,34,32
356,276,36,32
356,276,36,33
356,276,36,34
357,276,35,33
357,277,34,32
357,277,35,31
358,276,33,33
357,276,34,33
357,277,35,32
357,276,35,32
357,276,34,34
358,276,34,32
357,277,34,32
356,276,35,33
357,277,35,31
357,277,35,31
357,276,35,31
357,277,35,31
357,277,34,32
358,277,34,32
356,276,36,33
356,276,37,32
357,277,35,31
357,277,35,31
357,276,35,32
356,277,36,31
357,276,35,32
357,277,35,32
357,277,35,32
357,277,35,32
356,277,36,31
357,277,34,31
356,276,36,33
357,276,35,32
357,277,34,32
357,277,35,32
357,276,36,32
356,276,36,32
357,276,36,32
356,276,36,33
356,277,36,32
357,277,35,31
358,276,34,33
357,276,35,33
357,277,36,32
357,276,36,33
357,277,35,32
356,276,36,32
358,277,34,33
356,276,36,32
357,276,35,33
357,277,34,31
357,276,35,32
358,276,33,32
359,276,32,33
357,277,34,32
358,277,34,31
358,276,34,31
357,275,35,32
358,277,34,31
357,275,35,33
358,276,34,32
358,275,34,33
357,276,35,33
358,276,34,32
357,276,34,34
358,276,34,33
358,276,33,33
357,276,35,32
358,275,33,34
357,275,35,34
357,276,34,32
358,276,33,33
358,276,33,34
358,276,33,33
357,276,35,33
357,277,35,32
357,276,35,33
357,276,34,33
358,277,33,32
358,276,34,32
357,277,34,32
358,276,34,32
357,276,34,33
357,277,34,33
357,276,35,32
358,277,34,32
358,277,33,32
358,276,33,33
358,277,34,32
359,276,33,32
358,276,33,33
357,276,35,32
357,277,34,31
358,276,34,32
358,277,33,32
358,276,34,32
357,276,34,33
358,276,34,32
358,277,34,31
359,276,33,33
358,276,35,32
359,276,34,32
359,276,33,31
359,275,32,33
359,274,33,34
358,275,32,33
357,275,32,33
357,275,31,32
356,273,30,31
355,271,30,32
353,269,31,30
352,266,34,32
352,261,43,38
352,259,48,32
346,255,54,33
342,252,57,34
341,247,53,36
339,244,52,37
336,242,53,35
332,239,56,40
331,237,55,44
330,237,50,41
329,235,48,44
329,234,46,43
327,233,45,45
325,229,46,48
323,228,47,49
322,227,47,49
320,225,50,52
320,225,48,52
321,224,47,52
319,221,52,55
319,221,51,52
320,218,48,54
319,216,51,53
322,221,47,46
322,220,46,44
323,217,45,44
323,216,47,43
325,215,47,43
324,213,45,41
322,212,49,42
320,212,53,42
321,212,53,44
320,212,54,43
319,212,53,40
320,212,50,39
318,211,54,40
318,208,55,41
316,207,57,33
316,204,55,32
316,201,53,33
316,196,51,33
316,191,49,34
317,188,41,34
316,184,40,36
315,181,42,38
314,179,44,38
313,179,45,39
311,178,47,39
310,178,46,40
308,179,46,41
306,180,45,40
303,181,48,41
302,180,44,41
300,183,45,40
298,183,46,41
296,185,46,41
294,186,46,42
292,186,52,43
291,188,50,42
288,189,49,41
287,191,55,42
286,191,51,44
286,192,49,43
286,192,47,42
286,194,49,42
286,195,46,42
286,196,45,41
286,197,44,40
286,198,46,40
287,198,43,40
287,198,43,41
288,198,41,38
287,200,40,38
287,197,45,39
286,199,46,39
285,199,47,39
285,199,45,41
287,198,47,41
286,199,46,42
287,199,45,41
285,198,47,41
285,199,49,41
285,199,51,41
285,199,49,40
285,199,47,41
286,199,46,41
286,199,49,40
286,199,48,41
286,199,46,42
288,199,40,40
287,198,44,41
286,199,46,42
287,198,43,42
288,200,40,40
289,199,39,39
288,197,48,39
289,197,48,40
288,197,48,38
288,197,44,39
290,196,44,39
289,197,48,39
288,196,48,39
288,197,49,39
291,196,47,39
291,196,50,39
292,195,48,38
292,194,47,38
293,194,48,37
295,193,47,37
296,192,48,38
296,191,47,38
296,190,50,36
298,189,43,37
297,189,48,37
297,189,50,37
298,191,46,33
299,191,46,35
299,191,44,33
300,191,46,33
300,190,47,34
301,191,47,33
301,191,47,32
302,191,46,30
303,191,45,31
301,191,48,30
303,190,45,31
303,189,46,34
301,191,49,31
301,191,45,32
301,190,46,32
302,191,46,32
301,191,44,31
302,190,43,33
302,190,44,33
301,191,46,33
300,190,48,34
300,191,47,33
301,192,44,32
300,192,46,34
300,193,44,34
298,193,47,35
297,196,46,34
298,196,47,35
295,197,49,35
295,199,48,36
294,199,48,35
292,200,50,36
292,201,47,36
291,202,48,36
289,202,51,37
289,201,49,38
289,201,51,39
289,201,48,39
289,202,45,39
289,201,41,38
288,202,40,39
288,201,46,39
290,201,40,39
289,202,44,37
289,201,44,38
289,201,44,39
289,202,42,37
290,202,41,37
291,202,36,37
290,202,38,37
291,202,42,36
290,200,46,38
292,200,36,38
292,198,41,38
293,198,44,37
295,197,41,35
293,195,45,37
294,194,48,37
296,193,48,36
297,192,46,36
298,192,45,36
298,193,47,33
299,193,45,33
298,191,46,34
299,191,49,35
300,191,48,35
300,190,48,36
299,192,48,34
300,192,50,34
302,194,46,34
304,197,49,33
305,200,54,34
307,206,61,32
310,212,67,34
311,223,76,30
317,231,76,35
322,240,73,34
329,249,73,32
336,254,68,36
340,259,66,36
345,263,61,35
349,266,60,34
351,267,58,37
352,270,58,38
352,273,59,37
355,272,56,39
356,273,55,39
355,273,56,40
354,273,58,39
355,273,56,41
353,274,57,41
354,272,57,41
353,274,57,40
354,277,57,37
353,277,59,36
354,278,58,36
346,279,50,33
353,280,42,32
354,280,38,32
355,280,37,33
354,279,39,33
354,280,38,32
354,278,39,35
354,279,39,33
355,279,37,33
355,279,38,35
355,279,37,34
354,279,38,33
354,279,39,33
355,279,36,34
355,279,37,34
355,279,37,34
354,279,38,33
354,279,39,33
354,278,39,33
355,280,37,34
355,279,38,35
355,278,38,34
355,279,37,34
354,279,38,34
355,279,37,36
355,279,36,34
355,279,38,34
353,279,39,34
354,279,38,33
355,279,38,33
355,280,38,34
355,280,37,33
353,278,40,34
354,280,38,34
354,279,39,32
357,279,38,34
359,280,39,33
366,282,35,34
373,283,36,34
379,284,38,35
385,285,40,36
391,286,40,34
399,287,39,35
403,286,41,38
408,287,44,36
415,287,43,38
421,289,43,38
427,290,43,38
432,290,43,38
435,290,45,39
438,291,44,39
438,291,45,38
437,290,46,40
439,291,44,38
437,291,45,39
439,291,42,39
440,291,42,41
440,291,42,40
440,291,42,40
439,290,44,40
440,292,42,37
441,292,42,39
440,292,42,38
439,291,44,39
440,292,43,38
439,291,43,39
439,291,44,39
439,291,44,40
438,291,45,40
438,291,44,40
439,292,44,40
438,291,44,41
439,291,43,40
438,290,45,41
440,292,43,39
440,291,42,40
440,291,42,41
440,291,43,40
438,290,45,41
440,292,42,40
438,291,45,40
439,293,44,38
439,291,43,40
439,290,42,42
439,291,44,41
439,291,43,40
441,291,42,40
438,291,45,40
438,291,45,40
438,291,45,40
437,291,46,40
439,291,44,40
440,291,42,41
439,292,43,39
439,290,44,41
438,291,44,40
440,291,43,40
438,291,46,40
438,292,46,39
438,292,44,38
437,290,46,42
438,290,45,41
440,291,42,38
439,291,44,41
439,290,43,41
439,291,43,41
439,291,44,41
439,291,43,40
438,290,45,41
439,290,44,42
439,291,43,40
439,291,43,40
439,291,43,40
439,291,44,40
440,291,42,40
440,292,42,39
439,290,43,40
440,292,42,39
439,291,43,38
440,291,43,37
439,291,44,39
438,290,44,40
440,292,43,39
438,290,44,40
441,292,41,38
439,291,43,39
438,292,45,38
437,291,45,39
435,290,48,41
437,291,47,40
438,290,45,41
439,291,43,40
439,291,43,39
440,293,43,38
441,295,41,36
440,293,44,37
439,295,47,34
440,295,43,34
439,293,44,36
441,294,42,35
442,296,40,31
441,294,40,33
440,293,42,36
440,294,43,36
441,294,40,35
441,293,40,36
442,294,40,35
439,292,43,37
438,292,43,37
440,293,42,36
439,293,43,36
439,293,43,36
439,293,43,37
441,293,41,35
439,292,44,38
438,292,45,36
438,291,43,38
438,291,45,36
439,293,43,35
437,293,45,36
436,292,48,38
434,291,48,39
437,293,46,37
437,292,45,38
437,292,46,37
439,291,45,37
438,290,44,39
438,290,45,40
440,291,46,38
439,293,49,36
441,292,47,38
438,289,52,41
438,292,50,38
444,295,43,35
442,294,45,35
439,292,44,35
436,287,42,35
427,284,44,39
418,273,49,39
408,263,54,43
398,262,50,39
386,255,52,40
374,250,61,43
364,248,68,40
352,244,55,39
344,244,53,38
337,237,52,43
329,236,52,40
324,235,54,39
320,234,53,39
319,236,51,35
316,235,51,34
315,236,51,32
313,236,52,32
314,236,51,32
314,235,52,34
313,234,51,34
314,234,51,34
314,234,54,36
316,232,53,37
314,231,59,39
314,229,59,40
314,228,59,44
312,227,62,47
312,228,62,49
312,227,63,52
319,227,59,45
319,225,58,46
321,225,56,46
321,224,57,46
323,224,54,44
321,225,57,43
320,224,61,46
320,224,61,48
318,225,65,52
317,226,65,50
318,227,65,47
319,226,62,50
321,226,60,47
320,224,64,54
320,223,60,51
321,221,62,53
322,217,59,58
320,219,65,60
320,220,62,56
321,222,62,55
323,222,57,54
321,222,63,56
323,218,58,59
325,221,53,55
324,223,56,54
326,223,51,50
326,223,49,49
326,222,50,50
325,221,51,52
323,219,54,56
323,222,55,53
323,222,53,52
321,221,57,54
321,225,56,50
322,226,53,48
321,225,53,47
320,225,56,47
319,226,57,47
319,228,59,44
319,229,57,43
319,228,56,44
319,227,57,45
319,225,56,47
320,227,55,46
320,226,56,46
319,223,57,49
320,226,57,47
320,226,58,45
321,227,53,46
321,228,54,44
320,226,54,48
319,228,59,46
317,228,60,44
316,227,62,48
315,227,65,47
314,229,66,46
316,229,65,48
315,231,66,45
317,231,62,45
317,228,62,48
319,231,64,46
317,229,66,46
317,228,65,48
317,227,65,48
319,226,63,48
319,227,64,48
319,227,63,46
320,225,61,48
321,222,60,49
320,221,61,50
318,221,65,49
318,220,64,50
317,224,64,46
316,220,65,49
316,225,61,44
316,226,63,44
316,228,64,42
316,230,65,40
314,230,67,40
314,230,68,39
315,229,64,41
316,229,64,40
317,227,64,43
316,228,64,43
317,227,60,43
314,228,65,43
313,228,65,41
315,228,64,40
316,229,63,38
316,229,60,40
315,228,61,42
315,227,59,44
314,226,65,45
313,227,64,45
313,227,64,46
313,227,64,46
314,227,65,48
313,228,65,48
313,228,66,47
312,226,66,49
312,226,67,52
312,223,64,55
311,223,68,56
311,228,67,50
309,226,70,50
310,229,69,48
309,229,69,49
309,228,66,51
309,227,68,53
308,229,69,52
308,229,69,51
311,228,62,49
311,228,65,50
310,231,68,49
310,230,68,50
310,231,68,50
310,230,68,50
310,229,69,51
309,231,71,49
309,235,70,44
308,231,70,49
309,229,72,55
308,233,72,51
310,236,72,45
308,236,72,46
308,236,72,45
308,235,76,48
310,237,71,45
312,237,70,45
312,236,70,45
311,236,71,44
312,234,70,48
313,234,69,47
312,234,70,46
310,235,72,44
312,233,67,46
312,231,67,46
312,230,66,48
312,228,66,49
310,228,69,51
312,225,67,55
314,225,65,54
314,226,64,52
313,226,66,53
313,227,66,52
312,227,69,51
311,227,71,53
312,228,66,50
313,225,67,55
315,226,64,53
317,228,61,52
319,227,58,51
319,227,59,50
320,229,56,49
318,225,60,54
318,221,58,57
319,226,59,53
317,223,61,54
315,221,63,58
315,223,64,58
311,216,68,66
315,221,64,59
317,220,61,58
316,221,63,59
315,218,65,62
315,219,65,62
315,219,63,60
315,218,64,61
313,221,66,59
313,220,65,57
312,220,67,60
313,220,69,61
312,220,66,61
314,220,65,59
313,221,68,60
314,220,65,60
315,221,66,60
314,222,69,61
315,224,68,59
317,229,67,53
317,223,66,59
317,227,68,55
320,224,66,56
322,229,67,53
322,232,67,51
325,235,68,48
326,233,67,52
331,236,61,51
333,241,63,46
334,245,60,44
335,247,66,46
335,250,71,48
339,255,67,44
344,261,61,42
344,263,62,41
344,267,68,40
345,270,72,39
346,270,73,41
346,272,75,41
351,270,74,42
353,270,80,46
353,272,82,44
353,274,85,42
352,272,89,43
352,274,90,41
352,275,94,39
341,278,88,34
343,280,81,33
348,275,81,37
347,275,82,37
342,276,81,36
348,273,79,39
348,274,82,38
342,270,87,44
339,271,86,42
345,274,78,38
346,275,69,38
348,276,56,37
351,278,51,34
356,278,41,34
362,279,31,33
362,281,33,32
366,280,31,34
368,282,31,34
370,282,31,35
374,282,30,34
377,283,30,35
380,283,32,36
385,285,30,34
389,286,30,33
392,286,32,35
396,287,35,36
400,287,34,36
404,287,35,33
407,288,33,35
409,289,35,35
409,288,37,36
412,288,35,36
413,288,34,35
412,289,36,34
412,289,35,34
412,289,35,34
411,288,37,34
411,288,39,36
412,288,35,36
411,288,36,35
412,289,37,34
412,289,37,35
411,288,37,34
412,289,37,34
410,288,37,35
411,289,37,35
411,288,38,36
411,288,37,34
411,289,37,34
410,289,39,35
411,288,37,34
411,289,37,35
410,289,39,34
411,288,38,37
411,288,37,36
412,288,36,35
412,289,37,34
411,288,38,37
410,288,38,36
410,287,39,37
411,287,38,36
411,288,37,36
411,287,38,37
411,288,38,37
411,287,38,36
411,288,38,36
411,288,37,36
411,287,36,38
412,288,37,35
411,288,36,35
411,288,39,35
410,288,38,35
411,288,38,36
410,287,39,36
410,288,39,36
410,288,39,36
411,288,37,35
411,288,38,35
412,288,37,35
411,288,38,36
411,287,38,37
412,288,36,35
411,288,37,36
411,288,38,36
411,288,38,35
411,288,38,36
411,288,38,36
411,288,37,36
411,289,37,35
411,289,37,35
412,288,36,36
411,288,36,36
411,288,37,35
412,288,37,35
411,288,37,35
411,288,38,35
410,289,38,35
410,287,39,35
410,287,39,38
411,288,37,36
412,288,36,35
411,288,38,35
411,288,38,36
411,288,38,36
411,288,37,37
411,288,37,36
410,287,38,37
411,288,37,35
412,288,37,37
411,287,38,36
412,288,37,35
410,289,38,35
412,288,36,35
411,288,37,35
412,289,37,34
411,288,38,35
412,288,37,35
411,288,37,36
412,288,36,35
411,288,37,35
411,288,37,36
410,288,38,34
411,288,37,35
411,289,37,34
410,289,38,34
411,289,36,35
412,289,36,34
411,289,37,35
411,288,36,36
412,288,36,35
411,288,36,36
410,287,37,37
411,288,37,35
411,288,38,35
411,288,38,36
412,288,35,35
411,288,36,35
412,288,36,35
412,289,34,34
412,288,36,35
411,287,37,36
411,288,36,36
411,288,37,36
411,288,37,36
