195
723
982
657
298
3131
587
939
696
9114
3206
854
262
634
5607
8402
8935
896
433
5327
5358
1003
797
1202
8739
572
183
243
1177
8934
225
573
254
785
4927
585
343
6240
242
4478
4289
987
800
466
5312
4373
1061
438
203
110
636
8465
1101
3070
8973
3271
30
706
4720
5847
223
9108
966
739
258
829
213
339
8032
7992
3251
1054
4199
260
6966
680
294
6057
4232
956
5602
6995
1033
8237
1167
152
7719
6122
67
3400
975
432
151
820
1258
6225
157
2584
1135
903
8936
102
3020
214
4868
6213
9095
1022
2326
23
1281
940
235
1182
143
1129
1157
18
4878
8146
83
52
199
978
8345
5851
8073
1133
5544
618
714
326
33
1149
53
8728
629
2382
7708
393
959
670
499
400
9326
630
492
653
8317
8967
640
6099
41
733
289
612
672
8403
8847
535
673
516
6014
451
6253
4514
5829
2181
3618
8929
6211
257
514
710
3263
2964
605
320
6962
241
5666
2471
4811
220
1018
4461
902
5539
796
926
1180
1203
91
3273
701
686
5254
6261
1283
4466
42
5750
8972
8933
6237
6217
92
6992
994
408
651
5792
1185
5635
685
204
20
215
992
3157
1000
182
231
4203
8978
550
867
5001
375
216
604
688
447
293
70
735
1050
6198
329
1282
4989
1036
655
565
1017
1259
350
4993
6351
17
6127
8021
904
315
9244
1151
8081
310
990
4814
296
4269
1168
4982
880
6305
81
747
4849
3453
8989
404
793
798
2407
963
3698
120
3622
887
4474
1198
906
180
799
1056
299
955
1052
804
236
194
2870
4918
1097
206
713
4980
3149
5673
828
2406
582
1169
538
6309
977
857
105
5747
8976
911
2383
3699
1189
7402
274
8369
355
745
6983
427
2727
163
45
744
8868
5777
8733
1088
4374
840
989
1032
371
490
104
563
2883
373
6643
1161
3307
2325
8885
596
6208
1150
7994
4784
1138
385
705
21
7982
8318
1005
3563
2958
809
6058
381
38
7028
1209
8980
1066
6314
384
4812
6910
1221
885
922
805
1240
454
979
1214
1100
632
378
6475
566
4365
6259
3649
2561
8353
795
4378
2378
252
583
498
2313
617
5234
1089
1212
8887
836
1276
9325
301
9238
414
1175
2185
1160
6113
1165
3768
8147
1176
8239
6618
240
6474
4806
7027
234
9280
5279
6215
364
51
780
29
1130
627
750
249
383
920
946
1030
548
138
297
5116
1219
439
170
5321
322
5285
74
4813
288
3091
890
8726
6339
846
8313
6196
5724
1063
976
169
1136
8884
757
541
834
759
429
8969
1105
1014
615
571
862
4978
217
8283
1201
858
654
421
953
407
985
309
6207
449
1069
2957
7700
738
6242
6108
1178
4886
6206
6348
8889
6308
1210
4244
628
4939
462
321
3033
416
1060
348
3626
3024
937
4906
1038
936
783
6350
578
6306
614
72
250
9173
280
545
7983
8141
4004
7392
1195
4009
1120
5997
397
6167
914
8140
4219
927
8837
1016
8987
1188
736
9331
9329
7999
66
465
460
3219
338
5146
2180
6303
6063
549
4716
521
8287
6241
5603
8860
957
8281
380
1110
113
8240
6616
5361
4471
925
721
8320
166
9334
639
683
9283
239
3623
396
3480
284
1272
579
2660
781
8990
495
853
319
1260
272
277
4480
845
872
513
3032
1217
6313
1109
485
2583
7055
374
841
424
4516
135
778
4975
9228
5606
22
5162
981
1166
879
552
448
641
1040
461
209
128
6603
969
1076
177
762
1015
626
812
1055
201
150
323
457
610
8226
9115
729
5297
5246
8784
1103
8965
46
6975
693
777
248
6752
4920
753
6315
306
709
155
791
8727
8269
4799
5828
646
464
5656
991
674
401
3395
263
1064
228
3619
1158
792
4051
1184
6222
6252
3621
44
55
656
695
861
9219
3767
5525
665
7269
6349
2996
47
304
196
4054
436
1057
365
1124
1087
784
764
1193
4816
913
1067
251
569
5107
26
31
255
3411
8928
176
1034
317
259
1181
1119
468
8087
7019
443
314
409
5536
6433
1006
4809
491
1123
471
766
332
0
817
8932
212
909
7391
3420
444
141
8963
354
89
482
864
6015
446
941
205
649
802
6344
912
712
8855
539
3289
6593
426
422
2475
863
8853
743
493
4228
8075
283
6619
142
731
4290
9129
3625
1134
279
295
8966
5046
5849
5359
7997
390
377
3311
395
3455
7037
6257
8777
184
5812
9284
856
1058
6214
515
6865
544
7017
6974
5235
103
5422
36
730
370
1173
2965
181
7092
708
232
1035
363
229
487
1174
19
2403
635
970
4197
1059
382
5058
24
2183
620
2971
6065
870
116
1104
822
470
547
2879
999
637
161
6362
6959
366
167
726
702
5106
998
8349
402
875
7705
6168
7995
895
311
752
351
5653
1111
1218
428
1156
7018
9087
39
7036
8983
1065
353
88
435
8282
760
1253
529
224
4901
3348
1162
1190
162
4285
175
720
758
9324
1171
700
8020
423
625
308
8071
881
3252
1043
43
782
823
8070
221
3562
756
503
7022
546
580
748
1107
910
644
246
888
9089
4053
3312
6361
5808
8931
960
359
8401
9168
938
237
3645
6302
179
494
8970
4031
962
724
9084
347
1267
27
1194
411
1191
8072
445
954
4455
6210
261
7189
3144
871
619
7029
948
983
7030
4368
847
4049
1132
452
472
4810
776
668
5543
7023
4462
6205
718
6066
286
859
218
1277
1256
6224
3766
1047
716
3472
115
1204
434
8880
1164
5608
1128
412
643
442
5605
528
924
6307
6300
3062
1237
5360
9088
325
974
335
568
4994
6304
369
4369
6199
440
631
32
878
6218
669
2654
379
8084
1216
2887
178
307
648
2791
727
488
8783
794
7996
1084
6121
106
1002
576
3072
211
238
9330
1152
8743
1028
376
5343
968
8315
1086
197
7085
4777
607
8399
37
6064
767
647
90
7192
5105
2408
1163
480
4283
537
168
807
6195
8982
5151
318
8964
711
1031
638
1029
153
1001
1106
8412
6604
372
9279
988
725
611
907
821
368
666
1199
8400
586
5668
951
2963
2380
399
35
5526
986
1286
3576
5253
4281
7088
905
2182
394
367
7038
253
1075
160
965
389
1046
425
919
8083
8431
6617
256
8260
5051
575
707
835
512
4708
6288
742
6192
5846
4247
8731
2672
54
68
608
6265
980
5538
200
5511
8975
9221
5757
486
884
489
82
543
8986
287
1125
1009
313
336
667
362
561
3475
6914
945
768
1037
154
4988
1170
244
984
340
4850
5652
6346
305
1053
1239
1041
935
431
1121
1004
811
6200
633
8930
4271
1108
165
882
570
346
1172
6221
923
5669
2400
324
8002
616
650
6025
327
156
737
8227
8979
6219
281
5657
430
2381
2563
8033
5110
341
2560
71
164
4476
403
230
542
645
9070
624
5871
282
357
278
398
69
4915
328
352
4295
5832
4846
4055
