300,209,43,74
299,207,39,75
298,207,43,75
300,205,43,76
302,205,44,76
304,203,49,77
305,202,54,78
309,204,57,76
314,201,58,74
322,205,54,74
333,202,48,77
341,201,45,75
348,196,46,83
355,197,47,89
363,195,50,85
371,196,48,78
380,193,49,80
389,187,47,85
392,185,51,86
402,180,47,88
407,176,49,89
412,171,54,88
414,169,59,86
419,165,58,85
423,165,57,84
427,161,55,81
428,158,56,80
431,156,54,83
430,155,55,83
430,154,58,81
430,154,56,81
426,154,61,79
428,156,59,80
430,162,55,73
432,166,48,73
432,167,47,74
432,169,46,72
428,174,49,72
426,174,54,71
426,173,56,69
425,172,58,69
427,173,58,68
430,174,52,68
433,174,48,67
437,176,45,66
442,176,43,65
442,177,47,64
445,176,45,67
446,177,49,67
448,176,53,69
451,180,56,67
457,181,54,68
462,181,51,70
467,179,48,71
473,183,46,69
474,184,51,69
477,182,54,72
480,185,55,70
480,185,60,71
482,188,60,67
482,190,59,65
482,187,55,68
483,188,55,66
482,187,53,69
482,186,51,69
480,185,48,69
475,185,48,68
472,185,44,65
465,188,48,62
458,188,46,64
453,189,41,61
448,190,38,59
440,193,36,60
434,195,35,58
425,198,39,58
419,201,37,56
415,203,34,53
410,204,34,53
402,205,39,55
400,210,38,50
396,215,39,47
394,215,41,45
394,214,40,45
395,214,41,44
397,214,40,43
400,215,40,43
404,216,40,42
410,217,40,45
415,219,40,43
418,224,45,40
425,225,45,42
433,227,47,44
444,228,45,47
457,231,44,49
466,233,45,51
478,235,40,56
490,238,41,55
502,240,39,54
516,241,40,53
527,240,40,53
537,240,38,53
546,241,38,53
554,240,36,58
560,240,38,57
563,240,39,56
566,240,40,60
566,241,39,61
563,242,40,65
559,247,40,61
553,248,38,62
543,249,40,62
533,249,37,63
521,252,35,65
506,253,36,62
492,256,36,60
478,260,41,60
465,263,41,61
455,266,37,55
442,267,37,56
433,268,36,52
422,268,38,50
414,266,36,49
410,263,33,48
407,259,30,49
403,255,28,46
401,252,27,44
400,247,28,44
400,244,26,42
400,242,27,43
402,239,32,46
404,236,41,47
404,238,43,45
406,237,42,44
408,239,41,46
411,239,40,47
413,241,40,47
415,242,41,45
416,243,43,45
417,243,45,45
417,244,48,46
421,244,53,48
425,244,55,47
428,244,57,49
435,242,45,50
439,240,34,50
445,239,32,50
450,238,32,53
455,236,32,52
459,233,33,52
463,233,33,50
468,229,33,50
473,227,32,49
476,225,32,50
478,225,30,52
480,224,31,51
481,222,31,49
481,222,30,47
479,219,33,49
476,220,35,50
474,221,37,47
470,221,41,48
468,221,44,51
464,223,46,48
459,224,47,49
456,223,45,49
451,224,47,46
450,222,44,47
447,225,46,48
446,222,46,46
444,223,48,47
442,224,52,44
442,224,51,46
442,224,52,43
443,223,52,44
445,223,48,44
447,222,47,45
449,223,47,46
453,222,44,44
455,223,44,46
457,223,44,44
457,223,45,45
459,224,45,44
461,220,44,48
462,222,42,48
464,221,41,46
464,223,41,45
464,221,43,49
466,221,42,48
467,222,39,45
468,221,41,47
469,221,37,48
469,222,39,49
470,221,37,49
469,222,38,48
469,221,37,47
467,220,39,49
466,220,40,50
465,221,40,48
464,222,41,46
462,222,43,45
461,223,43,47
459,222,43,47
458,224,44,46
458,225,43,44
456,226,44,46
456,224,44,45
455,225,44,47
454,225,45,44
454,227,44,44
454,224,46,45
454,225,45,46
455,225,43,44
453,225,46,45
453,226,47,47
453,223,47,46
454,226,46,45
456,224,43,45
454,225,47,47
456,225,46,44
457,225,44,47
459,223,43,48
460,225,43,45
460,226,44,44
461,226,42,47
462,226,42,46
465,225,40,47
465,227,40,45
464,226,41,48
465,224,40,48
466,227,40,47
465,224,41,49
464,223,40,49
460,221,44,49
460,219,42,50
456,221,44,49
454,219,44,50
448,218,47,51
445,217,48,49
439,216,48,49
434,214,50,49
425,212,54,51
417,211,58,50
416,209,51,50
409,207,52,52
401,208,56,52
393,205,59,53
382,207,65,50
375,206,58,49
376,208,48,44
372,208,43,43
368,209,41,42
366,209,40,40
362,208,41,40
361,206,41,41
361,206,40,41
362,204,40,41
363,204,40,40
365,203,41,42
368,203,42,43
371,203,44,43
377,203,40,43
382,202,37,47
387,203,40,46
395,203,38,45
401,202,39,47
406,204,41,45
415,206,38,46
417,204,43,50
426,205,42,45
436,205,37,49
443,203,35,50
450,202,34,52
455,201,33,53
459,200,34,54
461,202,35,52
464,202,33,53
463,204,33,52
463,205,34,52
460,206,33,54
457,207,33,53
453,210,33,54
445,213,35,53
437,216,38,54
427,219,40,53
417,219,44,57
413,223,39,53
401,226,40,49
392,225,40,50
383,225,40,48
373,223,42,49
363,220,44,48
357,219,42,47
351,217,41,46
346,214,41,45
342,212,40,43
338,209,42,42
337,206,41,41
334,202,44,44
336,200,40,44
336,200,41,41
338,197,41,42
342,197,40,43
345,196,40,43
349,197,41,44
354,199,42,44
357,198,40,43
362,199,39,43
363,199,39,43
372,200,38,46
379,200,39,46
388,202,43,48
399,201,38,51
413,203,36,51
418,202,40,52
427,207,43,50
440,204,43,50
452,203,40,54
464,201,36,55
472,199,38,57
480,195,36,58
485,194,35,58
490,194,36,57
493,192,39,58
495,189,37,58
494,191,35,60
493,190,35,62
487,193,36,60
481,196,35,59
473,200,37,60
463,204,37,56
452,207,38,56
438,211,41,55
424,214,45,55
416,214,40,53
402,217,43,52
390,219,42,50
380,215,39,49
370,217,39,45
358,215,43,45
351,214,40,45
345,211,39,43
336,208,42,41
332,205,42,42
328,203,41,39
326,199,41,40
326,197,40,39
326,195,39,40
327,194,38,39
328,193,39,40
330,193,40,41
333,194,41,40
337,196,41,42
345,198,38,42
351,200,40,43
358,203,39,44
369,205,37,43
378,206,38,46
386,207,43,48
398,208,42,49
414,208,41,51
422,206,43,55
437,207,42,50
451,202,41,54
465,199,37,56
477,193,39,59
487,190,40,60
497,185,38,62
505,181,39,64
511,179,38,64
514,178,40,63
517,177,40,63
515,179,38,62
513,179,39,63
508,181,39,63
500,184,40,62
491,188,40,63
480,191,40,61
466,198,46,59
449,202,49,58
435,207,49,59
419,207,54,57
412,208,49,55
397,212,47,50
384,210,48,46
374,206,45,47
363,204,49,47
356,201,47,45
351,197,44,44
347,192,43,42
343,188,43,41
341,184,41,41
340,179,43,40
340,176,44,38
342,173,42,37
344,170,43,38
347,169,42,38
351,168,43,38
355,167,44,41
362,167,43,43
369,168,42,43
375,171,43,46
384,173,41,46
392,177,41,46
402,178,42,47
413,178,41,49
421,177,43,50
432,177,45,52
445,177,42,52
457,176,40,54
468,174,41,55
478,177,42,57
490,177,40,60
500,179,41,63
507,183,43,61
516,185,40,63
520,183,41,65
523,183,41,65
524,183,43,66
524,183,43,65
520,182,45,66
516,184,45,67
508,185,49,68
501,187,51,69
492,186,54,66
481,183,56,68
467,183,61,68
465,186,60,68
456,185,62,70
456,184,56,64
446,186,55,66
435,189,57,62
424,192,57,59
417,193,53,59
413,193,49,58
406,194,48,55
399,197,50,55
395,196,50,52
393,197,46,54
391,196,45,54
391,198,44,52
390,198,44,49
392,200,41,47
393,200,41,46
393,199,43,45
396,199,41,43
399,197,39,44
401,196,38,43
405,195,37,43
408,194,35,44
410,196,35,42
413,196,35,41
413,196,38,44
415,199,40,43
417,202,39,42
419,204,40,44
420,207,41,47
422,206,41,52
423,212,42,52
427,213,40,55
428,214,41,57
428,217,43,57
428,217,44,59
427,218,48,64
428,218,47,67
426,218,50,67
427,216,46,68
424,214,50,69
423,211,52,71
420,209,51,71
417,207,54,71
414,208,54,70
417,208,51,69
414,210,51,71
413,210,49,74
412,215,46,70
410,219,46,71
406,226,48,68
406,231,46,67
406,233,44,68
406,236,42,65
404,238,41,64
407,239,39,60
407,240,37,58
409,239,35,57
410,240,34,52
412,238,32,51
413,236,31,51
415,234,30,48
415,232,31,45
416,230,31,42
417,228,31,41
418,227,30,40
418,224,31,41
419,222,29,41
419,222,31,41
420,222,32,42
421,224,30,41
422,223,29,42
419,225,33,44
421,228,31,45
419,229,34,49
420,232,33,52
418,233,33,54
418,235,34,56
415,238,36,57
415,239,37,60
415,240,38,59
414,236,38,64
415,236,37,65
413,234,38,66
411,228,42,68
410,227,42,65
409,223,42,63
406,217,41,68
407,215,43,64
405,209,42,67
407,207,42,68
403,208,42,65
404,205,40,68
405,204,41,69
403,208,41,67
402,208,40,67
403,210,40,66
404,212,39,64
403,214,40,66
405,215,40,66
407,217,40,67
408,218,41,67
407,220,39,64
412,219,38,63
414,217,37,64
415,216,38,61
418,214,36,57
419,214,38,55
421,215,40,53
423,214,40,52
426,212,38,49
428,209,39,50
432,210,37,48
433,209,39,48
435,209,38,47
436,209,39,47
436,208,44,49
440,209,41,49
438,207,42,50
440,208,41,53
440,207,43,53
440,210,42,51
440,209,43,54
440,209,42,54
439,209,44,56
436,209,46,58
435,210,47,60
433,209,48,63
431,208,48,61
427,209,47,61
427,207,45,59
423,205,45,61
421,203,44,61
418,202,45,60
416,198,45,64
414,196,43,64
412,195,43,64
410,195,43,64
408,192,43,67
407,194,45,64
406,196,44,62
406,196,43,63
407,199,43,62
406,199,45,64
408,201,43,63
410,200,44,63
412,205,44,60
413,203,45,63
415,206,46,60
417,206,46,60
417,205,48,60
420,205,48,59
423,207,47,54
426,205,47,55
427,204,48,55
430,204,48,56
431,204,48,55
433,203,46,54
435,206,47,54
436,204,47,53
438,205,44,54
439,203,43,56
440,204,44,54
440,202,43,54
440,203,45,55
440,201,46,56
439,199,46,57
439,200,46,58
437,198,49,57
436,195,49,58
437,195,47,58
434,192,48,60
434,192,48,60
431,192,49,57
429,191,50,60
426,190,51,61
425,188,50,60
421,189,51,60
421,186,49,61
418,184,49,63
416,182,48,59
415,181,47,60
414,176,45,61
413,173,44,61
411,171,44,60
408,170,45,59
409,169,43,59
407,168,42,58
406,168,41,58
405,168,40,57
407,167,37,58
405,166,40,58
406,170,37,54
406,170,38,54
406,171,40,53
410,170,36,54
411,170,37,54
412,171,37,53
415,170,37,52
417,172,38,51
419,174,39,49
422,175,40,51
423,176,42,51
427,176,42,51
430,175,43,52
434,176,41,53
436,175,43,54
439,177,44,55
441,177,43,56
443,177,46,57
442,178,49,58
445,178,48,59
444,180,49,58
445,179,50,60
445,182,49,58
443,181,50,60
443,181,49,64
443,182,46,64
443,183,45,62
439,181,47,62
436,178,48,65
434,174,49,66
431,174,50,65
430,171,49,64
428,169,48,65
428,165,45,64
429,166,43,64
429,163,41,63
429,164,40,62
428,164,42,62
430,162,42,62
431,161,43,60
434,160,42,63
437,160,43,61
442,160,41,61
444,159,41,61
450,160,42,60
453,163,41,58
457,165,42,57
460,165,44,60
466,165,45,61
470,169,47,58
474,171,47,56
475,170,46,59
479,171,47,59
481,171,46,58
485,171,47,59
486,172,45,58
491,172,45,58
496,172,46,57
499,171,48,58
503,169,49,60
504,171,51,59
508,172,51,60
508,173,54,59
512,176,52,61
512,176,53,64
514,182,51,62
514,185,51,64
513,189,51,62
509,191,53,64
505,194,55,63
500,192,54,64
495,189,55,66
491,187,52,65
486,185,51,67
481,182,48,65
472,179,47,65
467,176,46,66
461,172,43,65
455,170,43,62
449,166,44,64
443,161,43,66
438,160,42,65
435,159,40,65
432,160,39,64
429,161,38,64
429,163,36,62
428,165,37,62
429,167,38,61
431,168,37,60
432,169,38,61
434,168,40,60
437,170,38,60
442,171,38,60
446,171,40,58
450,171,39,59
454,172,40,59
458,174,41,58
461,175,42,57
465,177,44,57
468,177,44,57
472,179,43,58
472,181,45,56
477,184,44,56
479,185,45,57
480,188,46,56
481,190,46,57
483,192,46,59
482,194,47,58
482,196,46,59
481,196,46,61
480,198,45,58
479,198,43,60
477,198,42,61
474,198,43,61
472,198,44,60
469,196,45,61
465,195,46,61
463,193,44,64
461,190,43,64
456,190,45,62
455,189,42,63
452,184,41,63
449,186,42,66
447,183,40,65
445,183,41,65
442,182,42,65
440,180,42,64
438,180,41,65
436,181,41,64
437,181,40,63
436,181,41,63
435,181,40,63
437,183,39,61
436,182,41,62
438,181,40,63
437,183,41,63
439,185,41,61
438,185,43,64
441,185,40,63
440,190,42,62
444,192,39,63
443,196,41,61
442,203,44,60
443,208,44,58
443,213,45,57
441,216,45,56
441,218,45,59
440,222,43,58
440,226,41,59
439,230,40,57
437,231,39,58
436,234,39,59
434,234,39,61
432,235,39,62
429,234,38,59
429,235,37,60
428,236,36,59
427,235,36,57
426,235,37,57
425,236,35,57
425,235,35,57
425,236,34,55
426,235,33,56
427,233,33,60
427,231,46,63
426,231,52,65
429,231,47,64
430,228,45,58
432,229,43,53
432,228,44,53
432,226,45,54
431,225,46,55
430,225,50,56
430,224,51,56
431,224,50,57
430,224,52,58
431,225,51,55
432,225,42,54
431,224,39,54
432,222,34,53
431,221,34,52
432,219,33,54
431,218,34,53
431,218,33,52
432,216,31,54
431,216,33,52
429,215,35,52
429,215,33,54
429,213,34,55
427,214,33,55
426,213,34,56
425,214,34,53
424,213,33,56
422,213,35,56
419,214,35,59
416,212,34,60
413,214,37,57
412,214,35,60
410,215,36,59
409,215,35,58
406,215,37,60
403,215,35,58
400,216,35,57
398,217,35,57
395,216,36,58
391,219,35,55
386,218,36,59
383,216,35,58
378,218,36,56
373,217,37,57
366,217,40,57
364,213,40,57
360,216,41,57
358,213,40,55
356,217,40,54
355,218,41,54
353,217,43,55
354,216,44,52
355,215,44,51
357,216,46,51
362,216,45,54
367,214,44,54
371,216,47,54
378,217,46,52
388,218,43,50
395,219,44,53
406,219,42,52
413,220,44,54
425,219,43,57
435,221,44,52
446,219,45,56
460,218,39,57
471,220,38,55
481,217,40,57
490,214,38,59
497,212,40,61
504,212,39,60
509,209,39,62
512,208,38,62
515,207,38,62
513,208,38,63
510,209,38,64
506,209,38,65
498,212,40,65
490,215,39,65
481,220,41,66
469,224,44,64
453,227,48,63
440,231,49,63
424,235,51,59
412,239,49,57
403,239,42,58
386,242,46,52
371,242,46,52
359,240,47,50
348,239,48,45
340,237,45,40
331,234,46,40
324,231,46,40
316,227,49,39
313,223,47,40
313,218,47,42
312,214,48,42
313,211,49,41
317,207,47,40
320,205,47,41
325,204,48,41
329,203,48,42
338,202,46,44
348,204,43,44
357,205,43,45
365,206,42,49
377,208,40,50
389,212,40,48
406,213,34,50
413,212,40,55
425,216,47,52
441,217,47,55
455,217,47,58
473,215,43,60
487,213,41,61
500,212,42,62
513,209,41,62
524,206,42,64
531,201,42,67
537,202,42,64
540,199,43,67
540,197,45,69
538,197,45,68
534,199,45,66
529,199,42,67
519,202,43,67
507,205,41,66
494,208,43,65
479,210,45,68
465,214,47,66
459,215,45,66
450,219,48,63
445,218,46,65
430,221,43,62
413,220,45,62
404,221,39,59
390,220,40,55
379,219,39,53
369,218,38,50
361,214,38,49
353,213,38,46
345,209,40,47
341,206,40,48
338,205,39,47
337,204,38,45
338,202,38,42
341,198,34,42
343,198,34,43
347,197,34,43
351,199,36,42
358,200,33,43
364,201,34,44
374,202,33,46
383,205,34,48
393,208,35,49
407,211,33,51
415,214,39,51
429,217,40,53
444,220,41,54
458,222,40,55
473,222,42,58
486,220,41,59
500,219,42,59
513,215,43,59
526,210,45,61
533,205,47,65
540,204,51,64
544,198,55,68
547,196,57,67
546,194,58,68
543,192,59,70
540,191,56,70
533,193,56,71
527,194,55,72
516,198,50,70
501,201,50,67
484,205,48,67
466,213,52,64
451,217,50,65
436,218,45,63
417,217,45,65
405,220,39,61
390,219,37,59
377,215,32,56
367,214,29,53
356,210,30,53
347,205,30,52
340,201,29,51
333,197,31,51
332,194,28,50
328,189,29,50
327,185,27,50
327,183,28,46
329,180,27,47
330,178,28,47
334,180,28,47
337,179,27,48
343,181,26,49
347,184,28,48
354,186,28,50
360,191,30,50
368,197,33,49
377,200,31,50
387,206,37,51
399,212,36,52
411,214,39,55
423,218,41,55
436,219,46,57
450,220,49,59
465,219,50,61
477,219,52,57
488,216,59,60
498,212,62,62
507,209,66,63
517,204,64,67
523,202,65,66
526,202,68,66
525,201,69,65
525,202,68,64
522,202,66,65
516,204,65,65
507,207,65,64
498,211,62,63
485,212,62,64
472,217,55,64
459,222,58,62
445,223,56,63
429,224,53,61
414,226,50,58
404,225,44,58
388,222,44,56
376,219,34,52
366,216,31,53
358,211,28,52
348,207,30,50
339,202,32,51
335,197,29,49
331,193,28,50
329,190,27,48
328,186,29,48
326,182,31,48
329,179,30,48
332,176,28,47
335,172,28,49
339,171,28,51
345,172,27,50
350,174,30,51
355,178,33,49
361,182,35,51
371,183,35,53
380,185,37,56
383,185,39,56
389,185,40,54
390,186,45,57
399,187,48,58
410,187,51,59
420,185,55,61
430,183,59,61
443,181,61,62
454,177,65,64
466,175,66,62
476,171,67,64
484,167,70,65
489,163,75,66
495,159,77,68
498,155,81,67
500,151,82,70
497,148,84,71
493,145,83,71
490,142,81,73
485,139,75,73
476,137,72,73
467,135,67,74
454,133,66,73
442,131,64,71
430,127,61,70
417,123,60,71
405,122,58,67
394,118,55,70
385,113,49,65
379,109,43,65
371,107,40,63
365,103,37,60
360,99,36,62
356,100,33,58
352,99,33,56
350,98,32,55
348,99,31,54
349,99,32,53
349,102,31,52
350,107,31,52
351,110,32,52
353,114,32,49
359,119,30,47
362,123,31,47
368,125,29,48
372,131,28,47
377,137,31,47
386,141,28,44
391,147,28,43
397,151,27,44
402,156,30,42
408,159,29,41
414,163,30,38
419,168,30,33
425,172,29,30
430,178,29,25
436,182,26,21
443,189,22,16
443,189,22,16
443,189,22,16
443,189,22,16
443,189,22,16
443,189,22,16
443,189,22,16
443,189,22,16
443,189,22,16
443,189,22,16
443,189,22,16
443,189,22,16
443,189,22,16
443,189,22,16
443,189,22,16
443,189,22,16
443,189,22,16
443,189,22,16
443,189,22,16
443,189,22,16
443,189,22,16
443,189,22,16
443,189,22,16
443,189,22,16
443,189,22,16
443,189,22,16
443,189,22,16
443,189,22,16
443,189,22,16
432,190,21,12
431,185,23,15
432,179,24,20
433,175,26,25
434,169,27,31
436,160,28,38
437,155,29,40
439,149,28,42
441,145,29,42
444,141,27,43
444,139,28,44
446,137,29,45
448,134,29,46
448,133,28,48
450,132,29,47
449,132,29,48
449,131,30,50
449,129,31,49
447,127,33,52
447,124,33,53
446,121,34,55
444,120,38,54
442,119,41,50
441,115,42,51
439,114,46,50
439,109,44,52
438,107,47,53
438,105,46,53
438,106,48,56
437,110,50,54
436,115,51,56
437,124,50,55
438,127,51,62
439,132,50,64
444,132,46,64
446,133,46,62
445,134,47,63
447,134,46,64
449,134,45,65
449,138,48,62
449,141,50,62
452,145,49,61
452,148,49,63
455,152,45,63
455,156,42,62
456,158,42,60
457,164,38,59
456,167,38,59
453,171,39,57
451,176,40,55
447,177,37,55
446,180,35,53
440,179,37,52
435,179,35,54
428,177,34,50
422,174,34,50
411,171,39,51
406,173,36,49
393,171,43,50
385,171,43,49
378,172,42,50
369,172,42,49
362,171,40,49
354,169,40,49
346,169,41,50
338,168,43,47
330,165,45,46
323,163,48,45
317,160,49,46
313,157,50,45
310,153,51,47
309,147,52,49
309,143,53,49
310,139,55,53
314,137,54,51
315,137,57,50
320,137,58,51
325,139,60,52
334,140,59,54
344,141,59,54
356,141,57,58
367,140,59,64
383,142,57,69
398,141,55,68
410,146,58,69
426,146,56,70
439,147,60,69
455,150,56,69
468,153,55,72
483,154,51,71
495,158,46,73
503,163,43,73
512,165,45,73
515,169,45,71
517,169,46,74
515,173,48,70
512,175,48,68
510,175,44,70
503,177,44,68
495,181,44,65
487,184,42,62
475,186,43,62
461,184,49,61
448,184,51,60
433,184,53,58
421,189,52,53
409,186,54,56
403,188,48,53
392,186,49,53
386,186,44,52
375,185,47,52
369,185,46,49
363,185,47,47
357,185,48,44
352,185,50,43
351,185,50,42
350,185,50,43
350,186,50,42
352,186,51,44
355,187,49,47
360,188,48,50
365,193,49,50
373,196,48,49
378,202,52,48
389,210,52,48
403,213,49,50
412,217,50,56
425,220,55,61
442,222,54,63
460,224,53,65
479,226,50,66
496,226,55,68
518,222,54,67
537,223,51,70
551,222,51,72
566,218,51,71
578,217,49,76
587,214,48,80
593,212,46,79
596,210,43,78
597,208,42,80
595,208,42,83
590,209,45,80
581,211,48,79
571,214,50,75
559,218,46,71
545,223,46,70
532,226,41,68
507,228,49,67
491,232,49,69
470,232,52,72
450,234,58,64
435,238,54,63
419,238,50,59
407,237,48,56
393,237,46,55
379,235,43,48
377,234,43,49
367,230,45,49
368,227,41,50
358,224,45,46
349,222,45,42
343,218,44,41
337,217,44,40
334,211,44,40
331,209,42,40
330,206,41,41
329,203,43,41
330,204,41,41
331,203,42,39
333,206,41,36
337,207,41,38
342,209,41,38
347,210,41,40
355,212,39,42
362,213,41,47
371,216,40,48
382,221,41,48
393,225,41,50
408,224,41,53
419,226,43,55
433,226,47,58
451,223,42,63
464,224,43,61
479,221,42,63
492,217,37,62
504,212,41,65
517,207,42,65
528,202,42,67
536,198,43,70
541,197,45,67
546,195,45,69
547,196,47,70
546,194,47,69
542,193,46,70
534,192,45,68
527,190,42,68
513,189,46,65
500,185,45,66
486,182,45,66
473,179,44,66
457,182,47,66
443,182,48,61
432,185,43,60
418,190,42,57
405,191,44,56
398,194,41,51
389,193,39,50
381,192,40,50
374,192,40,48
372,189,37,47
369,187,39,46
368,186,39,46
367,185,38,46
367,186,37,46
368,186,38,45
371,186,36,44
375,186,34,46
377,190,35,45
382,191,34,47
387,192,35,50
393,194,44,55
399,198,52,55
405,201,57,51
407,201,61,53
417,206,63,52
423,207,66,54
430,207,64,54
436,207,63,54
443,207,54,53
446,205,43,53
454,201,35,53
458,201,34,54
461,198,35,53
462,199,34,54
465,194,35,56
465,196,33,57
465,198,32,55
463,199,33,56
460,201,34,56
459,203,34,54
456,203,34,55
452,201,36,55
449,201,35,57
446,201,35,54
443,202,34,51
441,202,34,52
437,203,36,54
434,203,45,57
431,202,53,53
427,204,54,50
426,206,52,49
424,203,53,51
425,200,49,51
424,195,47,52
424,200,46,51
423,197,47,49
423,196,50,52
424,193,48,53
425,193,48,53
425,192,48,52
426,192,47,53
429,190,40,54
430,189,37,54
432,189,43,54
432,190,49,54
435,189,43,54
437,191,49,54
438,189,45,57
439,189,42,55
441,189,46,56
442,190,47,55
444,187,47,56
446,189,41,54
447,187,42,55
447,185,38,54
447,184,44,55
446,182,45,55
447,180,38,53
447,180,43,55
446,178,44,51
446,178,39,50
446,177,43,53
445,176,39,52
443,176,38,49
442,175,36,50
440,176,33,51
437,176,35,51
435,177,34,52
433,178,32,49
430,178,33,50
427,178,35,50
425,177,35,52
423,176,34,52
422,176,33,48
420,174,33,48
418,171,34,49
416,170,36,48
415,168,37,48
415,168,36,49
414,169,36,48
415,170,34,48
415,171,35,46
417,171,34,47
417,171,34,48
417,172,39,48
418,173,38,47
420,173,41,50
421,173,47,54
423,173,47,53
424,174,46,53
427,173,46,52
429,172,40,49
429,169,42,51
429,169,41,51
428,168,41,51
428,168,41,49
427,169,42,48
427,169,41,49
427,170,41,50
426,171,41,50
426,172,41,50
425,172,41,54
425,171,40,54
425,172,40,54
423,174,41,53
423,174,39,49
422,175,38,48
422,174,35,50
421,173,38,51
421,173,35,51
420,174,35,51
420,175,33,48
420,173,33,49
418,173,40,52
417,173,41,53
418,173,37,51
417,175,37,50
417,174,36,53
418,174,33,52
417,174,36,50
416,174,38,53
418,175,33,51
417,175,38,51
417,176,38,52
417,173,41,51
419,176,38,47
419,175,40,52
420,175,37,50
419,177,42,51
420,175,43,51
419,178,45,52
423,177,41,52
423,179,43,52
424,181,42,52
424,181,47,54
425,183,47,53
427,185,48,51
428,187,51,53
428,189,54,53
430,192,54,53
432,192,56,56
433,193,57,56
434,192,58,62
434,192,59,58
434,192,63,62
436,192,59,57
434,191,56,52
436,190,47,52
436,187,42,51
435,188,44,51
434,186,41,51
433,184,42,50
433,181,42,51
431,180,41,50
429,177,41,51
427,174,42,51
424,173,44,50
421,172,41,50
417,170,41,51
414,169,38,50
409,170,38,51
405,169,36,50
401,169,34,51
394,169,35,51
389,169,32,52
385,170,29,51
377,172,31,50
372,172,29,51
366,173,29,52
362,174,28,50
354,173,33,52
349,170,33,53
346,170,34,53
343,165,37,54
342,164,38,54
342,160,41,54
343,156,42,57
346,154,43,55
349,151,44,57
355,149,44,58
356,147,45,59
362,147,46,59
363,145,44,60
370,144,47,61
378,143,47,61
386,143,50,62
395,141,53,64
408,143,49,65
416,143,51,67
427,144,50,65
436,145,51,67
448,151,45,61
456,146,44,65
461,146,44,65
466,145,41,67
467,146,42,69
466,146,43,70
463,150,46,67
460,149,45,72
451,153,49,69
443,149,51,69
433,151,55,70
424,152,57,67
411,153,59,71
403,151,62,70
395,149,62,72
386,148,63,68
377,150,63,65
371,145,63,68
365,146,66,66
363,147,68,64
364,145,66,65
366,146,66,67
370,146,68,65
378,146,65,66
390,146,64,69
404,149,58,67
416,150,58,70
436,153,54,73
455,158,49,76
470,162,52,77
488,165,54,77
505,168,57,76
519,168,61,81
532,170,66,78
544,167,67,80
552,168,71,77
558,163,73,80
563,162,69,73
565,158,70,74
568,156,65,74
566,152,66,74
562,152,69,74
558,151,67,75
553,154,66,73
547,154,64,74
540,158,63,70
530,161,63,72
525,162,57,72
512,165,60,73
501,165,59,76
491,169,56,75
478,171,58,73
465,173,57,76
454,173,54,77
442,175,57,78
431,177,55,79
417,175,59,82
409,176,57,82
398,177,59,86
389,175,59,85
378,174,59,86
373,177,54,83
364,178,54,87
358,179,52,85
353,182,51,86
347,184,52,90
343,184,51,88
338,184,53,92
334,188,55,93
333,189,53,97
330,191,57,97
330,193,58,99
330,195,61,98
331,198,62,102
333,198,62,101
334,199,66,99
332,199,69,102
335,194,67,107
335,197,66,107
334,192,67,109
335,191,66,110
333,190,64,108
330,188,61,110
326,188,59,115
322,187,63,114
317,188,63,115
311,190,65,115
303,193,67,116
298,194,67,117
289,195,69,125
287,195,65,123
282,195,65,120
274,195,64,113
276,195,63,111
274,198,65,110
274,198,68,112
271,197,73,114
272,199,76,113
270,197,81,115
273,200,82,107
271,199,88,107
272,202,92,107
273,205,93,98
273,202,98,105
272,203,99,105
275,204,97,103
278,202,92,104
281,201,87,105
286,200,80,101
289,200,74,105
291,198,72,105
290,200,72,105
293,200,67,108
299,199,60,106
300,198,54,111
302,196,51,108
299,199,54,107
299,199,58,107
298,199,59,103
293,201,68,100
289,200,72,103
285,199,77,103
284,199,77,107
282,198,80,106
288,199,69,104
293,202,63,103
299,204,58,98
306,205,56,99
309,208,63,94
307,207,77,96
305,207,90,99
305,208,98,96
307,210,99,93
313,212,97,93
312,210,100,95
318,209,94,95
322,208,85,96
330,204,75,95
334,209,63,93
332,205,57,96
329,207,62,95
324,203,67,98
315,205,77,97
310,206,81,99
304,206,81,96
302,207,77,94
302,208,71,89
304,211,61,85
306,212,58,86
307,213,61,83
300,215,77,81
292,217,89,81
284,217,98,84
279,219,101,82
278,220,100,83
279,217,98,86
278,217,95,88
278,218,87,86
281,218,79,87
284,214,66,93
285,213,56,97
283,205,55,101
276,203,64,102
270,203,69,103
265,198,72,106
260,195,76,107
255,196,80,110
251,198,85,108
249,196,85,109
252,196,80,112
256,196,74,108
265,200,64,102
272,201,64,105
275,200,72,104
271,203,90,107
273,205,99,105
278,209,101,101
284,211,105,101
291,211,106,108
307,212,95,132
315,212,79,131
320,212,63,124
323,214,58,129
317,206,69,107
310,215,81,92
306,208,84,99
304,209,88,96
300,209,84,95
300,206,76,94
304,208,63,89
304,202,59,93
308,207,56,88
308,205,59,86
302,205,68,90
295,201,76,90
290,204,85,94
286,206,87,92
284,208,87,91
284,206,87,93
284,205,85,92
290,202,74,95
289,206,69,97
291,206,58,96
292,203,51,99
290,204,53,101
287,201,55,99
281,203,62,100
275,202,69,101
269,200,75,103
263,199,80,103
260,200,81,102
257,198,84,107
264,197,74,107
269,192,65,111
274,189,61,106
276,189,62,102
281,178,57,103
283,177,60,106
283,165,68,108
287,166,71,108
289,161,77,109
287,164,87,109
287,163,92,109
293,176,88,101
298,170,87,105
305,176,79,103
308,178,76,108
310,180,77,105
315,178,71,108
324,180,60,103
327,181,57,97
328,177,55,95
326,180,60,96
326,174,62,95
323,172,68,97
323,170,69,95
324,170,68,93
325,162,67,95
330,161,61,91
330,154,63,95
332,148,63,96
337,147,58,100
337,143,61,105
345,142,58,101
345,138,64,99
345,139,72,100
343,140,82,103
343,133,88,110
345,137,95,108
351,143,92,108
354,137,99,113
365,140,94,112
374,142,94,111
383,146,91,113
399,150,80,117
408,147,78,121
414,155,86,123
422,159,94,136
425,166,101,135
430,179,105,127
439,187,102,126
442,199,105,125
447,213,101,119
449,222,99,120
455,238,95,118
460,251,84,100
466,272,71,86
470,297,69,63
471,315,63,48
471,315,63,48
471,315,63,48
471,315,63,48
471,315,63,48
471,315,63,48
471,315,63,48
471,315,63,48
471,315,63,48
471,315,63,48
471,315,63,48
471,315,63,48
471,315,63,48
471,315,63,48
471,315,63,48
471,315,63,48
471,315,63,48
471,315,63,48
471,315,63,48
471,315,63,48
471,315,63,48
471,315,63,48
471,315,63,48
471,315,63,48
471,315,63,48
471,315,63,48
471,315,63,48
400,286,59,54
415,278,55,65
429,275,53,77
438,267,56,85
446,257,58,90
445,249,72,83
451,242,71,80
455,235,72,76
459,228,73,75
462,220,72,79
465,213,69,83
463,208,70,84
465,204,66,85
465,195,63,88
463,192,60,86
457,184,61,89
450,177,63,90
447,171,59,88
440,160,62,91
434,151,61,88
430,141,59,90
426,133,51,88
420,126,51,88
414,122,51,85
408,119,51,87
401,119,51,85
394,119,52,87
389,118,51,91
385,121,51,89
384,122,51,88
384,123,50,92
386,126,50,92
386,129,51,90
387,135,55,88
393,141,52,91
397,147,53,90
402,148,51,97
404,151,56,97
406,167,64,92
411,177,65,98
417,190,67,94
420,203,71,108
432,216,64,98
429,225,72,101
439,239,67,98
442,255,71,96
460,274,56,85
463,283,58,76
467,293,56,65
469,300,57,57
470,306,58,52
472,315,58,44
473,321,54,37
473,329,55,29
473,334,53,27
473,334,53,27
473,334,53,27
473,334,53,27
473,334,53,27
473,334,53,27
473,334,53,27
473,334,53,27
473,334,53,27
473,334,53,27
473,334,53,27
473,334,53,27
473,334,53,27
473,334,53,27
473,334,53,27
473,334,53,27
473,334,53,27
473,334,53,27
473,334,53,27
473,334,53,27
406,305,53,36
405,288,53,43
403,272,56,54
404,255,56,63
404,244,60,78
405,225,60,96
407,213,62,95
410,207,64,85
418,187,59,95
423,175,59,99
428,167,59,91
434,158,55,96
439,152,56,96
442,149,57,98
446,147,56,98
451,144,55,95
453,144,55,95
458,141,54,95
459,138,52,99
462,134,54,96
463,133,55,94
465,134,56,88
466,132,54,90
464,132,55,90
465,133,54,91
465,132,53,88
463,133,55,89
463,132,55,91
462,133,55,90
461,135,54,92
460,139,55,89
458,141,53,89
456,144,54,92
454,151,56,91
451,151,56,90
450,159,53,89
449,156,52,84
448,162,51,83
447,165,52,79
446,169,51,80
444,175,51,77
443,179,52,75
444,184,48,72
445,186,45,71
444,190,49,70
444,193,48,66
447,193,42,65
446,193,44,64
445,193,49,62
447,194,47,57
449,192,49,55
451,191,43,57
453,190,37,57
453,188,37,56
453,188,37,52
452,188,38,50
452,187,38,50
450,186,40,49
449,183,40,49
448,181,39,50
446,176,39,55
445,174,39,56
443,172,40,55
439,167,43,59
436,164,45,61
433,164,47,65
429,161,50,65
427,163,50,70
424,158,51,71
421,155,53,72
419,150,54,72
418,142,58,75
417,135,62,75
417,125,63,78
418,116,66,82
419,109,67,83
421,107,66,86
422,104,67,89
425,104,63,89
428,107,63,87
429,112,63,86
432,112,62,91
431,116,68,94
432,123,71,94
432,133,75,95
437,143,73,95
438,156,74,94
442,171,70,93
445,186,67,98
448,217,60,94
450,248,58,93
450,275,60,82
452,292,61,67
462,314,58,54
462,314,58,54
462,314,58,54
462,314,58,54
462,314,58,54
462,314,58,54
462,314,58,54
462,314,58,54
462,314,58,54
462,314,58,54
462,314,58,54
462,314,58,54
462,314,58,54
462,314,58,54
462,314,58,54
462,314,58,54
462,314,58,54
434,314,49,43
428,304,52,47
427,292,52,50
419,279,58,55
413,262,61,65
404,243,69,74
404,221,66,79
407,211,61,75
404,189,64,82
406,175,62,85
403,164,68,77
405,157,66,78
401,151,70,76
401,150,70,78
399,149,73,74
399,151,73,75
401,148,69,79
403,148,67,86
405,157,62,83
407,163,59,82
407,178,60,81
406,185,59,81
402,197,64,81
399,213,70,78
399,227,70,78
400,243,69,75
401,256,69,70
406,267,64,70
411,278,58,66
413,288,56,61
416,298,54,50
426,304,44,46
431,313,41,39
431,318,44,33
433,321,43,32
433,321,40,31
431,320,41,30
429,318,41,30
429,316,41,33
428,311,44,38
427,305,49,40
424,292,52,48
418,278,54,58
412,266,61,60
410,247,64,73
412,233,61,75
415,219,58,76
415,208,59,71
414,191,62,77
414,181,65,75
416,168,64,76
414,157,65,72
409,149,72,70
410,142,70,72
412,134,70,74
412,129,70,74
413,129,69,75
415,127,66,77
416,130,65,78
416,129,66,81
416,136,66,76
417,143,67,72
416,146,67,75
418,146,65,73
419,146,63,71
418,151,63,67
421,152,57,71
422,153,57,71
421,158,54,69
420,163,53,69
419,169,55,63
417,171,55,64
417,178,52,62
415,179,52,63
415,183,48,61
413,183,48,57
412,186,47,56
411,184,45,57
408,187,47,56
405,188,48,52
403,185,48,53
402,188,48,53
401,186,48,53
400,188,47,52
400,188,47,52
401,189,45,52
399,192,47,52
400,194,46,51
399,197,47,50
400,198,47,51
401,201,47,52
402,203,51,51
406,205,49,51
411,208,46,51
413,210,45,51
416,210,47,52
422,213,44,50
424,211,47,49
432,211,41,50
434,210,44,53
439,210,45,51
443,210,46,52
450,209,44,53
454,209,44,57
458,210,43,58
461,213,42,58
463,213,45,56
468,215,39,56
469,216,36,55
469,216,34,56
466,216,35,58
461,217,36,58
457,219,37,57
450,223,38,55
441,223,39,51
434,221,38,55
423,220,43,52
421,224,42,49
412,220,45,50
414,220,42,49
403,215,44,53
396,211,45,54
389,210,45,50
380,206,49,45
376,202,50,44
373,198,49,43
370,193,48,43
369,190,50,43
370,187,50,42
371,186,51,42
374,185,51,42
378,185,49,43
383,185,49,44
391,186,48,45
401,189,46,46
414,189,41,50
424,186,41,52
438,188,41,54
451,190,41,54
461,187,42,55
475,186,37,54
483,181,42,57
492,176,41,60
501,171,39,60
507,166,40,64
510,162,44,62
513,157,43,65
514,156,43,65
510,152,44,69
505,153,45,68
496,151,45,67
486,150,50,66
472,149,55,69
456,147,61,65
443,144,62,65
427,144,65,64
412,142,67,62
401,141,66,64
389,142,66,60
379,140,66,63
368,140,66,62
361,141,62,62
353,141,63,62
347,142,63,63
342,142,63,67
337,144,64,66
336,146,62,68
333,148,63,68
333,151,62,68
334,155,59,67
334,156,61,71
336,161,60,70
337,160,60,76
339,164,60,77
341,166,64,75
344,170,63,74
348,166,61,75
351,172,61,75
354,171,60,82
357,169,57,78
359,171,57,84
358,170,59,81
360,167,58,81
359,171,59,80
357,175,63,82
355,176,65,85
352,182,67,83
351,183,66,85
352,190,59,84
350,197,60,84
346,199,62,87
343,204,64,85
341,204,67,87
339,206,66,86
339,202,66,85
336,205,67,86
336,205,64,83
334,202,64,87
334,203,61,85
334,205,55,85
333,204,49,82
328,204,51,83
327,206,46,79
323,206,48,78
319,204,47,79
315,204,49,80
310,202,50,79
309,204,47,80
307,205,45,80
304,207,46,79
303,205,45,82
303,206,43,80
301,209,45,77
302,206,43,78
303,209,42,76
302,208,44,76
303,205,45,81
302,208,44,81
303,206,43,78
302,208,44,78
302,209,44,78
301,208,46,79
301,208,45,77
