300,209,43,74
298,206,41,75
301,210,40,73
302,206,40,77
304,203,42,78
303,203,49,79
305,204,55,78
310,202,54,76
314,202,56,73
326,204,50,74
330,202,50,73
338,202,49,77
348,197,46,80
357,200,44,84
364,194,47,83
370,195,46,80
381,192,45,83
387,189,46,83
393,184,47,85
400,179,51,88
409,175,48,91
412,170,52,91
415,165,57,90
420,165,55,88
422,164,55,83
429,161,51,84
431,157,51,81
431,155,53,82
430,152,57,82
432,152,55,83
429,154,60,81
427,153,60,76
428,157,57,78
431,159,53,77
433,161,48,81
433,166,44,76
432,167,45,73
432,172,45,70
428,173,51,71
428,172,53,71
426,171,56,69
429,171,54,67
432,175,49,68
435,173,45,65
439,175,42,67
444,174,40,64
444,175,41,66
446,176,44,65
448,177,46,67
448,175,52,67
453,179,52,68
456,176,53,72
460,177,53,73
465,183,52,71
472,180,49,70
477,184,47,69
478,183,52,70
481,184,54,71
481,185,57,72
482,186,58,69
482,188,59,67
481,186,56,67
483,188,55,65
483,184,51,69
483,185,49,68
481,186,46,66
476,184,45,68
470,186,46,66
467,187,43,63
461,188,40,60
455,188,37,62
447,191,37,59
442,193,35,58
433,195,36,59
427,198,35,56
420,200,35,56
415,202,35,55
408,204,36,54
402,208,40,52
398,210,39,49
394,214,40,46
395,215,40,45
393,214,40,45
395,214,41,45
397,213,39,45
400,215,41,44
402,216,43,44
408,217,43,44
417,220,38,44
418,223,45,43
425,225,47,42
433,226,48,46
443,228,47,48
455,230,47,51
465,232,45,54
476,235,43,55
491,238,42,55
501,239,42,56
517,241,40,51
528,241,37,54
537,241,38,55
546,241,38,56
555,240,36,58
561,239,36,59
564,240,38,59
566,240,39,60
567,242,38,63
564,244,39,63
560,245,38,65
552,248,39,66
543,249,39,65
532,251,38,66
523,249,34,65
507,252,37,63
494,257,35,60
480,259,36,60
467,262,37,60
455,265,35,57
441,269,39,54
432,266,37,53
422,266,37,52
415,267,35,47
411,262,31,47
407,259,31,47
401,256,30,44
401,251,27,44
399,247,27,44
399,244,25,42
400,241,26,44
405,240,36,44
404,237,43,47
405,236,42,45
407,237,40,45
409,238,39,46
413,240,37,45
414,242,37,43
416,242,39,45
416,243,41,43
418,243,41,45
418,243,41,46
420,244,51,46
426,243,52,48
429,243,48,48
434,240,36,49
439,239,32,50
446,239,30,49
449,237,30,51
454,236,30,49
459,235,32,48
463,233,32,48
469,229,32,49
472,226,32,50
475,225,32,50
479,223,31,49
480,223,33,49
481,222,31,49
481,220,32,48
480,220,31,49
476,221,37,48
473,221,38,47
470,220,39,50
467,221,44,52
463,222,48,50
460,221,47,50
456,223,47,47
451,223,47,46
450,224,45,47
447,222,46,47
446,224,46,49
444,222,48,48
443,223,51,47
442,223,51,45
441,225,54,44
443,223,52,46
445,223,49,47
447,223,48,46
449,222,48,47
452,222,46,46
453,221,47,47
456,222,46,47
457,220,45,47
458,221,45,49
462,221,43,47
461,221,42,47
462,222,43,48
463,221,41,48
465,221,41,47
466,220,41,51
465,219,43,50
468,220,41,50
468,219,41,51
468,221,40,50
469,220,39,49
468,219,39,53
468,221,39,49
466,221,42,50
466,220,41,48
464,221,42,48
462,219,44,49
462,221,42,48
461,220,43,50
459,220,45,50
458,222,45,48
458,223,44,48
456,223,44,48
454,223,47,50
454,225,46,47
455,225,45,46
454,224,46,45
452,223,46,48
453,225,47,45
453,224,45,45
453,225,47,47
452,225,48,46
454,225,47,47
453,224,47,44
455,225,45,46
456,224,44,47
456,225,46,46
458,224,44,47
459,224,44,48
460,224,42,47
462,225,41,47
460,223,43,49
462,224,43,49
463,225,42,48
464,226,40,48
466,224,38,47
464,225,41,50
465,226,40,49
466,225,39,49
463,223,40,49
461,222,41,50
460,220,41,50
457,218,43,49
454,218,44,51
449,216,45,53
444,215,48,52
440,215,48,50
435,214,49,50
426,211,53,52
418,209,57,54
417,209,52,51
407,206,58,54
400,209,58,51
394,209,57,51
387,211,60,44
381,213,58,38
375,213,42,35
372,210,40,40
367,209,41,42
365,208,40,42
362,207,40,42
361,206,40,40
361,204,40,43
362,204,40,41
362,203,41,43
364,203,42,41
368,202,41,43
371,203,42,42
377,202,39,44
380,202,40,44
387,203,40,44
392,202,41,46
398,203,42,47
406,204,41,47
416,205,37,47
421,204,37,45
428,202,39,48
434,205,40,46
443,202,35,49
449,200,34,52
454,202,36,51
460,200,33,52
460,202,36,55
462,201,35,54
464,202,33,52
462,204,34,55
460,206,33,53
457,207,33,54
452,208,36,56
446,211,34,52
438,214,36,53
428,217,40,52
418,219,42,56
415,221,37,54
399,225,42,52
392,225,41,50
381,223,43,50
372,221,42,51
364,220,43,51
357,219,41,49
351,217,41,47
346,215,41,44
341,211,42,44
338,208,42,44
335,206,43,42
334,203,42,43
335,200,41,43
336,198,41,43
337,197,41,43
341,197,41,43
344,196,42,45
347,198,43,44
354,198,41,44
356,198,40,44
361,199,40,45
362,198,40,43
370,199,42,46
378,203,40,47
388,202,41,48
397,202,42,49
414,204,36,48
419,202,42,51
431,207,40,47
441,203,44,53
454,202,37,53
464,200,38,53
472,198,39,57
477,194,41,58
484,192,39,60
489,189,37,62
495,190,36,60
496,189,34,62
495,191,34,60
491,193,34,60
487,193,34,59
482,194,35,60
473,196,37,61
463,202,37,55
453,206,36,57
438,211,41,55
425,216,43,54
415,215,39,51
402,218,43,51
389,219,42,50
378,215,41,50
368,217,42,48
357,215,44,45
351,213,40,47
343,210,42,45
337,208,41,45
331,205,42,41
329,202,40,41
326,198,42,42
325,196,39,42
325,194,40,41
327,194,38,40
327,192,40,43
330,193,40,42
334,193,39,42
338,196,40,42
345,198,39,44
351,199,38,45
357,202,40,45
366,203,41,46
376,206,39,48
386,207,42,50
398,208,43,50
415,207,40,53
421,205,47,54
437,205,44,52
452,200,42,55
466,197,36,56
477,193,39,59
488,190,37,58
496,186,38,59
506,183,38,61
509,178,42,63
513,178,40,61
517,177,40,63
517,177,38,63
514,178,38,64
507,181,38,63
501,184,38,64
489,188,42,63
479,192,43,62
467,195,45,62
451,203,49,59
437,205,48,57
421,209,48,57
415,207,45,57
396,210,49,50
384,209,47,49
373,205,43,51
364,205,47,45
355,201,46,43
350,198,44,43
347,192,42,43
344,189,41,40
341,184,42,40
341,179,42,39
341,175,41,40
343,172,41,38
345,169,41,38
347,168,42,38
351,167,44,41
355,167,44,42
361,169,44,42
368,169,42,44
375,172,42,45
382,175,43,45
390,176,44,48
402,180,42,46
413,180,41,46
420,178,45,48
433,175,42,52
445,176,42,54
456,175,41,54
467,171,40,56
478,174,41,57
489,178,41,61
499,179,41,63
506,183,45,60
515,185,44,65
519,184,42,62
522,184,42,65
525,182,41,67
525,183,43,67
521,183,43,68
516,186,46,67
509,181,49,69
501,186,51,68
488,184,59,67
480,184,56,68
468,184,60,69
466,184,58,67
459,185,58,69
454,184,58,67
445,186,55,67
432,187,59,64
425,190,56,62
417,192,55,60
412,193,51,59
404,194,52,55
400,197,49,54
394,195,50,54
393,197,47,53
389,196,47,54
388,199,45,52
390,200,43,48
391,200,43,49
391,199,42,47
392,200,42,45
395,200,41,43
397,197,40,45
400,196,38,42
405,196,37,43
407,195,36,42
410,197,34,42
411,196,36,43
413,197,38,44
417,199,36,43
417,201,39,43
418,202,40,47
419,204,42,50
423,207,40,53
426,210,39,51
427,211,40,54
428,215,40,55
430,215,40,60
429,217,45,62
427,218,46,64
428,218,46,66
428,217,46,68
426,217,47,69
428,215,45,68
424,211,47,71
423,210,45,70
421,205,47,70
418,208,50,67
416,205,50,73
418,207,45,75
414,209,48,77
414,217,43,71
410,218,44,72
407,224,43,71
406,230,44,69
406,232,42,68
407,235,41,67
404,238,41,64
407,240,38,62
407,239,37,60
409,240,36,54
409,238,34,54
409,237,32,51
415,236,30,51
413,234,31,49
416,232,31,46
416,231,31,42
417,228,31,41
417,227,29,39
420,225,28,39
420,223,29,42
419,221,32,43
420,223,31,43
420,222,30,42
421,226,31,41
421,226,30,45
422,228,29,45
420,230,32,48
419,233,34,50
419,233,32,53
419,236,34,53
419,237,33,57
419,238,33,59
418,239,32,60
416,238,34,63
415,234,35,63
414,233,37,64
414,228,37,65
411,226,39,67
408,221,42,65
410,217,41,67
406,212,41,70
405,208,43,68
407,207,39,66
405,204,43,68
403,203,40,69
404,204,43,67
401,207,42,65
404,206,42,66
403,207,39,70
405,210,38,67
405,213,38,67
404,214,39,66
407,216,37,65
408,216,38,68
410,219,37,63
413,218,35,61
414,217,38,60
416,217,36,59
419,214,35,58
419,215,37,54
422,214,38,53
424,212,38,51
426,210,38,50
429,209,37,49
432,209,36,48
435,208,36,49
436,207,36,50
437,208,37,48
437,208,41,50
439,206,40,51
440,208,40,51
440,206,42,53
440,209,43,51
441,208,40,54
441,208,41,55
441,207,41,56
439,209,42,59
436,208,46,59
435,209,46,60
434,210,44,60
431,208,46,60
430,208,44,64
428,206,44,62
425,204,43,61
423,204,42,60
421,200,41,62
418,197,42,63
416,194,40,64
413,196,42,64
410,194,42,63
408,194,42,64
408,193,42,65
408,197,40,61
407,196,40,62
407,199,41,63
408,199,41,62
409,200,40,64
411,201,41,62
413,204,40,59
415,204,40,63
418,203,41,60
417,206,46,59
418,205,46,60
424,204,42,58
424,207,46,57
426,202,45,57
429,203,46,59
431,200,45,57
432,201,46,56
435,202,44,57
435,203,45,56
436,202,44,57
437,201,45,56
439,202,43,57
439,202,44,57
443,200,39,56
441,202,42,56
441,199,44,58
440,199,45,56
439,198,45,57
439,196,45,57
438,196,46,56
437,195,46,56
435,191,47,58
435,192,46,59
432,190,47,60
430,191,47,60
429,189,47,61
427,187,46,60
425,185,46,60
422,186,46,58
421,184,44,59
419,181,44,59
416,179,45,61
414,176,43,61
413,173,44,60
411,169,44,63
409,169,44,60
409,166,41,61
407,166,42,60
408,168,39,57
406,167,39,58
405,169,39,56
405,165,37,56
406,169,36,55
407,168,35,55
406,171,38,53
408,172,38,52
411,171,36,53
412,170,37,51
413,171,39,52
418,170,36,51
419,173,37,51
423,175,38,49
425,175,39,50
427,175,42,51
432,174,39,51
435,176,39,52
437,176,40,54
439,176,42,55
441,180,42,52
443,179,43,55
445,177,44,57
446,177,45,58
446,179,48,58
446,179,48,60
445,179,49,64
444,181,50,62
443,182,48,63
443,181,46,63
442,179,45,65
440,179,45,66
438,177,46,66
435,174,47,67
434,171,45,67
431,168,45,68
430,167,44,65
429,166,43,62
429,167,41,61
429,161,41,64
429,165,38,63
431,159,39,65
429,163,43,62
431,159,42,61
433,161,43,62
437,159,41,61
441,160,42,60
445,160,41,60
448,160,43,59
453,159,40,60
458,162,40,60
462,164,41,61
466,166,43,58
470,166,45,60
476,168,44,60
476,170,44,58
480,171,47,58
481,171,46,60
486,173,44,58
485,172,46,57
491,172,44,58
495,170,45,60
499,169,47,60
502,169,48,59
505,170,48,60
507,171,51,59
510,173,51,61
512,175,51,61
513,176,51,63
514,183,51,61
516,185,47,63
513,188,51,64
511,192,50,65
506,190,52,65
500,190,57,65
495,189,55,67
492,187,51,64
485,184,50,67
480,182,48,67
473,179,45,67
467,175,43,66
460,171,44,67
456,168,42,66
449,163,43,66
444,162,42,64
441,158,39,64
435,160,39,64
432,158,40,64
433,160,35,63
429,161,38,63
427,165,37,60
429,162,36,65
427,168,39,62
432,168,37,61
435,170,38,59
439,168,37,61
442,169,39,59
447,169,38,58
451,170,38,60
453,171,40,59
457,171,41,59
462,173,41,60
465,176,44,58
468,176,45,58
473,177,41,60
475,179,42,61
479,181,41,58
479,185,44,56
481,189,44,56
484,191,42,57
483,192,45,58
483,196,45,55
483,194,45,58
481,196,45,61
480,198,43,58
480,197,41,59
477,197,42,62
473,200,45,59
472,196,44,62
469,196,43,63
467,193,42,63
465,193,40,62
461,192,42,62
457,190,42,63
455,188,40,63
453,187,40,65
448,182,42,65
445,183,43,65
444,180,40,66
442,182,40,65
440,179,40,66
439,180,40,65
437,181,41,65
436,179,40,64
437,180,37,64
438,181,37,63
437,181,38,63
437,179,40,65
437,180,41,63
438,184,41,59
438,185,41,63
439,186,42,63
440,187,39,62
442,190,38,62
442,193,39,63
442,198,41,61
442,202,44,60
444,204,41,61
442,210,43,57
443,215,43,57
441,217,43,61
442,220,41,59
440,224,40,58
439,228,39,60
437,230,38,60
435,232,38,59
434,233,35,59
431,233,37,60
430,233,36,59
429,235,35,59
428,235,35,59
427,234,34,60
427,233,34,58
425,235,34,56
425,236,34,55
425,237,32,53
426,235,31,52
427,233,29,53
427,234,30,50
436,233,36,52
431,232,41,54
431,231,41,53
431,229,43,52
433,227,42,54
432,228,43,52
432,224,44,56
431,225,47,57
431,223,48,59
431,225,50,55
431,222,49,60
431,224,50,59
431,222,46,59
432,223,49,55
430,223,38,51
431,221,32,52
432,219,32,52
432,217,32,54
432,216,33,52
431,216,30,54
430,215,32,55
430,215,33,52
429,211,31,56
429,214,32,54
426,212,32,57
426,212,33,57
425,212,34,58
424,214,32,57
422,213,31,58
421,210,32,59
419,213,32,57
416,211,34,60
415,214,33,60
411,216,34,58
408,213,35,61
408,213,35,61
406,214,34,61
402,213,31,59
398,215,35,60
393,215,33,60
390,217,34,58
385,216,35,60
381,216,35,58
377,216,35,57
372,216,37,57
366,215,39,58
362,217,42,55
360,215,40,55
358,214,39,55
356,216,40,55
354,215,41,56
354,217,41,53
353,215,43,54
355,214,42,54
357,214,46,52
361,214,46,55
365,214,46,54
370,215,46,56
377,217,47,54
387,218,44,52
396,218,44,55
407,218,41,54
412,219,45,55
426,218,42,55
434,216,46,55
446,219,43,58
457,216,43,60
470,216,40,59
479,215,42,61
488,212,40,61
496,209,40,63
504,210,38,64
507,208,39,62
511,206,41,65
513,207,40,62
512,208,37,65
511,207,39,64
506,208,39,66
498,212,40,65
490,212,39,66
480,217,42,63
467,220,47,64
454,225,48,62
440,230,50,62
425,234,51,62
409,238,54,59
399,239,49,57
384,243,49,53
371,241,48,53
359,240,44,52
348,237,48,49
341,235,44,45
332,233,45,42
324,231,45,39
319,227,45,39
315,223,45,41
313,218,46,41
313,213,47,43
314,210,47,41
316,207,48,42
320,205,47,40
324,203,48,41
328,203,48,41
338,203,46,45
347,204,44,46
357,204,43,47
365,204,42,51
376,208,42,50
388,211,42,49
405,211,40,53
411,215,46,50
425,216,50,53
442,216,47,59
455,215,47,62
473,213,44,62
486,214,40,60
501,212,39,62
513,207,42,64
524,204,41,64
533,201,39,67
538,199,42,68
538,199,45,66
542,199,44,66
539,198,44,67
532,199,44,67
529,196,42,69
518,200,43,71
508,205,40,66
490,207,51,66
481,211,43,66
465,211,50,67
461,215,44,67
452,215,47,65
446,217,46,64
432,218,41,64
415,220,42,61
404,221,39,59
389,218,41,58
378,218,41,56
367,215,39,55
360,216,39,50
352,213,39,47
345,208,40,48
342,207,39,46
338,203,37,46
338,202,36,45
337,200,35,42
339,200,38,43
343,197,34,41
347,199,33,40
351,198,34,42
356,200,35,43
364,200,35,47
373,203,34,47
382,206,36,47
393,208,35,48
407,213,32,49
416,215,38,49
431,217,37,54
444,216,40,58
456,221,42,56
472,222,42,57
488,219,38,57
500,218,41,59
512,214,45,59
526,209,45,63
535,205,44,64
541,202,49,65
543,199,55,66
545,195,59,66
548,193,57,68
544,191,59,70
538,192,60,73
535,191,53,75
528,195,50,72
513,198,56,68
501,200,50,69
482,206,52,69
466,206,55,71
449,214,54,67
436,218,46,66
418,217,43,64
407,221,37,61
390,218,37,59
377,216,32,55
366,213,30,53
356,209,29,52
347,207,29,51
341,201,29,53
334,195,30,51
331,193,29,48
328,189,28,49
328,187,28,49
327,184,26,47
329,179,27,47
332,177,25,47
333,177,26,48
338,178,26,48
343,180,25,48
349,183,24,48
353,187,27,49
360,192,28,49
370,198,28,46
377,201,30,50
388,206,34,51
400,211,35,53
411,217,38,53
424,217,41,57
436,216,46,60
449,219,51,59
462,218,54,61
474,215,55,62
486,214,60,63
498,209,62,63
508,207,64,64
516,203,65,67
522,203,65,63
525,201,66,66
526,200,68,67
523,201,69,66
521,202,65,65
515,203,65,66
507,205,64,68
496,209,65,66
485,211,61,64
470,215,59,65
461,220,56,66
444,221,55,65
429,223,55,65
415,223,47,60
405,222,44,61
388,221,41,55
375,217,35,55
365,214,31,55
358,211,28,54
349,207,28,51
341,203,29,50
336,197,28,52
331,192,27,51
331,189,25,50
328,187,26,47
329,183,27,47
330,178,27,47
331,174,27,48
336,171,27,49
338,173,27,48
344,174,27,49
350,176,29,50
356,179,30,49
362,182,33,50
372,185,33,52
380,188,35,52
384,187,36,53
389,186,39,55
391,186,43,56
403,186,44,59
413,186,48,59
424,186,51,59
435,184,55,61
445,180,60,64
457,176,62,63
466,173,64,66
478,169,64,68
484,165,72,67
490,161,75,70
496,159,75,67
496,152,82,72
500,149,82,72
497,146,82,72
495,144,80,72
491,140,78,73
484,139,76,74
476,136,71,75
466,134,69,77
455,132,64,72
443,129,62,74
431,127,58,70
417,123,58,68
406,119,55,68
394,117,53,69
384,111,49,67
376,109,45,66
371,106,40,66
364,104,39,61
358,100,37,61
356,96,32,59
352,95,32,58
350,96,32,56
348,95,33,56
348,98,32,56
348,103,33,54
350,104,31,53
351,112,31,50
354,113,30,51
358,118,30,49
363,122,30,47
368,125,28,50
373,131,27,49
378,135,28,48
384,140,28,47
390,146,27,44
397,151,27,43
402,156,28,41
409,159,27,40
414,163,27,36
418,169,30,30
425,173,29,28
431,178,26,24
436,183,26,20
441,189,25,17
441,189,25,17
441,189,25,17
441,189,25,17
441,189,25,17
441,189,25,17
441,189,25,17
441,189,25,17
441,189,25,17
441,189,25,17
441,189,25,17
441,189,25,17
441,189,25,17
441,189,25,17
441,189,25,17
441,189,25,17
441,189,25,17
441,189,25,17
441,189,25,17
441,189,25,17
441,189,25,17
441,189,25,17
441,189,25,17
441,189,25,17
441,189,25,17
441,189,25,17
441,189,25,17
441,189,25,17
441,189,25,17
432,191,22,13
431,185,25,17
431,179,26,21
433,175,26,25
434,167,26,32
435,161,28,37
437,153,29,41
438,150,29,41
439,146,29,42
441,142,29,42
444,140,29,42
445,138,28,43
448,135,28,45
448,134,28,46
448,133,29,47
448,132,30,49
450,132,30,48
449,129,30,51
446,127,34,50
446,125,35,54
445,120,38,54
443,120,39,55
442,117,41,52
438,115,44,52
438,111,45,50
438,111,44,52
438,104,46,54
438,109,47,53
436,104,47,55
437,109,50,54
436,116,51,56
436,121,51,59
435,127,53,60
438,129,52,62
441,133,50,66
446,136,47,64
443,134,48,65
446,136,48,63
445,132,47,64
448,135,49,63
447,141,51,61
450,145,52,60
452,149,47,65
455,151,45,61
454,155,43,62
456,157,40,60
458,159,37,63
455,167,38,59
453,173,40,55
450,176,40,55
446,177,40,54
443,178,39,55
441,179,35,53
435,177,35,52
429,176,32,50
420,176,36,50
412,173,38,49
405,172,37,50
393,171,42,53
385,171,43,51
377,170,43,51
370,171,39,50
362,173,39,50
353,171,40,49
345,169,41,50
337,167,42,49
328,164,47,48
323,162,47,47
318,158,49,48
313,155,50,48
310,151,50,49
308,145,53,53
309,142,53,52
311,139,54,52
314,136,53,54
315,136,57,52
320,137,58,52
327,138,58,52
333,137,60,57
344,140,59,58
356,138,57,62
369,141,56,63
384,143,54,69
396,143,55,68
411,144,54,71
427,147,55,73
441,148,57,70
453,148,61,74
467,149,58,77
482,154,51,74
495,159,47,75
502,163,46,73
507,164,48,73
514,166,46,72
516,170,45,73
516,171,45,69
512,175,48,68
510,176,44,67
501,176,48,70
492,182,49,65
483,181,46,67
476,182,43,67
463,183,46,62
449,184,49,63
434,185,53,59
421,188,54,58
408,187,57,54
400,187,54,54
392,186,51,53
383,186,49,53
375,186,46,52
369,184,45,51
362,185,46,47
356,184,48,48
351,185,52,43
349,185,49,43
349,185,51,41
350,186,49,43
352,186,50,44
355,188,50,48
358,188,51,51
364,193,49,50
371,198,48,48
379,203,52,48
388,209,52,49
403,211,50,53
412,217,54,55
424,217,59,59
442,220,55,64
460,223,56,65
478,224,51,68
496,224,55,69
516,224,56,66
537,222,51,71
549,221,54,74
563,218,54,72
577,216,50,76
586,215,48,76
592,212,43,80
596,209,40,78
598,210,38,78
596,209,40,80
590,208,43,80
582,212,47,79
570,216,50,77
558,216,48,71
546,222,42,70
531,226,41,68
509,229,47,66
492,231,50,69
472,232,51,70
453,233,57,68
436,235,57,64
419,237,57,62
406,236,53,57
393,235,49,56
377,233,47,53
377,233,44,50
367,229,46,51
366,226,42,50
356,224,46,49
349,222,44,42
343,219,43,42
336,215,45,38
333,212,43,40
331,209,41,41
330,206,41,41
330,204,40,40
330,204,40,41
331,204,41,40
333,205,42,40
337,206,40,40
340,208,42,39
347,208,41,41
354,212,41,43
361,214,41,47
371,216,38,47
382,220,41,50
394,225,41,50
408,223,41,54
419,226,45,55
434,224,46,60
450,225,45,62
464,223,46,63
479,221,44,62
491,217,41,64
505,212,40,62
518,207,40,64
528,203,41,67
538,200,41,67
541,196,46,69
546,195,44,68
549,194,46,70
547,194,44,71
543,191,46,70
535,193,44,68
527,191,41,67
513,188,45,66
501,184,42,67
487,181,41,66
472,183,47,64
460,183,44,63
444,184,46,62
431,186,45,59
417,189,45,57
407,193,42,55
397,193,42,54
388,191,41,53
380,193,41,49
376,191,38,49
372,189,36,50
368,189,38,47
365,185,39,48
366,185,37,45
367,184,37,46
368,185,37,46
370,185,38,46
373,187,35,45
376,191,34,44
381,190,34,47
386,195,39,49
394,196,50,54
397,198,55,53
405,200,57,54
409,201,60,54
416,204,66,54
425,205,64,54
431,205,66,56
437,205,64,58
443,205,61,58
449,204,52,59
452,202,39,55
457,200,36,55
460,199,36,54
463,198,35,54
462,196,34,55
464,195,35,57
465,197,31,57
464,201,31,54
462,202,31,55
458,199,35,56
458,203,32,53
453,201,34,56
450,201,34,56
446,202,33,54
444,201,34,53
440,202,34,54
438,203,33,54
435,203,36,55
433,202,46,58
428,203,53,53
427,204,52,51
426,202,51,53
425,198,49,54
426,200,45,50
426,197,43,55
425,195,45,53
425,194,47,55
424,193,48,54
425,192,48,54
426,193,49,53
426,191,50,54
428,190,49,52
430,190,47,54
431,190,49,55
434,188,48,57
435,189,49,59
437,190,49,56
439,188,48,56
440,190,47,54
441,190,49,57
443,189,50,57
445,188,48,58
446,187,48,57
447,188,45,54
446,185,48,56
447,184,47,54
447,181,46,57
447,180,43,55
447,180,47,55
447,178,43,54
446,177,47,56
446,176,45,56
445,175,47,57
444,175,40,54
443,175,38,53
441,174,33,53
439,175,32,52
435,176,34,53
433,175,32,52
432,175,30,51
429,178,31,52
427,175,31,50
425,176,31,48
423,175,32,48
421,172,31,49
419,173,33,47
418,170,32,47
417,168,33,49
416,169,33,48
417,168,31,50
416,170,31,48
415,169,34,49
418,172,30,45
417,172,33,47
420,173,33,48
420,173,34,49
422,174,34,47
423,175,35,48
426,174,42,52
426,174,41,52
429,172,40,54
431,170,36,51
430,169,36,51
430,168,39,52
429,169,39,49
429,167,39,50
428,169,38,48
427,168,40,50
427,169,40,51
428,169,35,51
426,171,37,53
426,171,39,54
425,172,40,54
423,173,42,54
423,172,39,53
422,173,42,53
421,174,42,51
421,173,39,51
421,173,38,53
421,174,36,50
421,173,32,51
421,173,32,53
421,174,30,51
420,173,35,51
419,174,37,50
419,173,36,50
418,174,38,52
417,172,38,54
419,174,32,51
419,173,31,53
419,174,30,52
419,174,29,51
419,174,32,51
418,174,37,53
419,175,35,52
419,175,36,52
419,175,40,52
420,175,38,53
420,175,42,53
422,176,37,51
422,177,36,53
424,177,37,53
424,177,42,55
424,180,45,55
426,180,45,56
427,183,46,55
429,184,48,55
429,186,51,56
430,188,53,56
432,191,52,54
434,190,56,59
434,193,57,60
435,191,60,66
435,193,61,64
436,193,61,60
435,192,62,58
437,191,62,56
436,190,62,55
435,191,50,50
437,188,39,51
436,185,38,52
436,183,37,50
434,181,39,51
433,179,36,51
430,176,39,53
429,173,39,51
424,172,45,52
422,171,40,53
418,170,40,52
414,171,38,49
410,171,36,49
406,169,33,51
400,169,33,51
396,169,31,52
391,169,30,53
383,170,30,52
378,172,30,50
371,174,28,49
367,173,27,53
360,173,27,53
356,171,29,53
350,171,31,54
346,169,34,53
343,166,35,55
342,163,37,53
341,162,40,55
343,156,42,55
345,152,44,56
349,151,44,58
354,147,44,60
357,146,44,57
361,146,44,59
362,144,47,58
367,142,50,60
376,145,51,63
386,142,51,64
397,141,50,66
406,143,51,66
416,142,51,67
429,147,49,67
437,143,50,69
448,145,45,65
456,147,44,66
463,142,42,66
465,144,42,65
464,144,46,67
468,150,42,67
462,150,46,67
459,149,45,68
449,148,52,70
443,152,52,70
433,154,54,69
426,149,52,71
410,150,61,77
403,147,58,73
392,147,62,74
384,146,64,72
378,146,64,70
371,145,66,70
364,144,66,67
361,145,67,66
363,146,68,66
366,146,67,66
371,147,67,67
377,145,68,65
388,148,65,66
403,148,61,70
418,149,58,72
434,150,56,76
455,157,50,77
470,163,54,75
488,165,50,79
505,167,54,76
519,170,60,80
534,169,62,76
545,169,64,78
553,168,70,76
558,162,72,76
565,161,68,74
566,157,66,73
567,155,65,74
565,153,67,73
562,152,69,74
559,150,67,78
553,153,65,74
548,155,63,72
540,157,61,73
531,158,60,74
521,160,61,75
513,164,58,74
500,166,60,73
490,169,56,75
478,170,55,72
465,174,58,73
453,171,57,77
444,175,54,76
433,177,53,78
420,172,55,79
407,173,58,81
402,175,52,85
390,175,55,82
380,175,54,86
374,177,53,83
364,175,53,87
357,178,52,88
351,178,53,88
348,184,49,86
341,183,53,92
336,180,55,98
331,186,58,97
334,185,54,100
329,188,59,101
331,190,58,98
330,193,56,102
334,195,58,99
333,196,58,104
335,195,61,102
336,195,62,104
334,194,63,103
337,193,62,106
335,189,63,110
336,190,63,113
335,188,62,114
330,186,61,114
328,184,58,117
320,187,61,111
315,185,61,119
313,184,60,121
307,188,62,121
299,193,66,119
293,193,67,125
288,194,62,122
278,194,65,117
272,194,66,117
274,194,66,118
273,194,64,118
273,195,67,115
269,196,75,115
274,197,73,114
270,197,79,113
271,200,83,109
271,201,90,103
274,201,92,106
271,201,96,106
274,201,100,106
277,203,94,104
276,203,95,103
279,204,91,102
280,200,87,107
289,196,79,107
292,198,70,106
291,195,70,105
295,199,64,105
296,197,61,105
297,196,59,111
302,197,53,110
302,196,52,111
300,195,51,116
302,197,51,109
297,196,59,108
296,198,62,102
292,198,65,101
289,201,69,99
284,199,75,103
287,198,72,103
289,199,65,101
293,199,61,103
296,201,60,103
306,201,57,105
308,204,65,98
307,207,76,94
303,205,91,103
306,204,96,101
309,208,95,97
312,210,94,97
316,210,94,97
321,210,88,97
321,206,85,98
326,204,74,98
332,207,63,99
333,201,58,100
329,205,60,96
325,202,65,95
321,204,68,97
315,205,72,94
308,204,73,97
304,205,72,93
303,205,65,91
305,210,58,85
309,210,51,88
308,213,60,84
300,213,76,86
292,216,87,82
285,218,97,79
282,217,96,84
279,217,100,86
280,216,97,88
280,215,91,90
282,215,82,87
284,215,72,94
284,211,64,99
284,209,58,102
283,206,54,101
277,202,61,106
272,199,63,106
265,193,71,113
259,195,76,109
257,194,77,114
253,196,80,108
250,195,82,108
254,195,75,110
256,196,72,109
265,197,63,108
271,197,66,108
277,200,70,103
274,206,89,100
275,207,97,101
278,207,105,105
283,211,106,106
294,210,105,122
308,209,85,128
314,211,78,136
319,211,64,130
322,203,57,121
318,208,64,102
314,207,74,103
309,209,80,95
305,207,81,99
301,209,81,94
302,205,72,93
303,207,64,91
305,205,56,92
309,206,52,91
308,204,58,89
304,205,67,89
297,206,73,88
291,205,82,92
288,205,82,90
286,205,84,93
285,203,84,97
283,201,80,95
287,205,76,98
290,203,66,99
293,203,58,99
291,204,54,101
291,201,52,98
289,199,52,104
282,195,59,106
276,198,66,103
269,198,74,104
262,195,80,106
262,197,79,105
259,196,80,107
266,194,71,108
273,194,59,105
272,191,58,105
276,186,58,100
280,177,58,104
283,172,59,107
285,168,63,108
288,159,67,107
289,162,77,110
290,160,82,108
290,163,88,109
296,169,85,109
300,170,83,106
305,172,78,107
307,177,76,105
317,176,68,106
322,179,60,103
327,179,54,104
327,176,52,103
330,174,54,99
327,179,56,96
327,173,58,99
325,174,62,96
325,169,65,95
326,163,65,96
329,158,61,96
330,157,61,98
332,152,60,96
335,147,57,97
337,144,57,98
341,141,56,97
343,140,60,102
347,141,63,99
342,136,75,102
341,136,86,109
343,137,88,115
347,136,90,110
352,137,94,117
356,136,95,120
363,137,94,118
374,139,92,117
384,139,88,116
403,143,77,120
410,149,78,123
418,149,79,127
425,156,89,134
428,165,96,132
435,171,96,133
441,185,99,129
447,197,98,128
452,208,93,127
452,220,96,119
455,236,90,114
462,247,79,112
466,269,68,90
474,292,61,70
468,310,67,57
468,310,67,57
468,310,67,57
468,310,67,57
468,310,67,57
468,310,67,57
468,310,67,57
468,310,67,57
468,310,67,57
468,310,67,57
468,310,67,57
468,310,67,57
468,310,67,57
468,310,67,57
468,310,67,57
468,310,67,57
468,310,67,57
468,310,67,57
468,310,67,57
468,310,67,57
468,310,67,57
468,310,67,57
468,310,67,57
468,310,67,57
468,310,67,57
468,310,67,57
468,310,67,57
404,285,55,58
416,276,54,69
428,270,55,83
436,263,58,89
441,254,63,92
444,243,73,88
453,238,70,81
455,233,72,78
459,226,72,76
461,218,72,81
464,212,68,84
465,208,69,84
465,201,65,87
465,195,60,89
463,189,58,85
457,181,61,90
452,178,61,87
448,168,61,88
442,159,60,88
435,149,61,94
430,139,58,90
425,132,56,93
421,127,51,84
416,121,51,85
406,119,56,86
399,117,53,87
393,115,52,88
386,116,53,92
383,117,53,93
382,122,54,91
383,126,52,89
386,127,51,88
386,126,53,91
389,130,53,91
393,138,52,87
398,140,51,91
401,150,54,93
404,156,57,93
412,166,56,94
417,171,58,101
422,186,62,93
428,203,63,100
432,208,63,108
437,218,65,104
443,237,62,98
453,252,60,99
459,262,59,96
460,280,62,77
466,290,56,70
471,299,53,58
473,307,54,49
473,314,53,43
474,320,53,38
474,328,52,31
475,334,49,25
475,334,49,25
475,334,49,25
475,334,49,25
475,334,49,25
475,334,49,25
475,334,49,25
458,294,46,29
458,294,46,29
455,322,36,32
457,323,32,33
457,325,31,31
467,294,26,32
466,296,25,35
466,295,23,38
466,295,23,38
466,295,23,38
466,295,23,38
466,295,23,38
466,295,23,38
422,304,33,36
412,291,39,44
408,274,49,48
408,259,51,52
405,249,59,66
404,231,63,85
411,213,56,93
413,200,60,92
419,185,54,94
425,172,53,97
429,165,53,94
434,159,55,95
439,154,58,92
441,150,59,94
447,144,58,97
452,146,54,96
451,142,56,102
458,142,52,98
459,139,55,99
459,135,54,97
463,131,54,94
466,133,52,89
464,133,56,86
463,132,54,89
464,131,56,89
463,129,55,90
463,133,52,90
462,130,57,91
463,133,52,95
461,135,53,92
457,138,55,92
458,142,55,91
455,144,52,94
455,149,54,87
453,153,52,89
451,157,50,86
449,160,52,82
449,164,51,80
446,164,53,79
445,168,51,79
444,173,50,80
444,176,49,75
444,182,50,74
445,186,45,72
444,191,49,70
444,191,48,68
446,192,45,67
445,194,47,65
446,196,49,57
447,193,54,57
448,191,52,59
450,188,44,58
451,189,39,57
452,187,38,54
453,188,38,52
450,188,40,48
450,188,41,47
449,186,41,49
449,185,41,49
448,181,39,51
445,176,40,54
444,172,38,55
442,167,39,58
439,164,42,63
436,165,45,60
432,163,48,62
429,164,49,66
425,160,52,71
423,155,52,71
423,158,51,69
418,148,55,71
417,142,58,74
417,134,61,76
420,128,60,75
420,117,61,82
417,109,68,85
420,109,65,84
425,106,64,89
425,105,64,86
427,107,63,86
431,110,61,89
428,114,65,88
428,116,70,93
432,119,73,100
432,131,75,97
434,141,76,96
440,154,70,97
441,166,70,96
445,187,65,99
447,214,63,97
451,238,58,104
451,272,58,87
457,296,56,64
465,310,51,59
351,293,67,56
351,293,67,56
351,293,67,56
351,293,67,56
351,293,67,56
351,293,67,56
351,293,67,56
351,293,67,56
351,293,67,56
351,293,67,56
351,293,67,56
351,293,67,56
351,293,67,56
351,293,67,56
351,293,67,56
351,293,67,56
422,313,63,43
427,303,54,49
429,290,51,52
424,277,53,58
414,260,62,65
407,242,65,72
409,220,62,80
407,206,64,79
405,193,64,78
406,178,63,82
406,168,63,78
403,158,65,79
399,149,70,77
399,149,73,80
396,148,76,76
399,146,70,79
399,150,70,79
401,148,69,82
405,154,66,80
404,164,62,81
407,177,60,81
405,189,61,78
404,200,61,79
404,215,62,78
406,228,62,76
400,240,70,79
409,257,62,69
412,267,59,70
413,278,54,63
419,288,49,55
423,297,45,49
427,304,44,45
431,312,41,38
433,317,42,35
436,320,40,34
438,322,35,30
434,321,37,29
431,319,39,31
430,316,41,33
428,310,45,38
427,304,50,40
426,291,51,49
418,278,57,59
411,260,65,70
411,246,61,75
416,230,57,78
414,217,59,78
417,205,56,72
417,190,60,76
416,179,63,77
415,166,65,73
413,160,68,69
410,147,70,73
409,140,71,73
409,134,72,76
411,129,71,77
412,127,69,78
414,126,67,77
415,128,67,79
415,132,66,78
416,134,66,76
417,142,65,73
417,142,65,74
417,147,65,73
417,144,66,74
418,147,62,72
420,149,58,74
421,155,55,72
422,158,54,68
420,168,55,67
418,170,55,67
418,174,53,66
416,177,52,64
415,177,52,66
416,180,46,60
413,182,47,62
413,184,44,57
411,183,43,59
410,186,44,60
407,188,46,52
404,186,46,53
401,185,47,56
401,186,48,53
401,188,45,53
400,189,45,52
401,189,43,54
400,191,45,52
398,195,47,51
400,195,46,52
400,197,47,54
404,200,44,51
406,202,44,54
408,206,46,52
410,207,46,53
413,208,44,54
417,210,45,52
421,213,44,49
424,210,47,50
430,212,44,53
435,209,45,54
437,209,48,52
442,206,50,56
449,207,47,53
453,210,45,56
456,211,46,58
459,210,45,57
464,208,43,61
466,211,43,61
469,212,37,61
468,215,37,60
465,213,36,59
461,216,37,58
457,218,38,59
450,220,37,54
444,222,35,53
433,220,39,56
422,220,43,53
419,219,44,53
414,219,43,52
411,219,43,55
405,213,41,55
396,211,44,53
386,209,49,52
380,205,47,48
374,201,51,47
372,197,50,44
370,193,48,45
369,189,50,43
369,186,51,44
371,186,49,42
374,184,51,42
378,185,50,44
384,185,48,45
388,186,50,47
401,187,46,49
413,187,43,51
425,188,40,53
438,191,40,49
451,190,46,53
461,189,43,56
474,185,39,55
484,180,40,57
494,176,38,58
502,170,39,60
507,165,40,63
510,161,44,62
513,158,44,63
514,152,42,66
509,150,44,69
506,152,43,70
495,150,48,70
486,152,50,68
473,147,55,70
458,148,58,69
442,145,63,68
427,143,64,66
413,141,65,66
399,143,69,62
387,139,68,66
376,139,68,65
367,139,65,65
360,141,65,66
352,140,64,63
345,140,66,67
340,141,67,68
336,143,64,67
334,146,61,68
334,147,63,69
333,152,61,68
332,151,63,70
334,156,61,69
334,159,64,73
337,159,61,78
340,162,59,75
342,165,61,79
346,162,59,83
349,169,60,80
349,170,63,80
354,168,59,81
355,168,61,83
356,168,61,83
357,166,58,82
356,170,61,81
358,168,59,82
355,171,63,88
354,174,63,87
354,181,62,82
352,182,63,88
350,189,60,86
351,197,59,82
347,197,61,85
342,201,65,89
342,206,62,86
340,204,64,86
336,202,65,86
337,205,65,86
335,205,64,85
333,203,65,86
335,202,57,87
333,202,53,86
330,204,51,83
330,204,48,82
325,205,47,81
322,204,47,81
318,205,48,79
314,202,49,83
310,203,50,80
311,204,44,82
305,205,45,78
305,207,43,80
306,206,41,79
303,211,42,76
303,207,40,77
302,206,41,80
304,205,40,83
303,205,43,81
303,207,42,78
304,208,41,77
303,207,41,77
302,205,42,77
303,209,42,77
304,209,40,80
304,207,40,75
