274,214,77,125
273,211,74,124
275,215,78,124
277,219,75,116
270,208,77,128
274,207,74,129
272,210,76,129
273,209,74,128
275,212,75,126
274,211,73,126
272,210,75,128
273,215,74,121
276,213,76,125
276,211,73,124
274,213,75,125
274,215,77,124
275,210,75,126
273,212,82,123
274,215,79,121
274,215,79,121
274,218,73,117
274,217,77,119
274,219,76,117
277,215,72,125
277,217,72,122
273,219,76,121
274,217,74,123
276,219,78,118
277,220,80,117
272,217,93,123
273,215,96,128
272,211,104,126
273,213,106,128
281,206,110,129
292,205,108,128
305,201,108,127
308,203,113,128
317,206,99,117
325,202,99,120
330,198,98,112
333,191,96,113
334,185,94,117
336,179,89,117
336,170,84,118
338,164,78,116
243,192,82,114
243,187,87,116
246,182,86,117
254,191,81,110
253,186,85,119
256,186,89,115
255,189,91,113
254,193,96,113
257,208,91,100
261,203,90,104
269,192,76,119
271,193,76,114
273,204,73,111
275,205,69,107
275,197,70,116
275,198,70,115
273,191,68,122
275,200,68,110
274,200,67,111
275,198,67,110
271,202,70,105
274,198,67,109
272,196,70,115
273,185,70,125
274,198,69,109
269,191,68,115
272,188,73,123
273,181,71,126
271,189,74,120
272,183,72,125
273,190,74,118
269,196,71,111
274,205,70,105
271,202,71,104
271,202,70,106
273,202,69,108
275,202,66,109
273,192,70,111
275,180,71,122
279,189,74,119
282,183,68,127
280,190,80,125
286,182,83,123
290,194,84,121
294,206,84,114
301,190,82,121
305,201,80,115
306,203,79,125
305,204,76,124
303,207,79,123
304,209,72,122
303,214,75,118
299,215,79,114
302,231,72,100
302,233,74,98
301,240,75,93
300,235,76,97
300,236,77,96
302,237,74,97
299,223,72,110
303,231,76,103
301,234,72,98
302,235,76,99
299,221,79,113
301,214,71,118
304,213,69,120
304,198,70,135
303,199,73,135
303,200,76,138
299,196,72,133
304,201,73,138
302,200,73,135
302,204,71,130
299,218,73,119
302,221,76,108
299,215,73,115
300,217,73,115
302,217,75,114
299,214,75,117
301,208,77,123
305,216,72,118
300,214,75,117
301,211,82,119
295,214,77,119
300,211,77,120
296,200,82,133
296,206,78,129
296,208,86,127
292,209,81,123
296,197,87,133
289,197,92,136
295,190,85,141
293,204,83,127
295,201,82,130
295,189,87,140
290,179,88,154
291,183,85,148
289,182,84,156
291,177,90,150
295,174,81,161
295,173,80,160
294,180,82,162
293,166,85,165
294,186,82,149
297,187,79,150
293,183,82,149
290,170,91,165
294,165,83,163
295,176,82,152
296,195,80,134
299,208,79,126
296,210,82,123
293,199,84,135
296,194,81,138
296,194,77,137
300,186,76,147
293,182,84,151
294,175,88,157
298,176,83,157
300,177,78,153
301,188,78,144
302,180,78,155
303,178,77,153
301,167,80,165
301,189,77,144
302,192,73,139
302,194,75,136
302,208,80,127
303,211,75,123
300,210,77,120
303,210,78,121
300,214,74,117
303,211,75,120
301,211,72,122
303,206,74,128
302,212,73,121
300,210,74,122
303,211,76,121
297,207,76,123
301,216,79,115
299,218,74,115
304,220,76,114
300,217,80,114
298,210,76,121
300,213,79,122
299,207,74,121
298,219,83,114
300,222,76,109
302,217,73,115
298,210,77,121
297,203,80,128
299,194,82,138
300,199,74,132
300,199,73,134
302,193,78,140
300,198,75,137
297,195,79,138
303,204,75,132
299,207,73,124
300,214,79,118
302,209,71,121
298,209,78,126
303,207,72,124
299,205,80,128
300,212,79,119
299,209,78,122
302,207,76,123
300,209,79,123
302,212,74,120
296,208,82,124
304,214,77,118
302,212,73,118
299,219,72,111
302,216,72,115
302,215,72,119
302,204,74,127
300,208,78,126
299,212,77,118
299,223,76,109
302,226,76,108
301,220,75,112
301,215,78,118
298,212,81,118
301,211,80,123
302,205,75,128
301,205,74,130
305,213,73,120
299,206,72,125
299,211,74,121
302,215,79,117
300,207,74,124
299,200,81,133
303,207,73,124
301,195,74,136
299,196,78,133
297,204,76,129
299,201,80,128
301,202,78,130
299,211,74,120
302,220,79,116
297,218,77,112
305,222,75,111
298,219,74,112
303,219,78,115
302,213,73,121
305,213,75,119
299,206,73,123
299,203,76,128
299,213,82,118
301,218,75,113
303,222,71,110
302,220,72,111
300,226,75,107
298,224,74,106
300,217,80,115
301,215,73,114
299,216,77,114
300,210,82,120
300,216,73,116
300,214,79,116
304,214,75,118
298,207,76,120
297,207,81,127
303,212,75,120
297,208,81,126
302,216,79,118
300,221,75,109
299,215,78,117
303,220,72,113
303,223,74,109
299,225,77,109
298,223,76,109
302,219,81,113
298,209,77,121
302,202,75,127
302,203,75,134
300,204,75,130
298,205,81,126
299,197,82,133
300,207,78,124
302,212,76,121
299,210,74,121
300,202,78,129
298,210,78,120
301,211,81,122
301,219,77,113
300,217,80,116
299,218,78,111
304,212,76,120
298,202,81,130
300,205,77,127
301,208,75,124
302,207,75,124
302,194,77,134
297,198,78,133
298,198,80,132
296,191,81,145
296,199,78,136
297,194,85,139
295,193,80,139
297,188,82,143
302,174,78,153
300,186,80,147
300,191,76,143
301,198,77,138
301,209,74,125
303,202,69,130
300,210,73,122
301,209,77,124
300,220,73,110
302,225,79,108
299,223,76,108
298,236,78,95
302,236,79,95
301,235,76,97
301,236,75,95
301,217,80,115
303,213,76,117
304,226,74,105
301,219,76,109
303,206,75,123
302,216,74,117
302,212,77,119
300,205,73,125
302,205,75,131
305,215,74,119
304,219,75,113
303,222,77,111
300,220,78,113
300,216,75,114
305,219,78,117
300,214,76,116
302,209,80,123
299,211,76,120
298,217,81,117
298,205,79,130
299,210,74,119
300,207,78,128
298,212,78,122
300,213,79,116
302,208,79,121
300,211,72,117
305,210,75,126
300,200,73,131
301,199,79,134
303,205,74,131
300,214,74,121
299,210,77,123
303,219,74,114
303,231,79,101
297,228,79,102
305,226,79,110
302,221,77,114
301,219,72,111
302,214,81,119
302,210,74,125
302,215,74,116
298,210,76,122
301,203,83,129
299,202,77,131
295,211,84,121
301,203,83,131
303,211,77,123
298,204,78,124
298,211,85,122
301,212,78,120
299,208,83,123
299,206,77,124
298,205,84,131
299,208,82,124
299,206,78,126
301,210,75,123
299,209,79,123
300,206,79,127
301,212,74,122
297,203,83,129
299,189,79,146
297,186,81,147
296,188,81,140
291,197,87,136
292,193,85,140
285,196,95,137
297,190,77,142
293,194,86,140
290,192,89,139
291,196,84,142
299,177,73,155
302,187,73,139
301,199,83,135
299,198,99,125
296,196,122,109
298,201,134,91
298,201,134,91
360,224,119,87
394,218,107,99
384,190,105,117
397,157,81,133
286,168,86,119
284,166,90,117
280,180,93,106
293,177,80,102
304,172,69,103
305,170,64,109
305,168,68,107
304,167,64,110
305,166,65,110
307,169,62,107
306,170,62,105
307,171,64,105
366,105,73,107
301,181,71,96
304,180,69,95
303,177,69,99
301,174,70,103
302,179,72,97
301,185,71,92
304,186,68,90
302,183,70,92
305,174,67,101
304,179,65,96
305,182,66,92
303,179,66,96
303,182,68,94
303,170,68,106
304,168,65,108
303,172,67,105
304,176,65,99
302,176,71,100
301,184,69,92
300,182,73,94
301,180,67,94
303,183,69,95
302,180,73,96
303,173,68,102
305,166,65,110
304,167,68,111
304,168,67,109
302,166,69,112
304,164,69,115
305,167,67,106
305,165,62,112
307,166,59,111
306,164,60,112
308,166,58,109
309,161,54,118
306,161,63,112
327,190,59,108
321,192,64,113
320,193,83,116
316,184,108,130
304,191,116,135
308,192,98,148
304,193,88,138
300,186,92,145
298,182,86,150
298,186,77,147
292,190,78,143
287,185,81,148
285,177,83,158
281,179,87,153
280,176,87,157
278,176,90,154
275,177,93,152
274,171,95,156
270,175,99,151
270,179,95,146
266,188,90,135
262,187,96,139
263,185,94,139
260,190,86,133
260,183,76,139
258,191,75,134
253,198,76,125
260,204,68,119
257,199,68,122
258,196,76,121
259,203,74,126
255,203,70,117
255,194,75,122
257,204,71,119
255,209,69,113
256,217,73,109
253,205,75,115
254,198,69,120
257,200,75,126
258,200,72,125
255,198,70,120
256,204,70,120
259,207,74,113
253,199,73,118
255,200,75,122
254,198,77,123
256,197,71,128
260,199,73,124
258,197,69,127
261,207,70,114
261,204,68,119
255,203,70,117
258,193,73,128
258,194,71,122
259,192,73,131
259,191,69,129
259,195,67,132
259,191,70,128
258,185,70,134
261,191,69,128
261,199,70,123
257,203,69,116
254,207,71,111
256,206,74,110
258,201,65,118
257,195,71,124
257,198,74,127
258,204,71,117
258,199,71,119
257,199,69,124
261,196,65,125
259,204,68,121
257,201,68,118
259,201,67,119
256,202,68,119
257,208,71,113
255,197,70,123
257,198,70,119
258,196,66,124
261,197,67,126
256,195,68,131
260,200,69,125
255,196,66,126
258,191,73,129
257,196,73,124
256,194,70,124
256,201,69,121
258,212,65,110
255,202,73,119
259,205,68,119
257,202,66,117
256,194,69,126
261,201,67,122
258,199,67,121
257,195,69,125
259,200,68,122
260,208,68,115
256,202,69,120
259,199,74,122
258,199,72,122
259,198,75,125
260,204,70,117
259,194,70,123
259,201,72,124
257,194,74,130
258,194,69,121
259,204,72,118
258,200,70,122
259,195,73,122
255,200,72,126
260,203,70,120
262,203,70,121
261,195,67,128
259,197,68,122
261,198,68,125
261,197,70,127
258,201,68,120
258,205,65,114
260,204,69,119
257,198,67,125
257,200,72,117
258,197,70,123
262,200,70,125
262,201,69,122
261,206,72,117
256,205,73,115
261,200,66,118
261,199,70,124
257,199,72,121
257,195,70,126
256,205,69,116
256,199,69,120
259,195,68,125
262,203,68,121
259,200,70,122
256,194,70,123
258,203,71,120
260,192,70,130
256,192,68,128
261,195,69,129
258,196,72,123
256,199,68,121
257,204,65,114
256,203,70,119
258,204,72,117
259,190,65,127
261,195,68,129
259,194,73,125
258,190,73,131
259,198,69,120
259,196,70,122
259,194,67,125
262,197,71,128
258,195,70,128
260,198,70,126
255,198,69,122
257,193,68,125
260,201,70,124
260,196,68,127
257,196,69,126
258,201,72,122
259,201,66,117
258,206,72,115
261,206,66,115
259,201,68,121
261,195,69,122
260,200,66,121
260,210,69,111
258,200,69,122
257,207,68,114
259,216,69,102
260,207,69,114
258,207,69,116
258,205,68,116
258,202,68,118
259,199,67,120
256,200,68,121
262,206,71,117
261,203,64,120
260,199,69,127
257,202,71,119
260,201,65,121
257,200,67,121
258,199,70,119
259,205,70,116
257,205,69,116
259,195,73,127
260,193,69,136
262,178,71,142
261,176,69,144
258,182,71,141
258,193,70,134
261,193,67,128
259,192,67,130
258,183,67,136
261,190,65,133
260,191,66,135
260,186,67,135
258,183,70,138
258,179,68,139
259,166,70,150
261,192,65,129
259,198,66,123
261,197,68,123
256,193,71,124
260,202,69,121
261,200,66,123
259,208,69,112
259,215,72,105
261,214,75,105
266,218,77,94
268,214,81,96
276,205,80,101
282,199,85,108
294,195,79,106
295,187,89,114
299,192,95,113
294,180,105,126
292,165,112,140
287,162,127,146
296,162,123,143
303,173,119,135
310,183,115,130
222,194,84,140
324,179,94,128
327,177,94,123
327,176,91,130
327,182,93,115
323,178,95,119
321,176,92,127
317,173,89,122
314,172,91,124
314,175,86,122
315,186,88,115
311,178,88,119
312,196,89,100
314,197,83,95
317,197,77,97
317,196,79,99
318,202,76,90
320,193,71,98
318,189,77,99
315,190,75,100
312,191,74,99
304,180,76,114
305,183,77,110
300,176,76,122
289,176,84,124
287,184,82,117
288,192,78,107
287,184,77,117
290,186,77,113
287,196,78,104
286,188,82,114
287,204,84,97
285,205,86,96
289,202,85,100
296,199,79,100
302,196,77,96
307,182,75,109
307,184,75,102
311,160,73,120
313,159,71,111
314,152,67,115
313,148,66,110
309,144,70,114
309,144,69,109
307,141,63,107
306,136,56,108
229,219,66,122
229,219,66,122
223,212,76,134
223,212,76,134
223,212,76,134
223,212,76,134
223,212,76,134
223,212,76,134
223,212,76,134
223,212,76,134
223,212,76,134
223,212,76,134
223,212,76,134
223,212,76,134
223,212,76,134
223,212,76,134
223,212,76,134
223,212,76,134
223,212,76,134
223,212,76,134
222,213,66,129
223,212,66,131
222,211,69,132
222,211,69,132
222,211,69,132
222,211,69,132
222,211,69,132
356,128,66,119
349,149,66,101
341,163,68,95
335,167,78,100
331,168,82,101
324,171,88,108
324,172,88,116
325,175,88,123
323,182,88,119
322,191,86,112
321,192,83,113
319,193,77,110
321,197,73,107
319,205,75,98
320,204,75,101
316,213,78,91
316,219,75,87
310,222,79,88
301,219,87,93
298,224,84,92
296,223,83,93
294,225,83,94
297,222,78,96
294,224,78,96
290,211,83,109
296,206,73,114
298,215,71,108
297,216,67,106
296,230,71,93
296,231,67,90
296,233,68,90
295,229,70,92
296,230,69,92
295,232,72,92
293,228,75,96
296,229,70,93
291,228,77,93
295,229,72,92
295,230,72,92
294,232,69,88
295,231,69,90
294,228,73,96
294,225,73,94
296,230,72,95
299,228,72,99
298,228,70,95
297,226,71,97
297,225,69,99
298,221,67,101
295,225,71,100
294,210,72,108
291,205,74,111
287,206,75,107
286,212,68,93
280,209,74,96
278,212,73,88
278,208,67,91
281,200,59,97
278,200,59,95
276,200,59,90
279,185,52,103
276,190,57,100
276,192,58,98
276,189,59,100
276,188,59,101
276,190,57,98
277,194,55,96
282,199,45,92
282,199,45,92
282,199,45,92
282,199,45,92
245,235,38,103
234,232,50,112
228,223,57,121
225,225,64,119
229,220,63,126
330,171,65,113
331,171,66,111
330,170,67,113
330,172,67,109
219,234,83,108
224,230,98,116
242,205,94,137
234,223,83,127
245,200,96,152
253,202,79,153
271,197,69,163
279,210,76,151
281,224,74,128
287,232,69,124
292,240,70,118
293,245,70,110
294,244,74,115
297,243,67,109
296,248,70,108
296,242,72,108
296,239,73,111
294,238,79,112
296,238,75,116
297,238,73,118
299,236,69,118
299,240,66,109
299,237,64,117
300,236,66,116
299,235,66,115
300,236,65,117
299,236,65,115
300,235,64,120
300,234,65,117
299,237,67,116
298,236,71,117
299,233,70,117
297,233,77,118
298,232,76,120
298,235,76,115
297,232,74,121
298,233,74,120
297,231,76,120
298,233,76,121
298,235,72,115
296,235,75,115
296,233,77,116
296,237,78,113
296,232,78,117
298,234,75,116
300,234,71,119
297,233,75,117
299,236,71,112
299,236,73,119
299,234,72,116
297,233,75,118
299,235,73,115
300,234,73,118
297,234,75,118
298,233,75,118
298,237,76,117
298,233,76,119
300,233,75,121
297,235,74,116
298,236,71,116
298,234,75,117
298,234,79,120
298,235,77,116
297,233,79,118
299,234,77,119
298,232,77,120
297,234,75,117
297,235,76,114
298,237,76,115
297,233,80,117
299,237,73,114
298,235,77,115
299,230,76,120
300,231,74,121
298,230,78,121
297,230,81,119
296,232,74,118
298,233,75,117
298,237,77,115
299,241,70,110
298,244,75,105
300,244,69,107
300,244,72,106
300,241,76,109
299,240,73,110
301,239,71,111
302,234,73,116
302,230,74,121
303,231,73,122
303,232,71,122
304,230,73,121
302,234,73,119
303,229,74,120
304,234,70,119
303,228,74,124
303,233,72,121
302,231,72,120
303,232,68,123
303,234,66,118
303,238,67,114
302,235,61,115
300,242,65,112
299,238,66,114
299,244,72,110
299,239,81,112
307,233,71,116
311,221,76,120
322,217,77,114
329,201,75,120
333,195,74,118
337,187,67,115
336,181,66,112
334,174,63,108
330,167,61,112
327,162,56,116
319,162,58,119
315,161,55,121
309,163,57,124
301,181,60,107
297,174,58,111
257,191,72,118
251,191,82,122
248,185,95,124
247,181,87,133
249,173,85,138
250,175,86,137
249,184,84,127
250,179,85,133
249,176,82,138
250,175,86,140
250,173,88,139
247,179,82,135
252,176,80,137
251,183,78,130
254,172,71,139
253,183,67,135
246,180,85,133
247,187,71,126
243,189,86,126
242,192,89,125
234,192,90,127
234,195,84,121
230,195,103,121
225,197,103,118
221,194,109,124
223,196,108,128
231,203,95,129
232,211,95,129
244,211,84,133
260,210,72,140
278,208,59,143
290,206,61,149
292,218,60,136
295,224,66,130
304,231,64,126
311,225,65,127
316,222,64,129
318,216,62,133
323,215,63,133
328,203,63,138
333,208,62,129
337,211,62,123
337,209,63,121
338,204,65,122
343,199,60,121
341,197,63,116
339,194,62,113
339,195,59,115
337,192,61,117
334,188,58,113
328,188,58,106
322,190,57,101
321,175,57,115
314,172,63,115
311,168,60,117
312,167,55,114
311,165,54,115
311,162,52,118
311,171,53,108
311,165,48,113
309,161,49,122
291,165,66,119
300,168,58,117
273,164,82,122
255,172,102,126
251,168,110,131
253,175,106,120
250,173,105,127
253,170,107,128
252,169,96,128
253,165,91,134
256,176,76,125
258,174,74,128
256,166,78,137
255,180,71,123
254,193,57,112
252,198,59,105
253,196,57,107
254,207,57,95
253,212,59,90
260,203,67,96
278,196,67,101
261,198,78,103
261,197,80,107
256,188,88,122
254,191,87,117
257,196,67,119
257,191,67,127
256,200,68,123
254,201,66,128
255,209,72,127
254,213,67,125
255,216,65,126
255,217,65,126
254,216,63,127
254,217,66,124
254,218,67,121
251,215,69,125
251,213,65,127
248,213,71,122
247,212,68,129
245,212,68,125
246,213,68,130
244,210,69,131
244,211,70,128
246,211,70,129
246,212,68,126
246,214,66,129
246,209,63,130
246,214,70,125
246,214,67,129
246,210,70,129
246,212,65,128
246,211,65,126
246,211,65,128
246,209,64,133
245,205,65,138
246,201,63,138
246,210,64,134
245,211,65,127
246,214,64,127
245,213,66,125
245,211,64,131
246,205,64,136
247,210,63,129
245,213,64,123
246,217,62,118
246,216,65,122
246,213,65,128
245,210,65,128
246,212,65,129
245,214,67,124
246,213,67,126
246,211,67,128
246,213,70,126
246,213,65,127
247,211,67,129
246,205,75,133
245,204,79,138
243,191,92,152
242,171,94,168
241,164,90,169
245,180,89,160
243,168,91,168
243,167,91,173
245,164,91,172
245,165,90,177
246,168,89,172
246,160,85,182
245,155,89,181
244,162,90,176
244,158,90,187
244,146,91,188
246,172,90,170
245,167,88,167
244,170,89,172
247,158,82,180
245,164,86,179
245,152,91,186
245,146,92,194
245,152,89,184
245,159,92,180
244,162,93,175
246,164,89,177
244,163,91,178
244,166,90,177
244,171,90,168
243,160,92,176
244,157,92,185
245,158,90,178
244,155,90,187
242,148,94,187
242,149,95,191
244,144,93,201
246,138,89,203
246,158,88,178
242,159,94,183
245,151,89,188
245,156,90,186
245,152,88,186
243,151,93,190
244,154,94,185
247,149,87,193
246,145,86,192
245,152,89,190
243,169,91,168
244,169,90,173
246,164,93,177
243,164,93,173
244,174,99,168
240,174,97,163
240,170,96,168
243,173,95,168
241,164,91,168
245,173,97,176
242,163,103,179
244,163,102,177
244,165,98,179
244,160,99,177
242,154,100,193
244,150,93,190
244,157,91,186
242,157,90,189
244,164,88,171
246,162,83,183
246,163,86,175
247,158,82,181
246,162,82,186
244,160,84,182
246,159,77,186
246,152,76,185
246,157,76,184
246,154,74,183
245,162,78,183
247,163,75,180
246,166,73,174
248,167,74,177
245,170,73,172
247,175,73,167
246,172,73,168
247,172,73,171
247,173,70,168
245,173,75,171
246,172,70,171
247,175,72,170
247,174,72,169
245,177,74,163
246,172,69,166
248,174,69,168
245,174,79,169
246,169,72,170
248,174,72,169
246,165,72,174
247,179,73,168
245,165,77,177
246,172,70,168
246,169,75,176
245,164,76,172
244,155,94,188
243,147,92,196
245,141,91,204
245,141,94,205
244,143,96,200
245,140,95,205
244,148,94,195
243,148,92,192
246,155,88,182
244,149,92,192
241,143,99,203
236,142,107,203
233,145,108,202
227,147,116,201
220,153,123,194
212,152,131,198
206,161,137,182
201,163,143,181
199,156,148,186
194,153,152,186
191,160,154,176
188,154,157,183
188,144,158,191
186,154,157,180
185,150,159,186
188,159,157,175
184,156,159,176
185,149,163,185
189,150,161,179
186,149,159,176
182,150,168,177
184,157,152,169
189,159,152,167
187,166,140,159
187,164,144,163
189,169,145,155
185,169,152,152
186,165,150,157
186,160,148,165
188,165,149,160
184,160,149,165
190,164,148,164
185,153,151,176
190,158,147,168
186,157,149,168
189,158,146,169
187,160,147,169
189,159,148,168
187,157,148,170
186,158,141,172
193,161,141,166
187,165,136,161
188,160,142,169
187,165,139,162
188,177,139,150
189,159,136,169
190,184,136,143
190,184,134,142
189,169,136,158
189,157,136,170
190,155,136,174
190,155,134,172
188,155,138,175
189,154,137,177
190,162,136,164
187,159,144,169
190,164,145,160
187,159,140,166
189,159,147,169
186,161,147,163
189,160,146,171
185,156,148,173
191,164,155,155
186,161,150,161
187,152,147,175
186,161,161,163
187,160,147,167
187,157,147,167
186,158,148,170
186,167,157,159
187,176,140,149
191,179,140,146
188,186,133,140
190,184,136,144
190,175,136,150
189,181,138,141
189,184,139,140
189,176,132,149
191,171,131,153
190,178,135,153
189,188,134,140
191,176,132,151
188,170,132,156
192,181,138,143
189,182,133,145
190,190,137,134
190,172,135,156
190,181,137,143
188,186,141,140
190,194,135,133
187,184,137,142
194,183,138,146
190,186,139,142
189,192,135,135
188,181,137,145
192,181,137,144
188,186,138,140
190,176,135,152
188,194,140,133
189,191,142,139
189,189,139,140
189,190,138,139
187,195,140,134
187,201,135,119
189,200,133,123
189,198,131,120
192,199,130,130
192,196,132,139
190,196,135,140
185,200,137,133
180,190,133,139
179,193,119,131
180,184,112,136
179,186,93,129
182,181,97,133
178,181,69,124
180,175,64,127
181,173,63,127
179,172,61,122
180,172,59,113
181,171,60,115
183,173,60,108
180,178,59,103
179,175,61,115
180,173,61,118
180,174,62,117
182,172,61,120
183,171,62,121
180,178,62,113
181,174,60,117
179,172,61,121
181,176,60,118
181,174,58,119
181,175,61,117
182,173,60,119
180,171,59,122
183,171,61,121
183,174,55,119
181,173,59,119
183,173,56,120
183,172,59,118
180,173,59,120
181,176,60,117
181,176,62,117
181,171,61,119
181,170,60,124
180,174,62,117
179,172,59,120
182,174,60,120
181,170,61,121
180,176,60,115
182,179,61,113
181,177,59,114
179,173,61,119
179,174,61,119
183,174,59,117
183,175,60,119
178,172,59,120
182,176,63,118
184,170,61,124
180,173,60,120
179,175,61,118
183,176,62,115
184,178,59,115
179,175,60,117
178,175,63,117
182,171,59,122
181,172,59,121
181,173,61,119
179,176,61,117
182,175,60,117
182,174,61,120
183,173,58,121
181,171,63,121
182,172,61,119
180,174,60,117
181,178,59,114
180,172,62,119
181,174,65,118
181,179,63,111
179,174,59,117
179,173,63,117
181,172,62,119
182,174,62,117
182,170,59,122
181,173,59,119
182,172,59,120
180,173,61,119
180,170,61,122
180,168,62,124
180,170,62,122
179,173,62,118
179,171,61,121
181,173,63,119
179,176,60,115
182,174,59,116
181,173,58,119
181,173,60,118
182,175,57,115
182,171,57,120
183,169,57,121
182,170,59,120
180,176,60,115
181,174,61,116
182,174,57,117
180,173,60,116
182,170,61,119
179,173,60,115
179,174,65,116
179,168,62,122
181,172,61,117
180,172,61,117
182,168,57,122
181,167,60,122
182,170,60,120
181,171,61,119
179,172,63,117
183,172,61,116
183,169,59,122
181,175,59,115
182,176,57,116
183,176,57,114
184,171,58,119
183,169,57,123
181,168,59,123
183,170,59,119
181,168,59,122
180,172,60,119
180,170,60,121
182,170,60,121
180,169,63,119
182,170,56,122
183,176,58,115
182,172,56,118
183,173,59,117
183,169,59,121
182,168,58,123
180,168,61,123
184,169,56,120
183,174,57,116
182,174,61,117
181,171,59,118
181,173,62,118
184,172,59,119
183,168,61,124
180,171,60,119
183,171,60,120
182,170,62,122
180,175,62,114
181,176,60,114
180,175,62,116
183,172,57,119
182,171,60,118
180,170,62,119
184,172,59,120
181,175,62,117
182,174,60,118
183,170,60,122
179,172,63,118
183,174,57,116
182,172,57,118
182,172,58,118
181,171,61,119
179,171,61,117
181,173,60,118
181,169,59,121
180,172,60,117
181,174,64,116
179,181,60,110
180,181,59,110
179,178,61,114
181,177,60,115
180,174,62,117
182,173,59,118
181,173,61,118
180,170,62,120
180,174,63,117
181,171,59,122
180,171,61,121
181,169,59,125
181,169,59,123
182,170,60,121
181,169,61,123
180,179,61,111
181,176,58,115
180,175,58,119
182,171,62,122
180,171,56,124
182,175,56,116
181,173,60,118
182,170,58,122
181,172,59,120
182,169,58,124
183,167,60,124
185,173,58,120
181,172,60,123
179,180,61,114
182,174,60,122
185,173,57,120
183,170,60,122
181,165,59,130
185,168,59,124
183,173,60,119
182,168,59,126
183,173,61,119
183,169,61,125
181,170,57,124
180,168,61,123
181,173,60,118
181,173,59,121
180,171,61,121
183,169,60,123
180,170,57,123
180,174,58,118
182,172,56,121
183,171,57,120
182,167,59,126
181,170,60,120
181,174,58,118
182,174,60,119
181,172,61,120
181,171,61,121
180,172,61,120
179,175,61,118
179,172,60,121
182,173,60,120
183,174,59,117
182,172,58,119
182,173,60,118
180,171,61,120
180,174,61,118
180,173,61,120
180,170,62,121
179,170,63,122
180,175,59,118
181,173,60,119
180,174,59,120
182,171,59,123
180,172,61,121
180,170,62,123
182,171,60,122
180,171,59,124
180,172,61,120
181,166,63,129
183,169,65,126
183,174,60,119
181,172,59,123
181,169,61,123
182,173,60,120
179,173,59,118
183,174,61,120
181,172,58,123
181,170,61,125
181,173,60,119
181,175,60,119
180,172,61,121
181,171,60,123
182,168,62,124
183,169,59,125
181,169,58,124
181,171,61,122
181,171,60,124
181,164,58,129
180,174,58,119
182,174,62,120
182,172,58,123
180,169,60,124
181,173,59,120
183,172,61,121
185,172,59,122
184,171,56,124
180,171,62,121
181,173,61,119
182,168,60,126
181,169,61,124
181,172,61,119
179,171,61,121
180,173,62,119
179,173,60,119
182,172,60,122
179,171,63,122
180,173,60,120
183,171,59,123
182,169,59,124
180,174,59,119
181,170,62,121
181,172,59,122
182,171,59,121
182,170,57,123
182,170,62,122
183,165,58,130
183,169,56,123
179,174,60,119
181,174,59,120
181,172,58,121
184,177,58,117
182,174,58,119
180,174,60,118
180,173,62,119
179,171,61,122
179,173,60,120
182,173,58,120
179,169,60,122
182,171,59,122
182,175,61,118
181,168,60,127
181,172,62,120
180,179,59,114
180,171,58,122
182,173,59,120
179,172,61,119
180,170,59,123
182,172,59,122
181,170,59,123
177,171,62,121
180,175,61,119
181,175,57,119
182,175,58,117
181,172,58,121
178,171,60,122
179,174,60,121
182,171,60,123
181,170,59,124
179,169,59,124
182,172,58,120
181,172,61,120
182,169,61,122
180,169,61,121
182,167,60,126
182,171,61,122
182,174,62,120
183,171,61,120
182,173,62,119
180,174,59,118
182,172,59,121
179,170,59,123
182,172,60,120
181,170,61,122
182,167,60,125
182,171,59,120
182,174,58,119
181,174,60,121
183,169,60,125
179,175,60,117
181,174,59,120
181,172,61,120
180,173,58,122
184,172,59,120
179,171,61,122
180,171,60,121
181,169,59,125
183,167,62,127
182,173,60,119
183,169,59,124
184,171,61,122
183,173,60,120
181,175,62,117
180,174,58,118
180,169,60,123
180,171,60,121
182,175,60,117
179,174,60,118
180,168,61,126
182,168,60,125
180,171,56,123
181,172,61,119
182,169,59,124
182,169,58,122
180,172,58,121
180,172,62,120
182,173,60,122
180,174,58,119
180,172,61,120
181,173,62,120
179,171,61,122
181,170,61,122
178,168,60,125
180,176,59,114
179,172,60,118
182,170,60,125
179,170,62,125
179,169,63,124
180,170,61,123
180,172,60,120
183,171,60,122
177,172,61,121
181,171,60,123
179,170,60,122
182,174,58,117
179,171,61,122
181,176,60,116
180,171,59,121
181,171,59,122
181,171,58,121
180,170,61,121
181,168,60,126
181,171,60,122
179,170,60,123
180,175,59,118
181,171,64,125
180,170,61,126
181,173,60,120
181,166,62,129
180,176,59,118
182,171,60,121
180,172,61,120
179,175,60,119
182,172,57,123
182,169,58,125
181,171,61,121
179,169,61,124
180,170,60,123
180,168,60,124
181,173,63,118
181,173,59,119
182,170,60,122
181,168,61,125
182,166,62,127
180,171,62,121
180,173,63,121
179,170,61,122
182,172,60,121
179,177,62,116
181,170,60,124
180,175,61,118
180,172,60,120
182,170,59,122
178,174,63,117
183,173,62,121
182,170,59,124
183,165,58,129
182,166,58,131
182,170,60,124
180,171,61,122
180,171,58,120
182,173,56,122
180,169,59,125
180,171,60,123
181,165,61,127
179,169,60,125
182,172,59,122
179,168,61,127
181,168,58,127
182,174,57,123
181,167,59,126
182,171,62,121
179,167,62,126
180,164,58,131
180,169,61,122
181,172,61,120
185,167,59,125
178,171,62,123
180,169,65,125
181,167,61,127
181,170,60,121
182,172,58,120
182,170,60,122
184,172,59,120
182,176,59,116
182,175,60,117
181,171,60,122
180,168,60,123
181,171,60,120
181,171,61,122
181,169,61,123
181,168,61,124
180,170,61,121
179,167,62,126
182,167,61,126
179,170,61,120
181,169,59,124
178,172,62,120
182,172,58,121
181,173,61,118
182,168,59,122
181,169,59,124
181,162,60,132
178,164,62,129
182,168,61,127
181,170,60,122
180,173,61,117
180,173,58,120
181,166,61,129
181,171,61,122
179,169,62,123
181,164,61,129
181,173,60,118
179,172,61,120
181,172,60,120
179,168,61,125
181,171,62,120
180,170,62,122
180,169,62,124
180,170,61,122
181,169,60,122
181,170,60,122
179,168,60,123
181,171,59,121
178,172,62,120
182,174,60,119
179,170,61,122
180,171,61,121
179,170,62,121
179,169,60,123
180,172,59,121
180,169,62,122
180,172,61,121
183,168,61,126
179,166,62,128
179,167,61,126
181,171,60,122
178,167,62,126
181,165,62,128
180,171,62,122
180,175,59,117
179,169,61,124
180,175,61,116
181,171,60,121
178,165,63,128
182,170,62,125
180,170,58,123
181,169,60,125
179,169,60,124
179,172,61,119
180,173,61,120
178,168,61,125
181,170,60,124
182,165,58,130
179,168,61,125
179,169,61,123
181,169,61,123
180,169,60,124
181,174,59,118
183,170,60,122
180,166,61,129
181,167,61,127
179,170,61,124
180,171,61,122
182,165,58,128
183,168,60,127
183,166,61,128
181,164,62,131
181,170,61,122
181,172,62,121
183,173,61,119
180,169,59,125
182,168,59,125
182,168,61,124
183,165,60,127
182,166,61,129
182,171,60,121
181,168,58,125
180,171,59,120
178,172,63,121
181,174,63,123
179,170,59,125
180,175,61,116
180,171,62,123
180,170,60,123
181,170,60,123
179,174,61,118
183,173,59,120
180,170,60,122
182,172,59,119
181,167,61,126
181,169,60,122
180,168,64,125
180,171,63,121
180,168,63,122
179,167,64,125
179,175,63,117
180,169,64,124
181,171,62,121
180,171,63,122
181,167,62,126
180,173,63,120
180,170,61,122
181,170,64,124
179,169,63,123
179,169,62,124
180,172,64,123
179,168,63,125
180,169,62,123
181,169,62,122
179,170,63,120
179,169,63,124
180,170,64,120
180,170,62,124
179,169,62,123
181,172,60,118
180,170,63,121
179,171,63,120
180,169,62,125
181,170,61,122
179,168,62,123
182,172,61,122
180,166,63,126
179,170,61,123
180,170,61,124
181,173,60,119
181,173,60,118
180,172,61,120
178,168,61,126
183,171,61,123
180,171,61,121
182,170,60,123
179,168,63,126
179,174,64,119
178,169,65,125
179,172,64,119
179,173,65,119
179,177,62,116
183,173,60,120
179,174,60,118
181,171,59,121
181,173,62,120
179,171,64,120
180,167,63,126
179,166,66,128
179,170,61,121
181,168,61,124
179,169,62,122
179,169,63,123
180,169,62,122
180,167,59,126
180,173,61,118
180,168,60,125
181,166,59,127
180,166,61,126
180,172,63,119
179,172,63,119
180,172,62,118
180,169,63,124
179,173,63,120
181,170,60,122
180,171,61,122
181,172,62,121
179,173,61,119
181,170,60,123
181,173,63,121
179,174,63,120
179,174,64,119
179,177,65,116
180,175,64,118
180,177,62,115
180,177,61,116
181,176,62,117
178,179,63,116
178,174,66,119
175,173,68,123
176,174,68,123
180,168,62,124
183,168,67,129
180,175,78,127
188,183,82,128
186,184,86,122
196,197,82,117
205,199,89,127
225,222,77,120
238,220,74,133
239,211,74,138
247,224,74,129
250,226,74,127
252,230,73,128
251,224,75,128
252,228,73,129
253,226,72,126
255,222,71,129
256,223,72,130
256,221,72,130
258,226,70,124
257,225,68,127
255,226,73,128
258,228,72,125
259,222,73,129
256,224,75,128
256,223,73,130
260,218,70,137
259,216,70,139
257,221,74,133
257,217,73,137
259,220,72,140
259,224,69,131
259,219,71,135
258,222,70,135
257,224,71,127
260,228,71,132
256,219,73,132
256,223,72,130
259,223,72,130
257,216,72,139
261,213,71,142
258,216,68,138
258,223,70,132
256,217,69,136
256,213,75,145
250,204,75,148
255,205,74,151
255,201,69,149
253,205,71,148
257,213,70,143
257,210,67,145
255,208,72,147
255,218,73,143
259,220,67,134
257,223,69,133
259,221,66,135
258,223,69,132
260,220,69,138
261,222,68,134
257,223,72,134
259,226,69,133
255,218,68,132
257,224,69,134
256,220,69,134
253,219,71,134
257,218,66,132
256,217,72,139
257,223,67,129
254,223,68,129
258,226,65,128
256,221,69,132
251,223,71,132
256,227,69,126
255,232,72,122
260,229,72,128
259,230,67,123
260,228,69,128
256,224,70,129
260,221,69,133
260,223,69,128
257,229,70,126
257,221,70,129
259,222,69,133
258,225,70,131
258,224,68,129
259,225,67,126
258,228,70,128
256,231,66,125
257,233,70,122
257,223,66,130
258,226,68,129
255,230,69,123
256,236,72,117
259,246,68,107
258,229,69,125
257,230,67,122
258,228,68,125
256,227,65,126
259,235,72,120
257,228,67,124
260,228,70,126
261,227,65,127
258,227,67,126
259,228,68,126
258,224,68,129
257,220,71,136
257,216,72,139
257,218,73,141
258,225,71,131
258,219,69,135
260,228,69,131
257,222,71,132
258,222,72,134
258,221,69,128
257,224,68,132
257,223,70,129
258,223,72,134
258,222,69,133
259,227,70,127
260,225,69,132
257,219,73,134
255,220,72,136
259,225,71,131
258,211,69,140
257,205,71,148
258,208,71,147
258,213,73,146
257,216,71,137
256,212,73,145
255,217,77,139
259,222,69,130
258,220,73,138
259,217,70,138
259,217,72,139
258,214,73,139
257,219,71,136
256,215,72,135
256,219,73,133
256,222,69,137
258,218,70,135
257,218,72,139
256,215,73,138
261,216,70,141
256,219,71,136
257,229,71,124
259,234,69,120
259,223,67,129
260,225,69,132
257,226,74,126
256,222,69,130
259,224,67,134
257,223,71,134
259,223,68,131
258,229,70,128
258,219,70,133
259,227,70,130
256,217,70,139
259,224,70,131
258,226,70,129
258,223,70,131
257,225,71,129
260,229,69,125
257,227,71,125
257,221,68,136
258,223,71,136
258,224,70,132
256,222,70,129
260,224,70,131
256,221,69,133
258,229,70,129
257,222,70,130
257,222,70,132
258,226,69,128
257,220,73,136
257,225,72,129
258,219,70,139
258,225,69,129
258,227,70,125
258,225,70,129
258,223,69,131
259,225,71,131
257,226,69,126
259,232,69,123
260,226,68,130
257,219,67,133
254,225,73,131
260,222,70,123
261,217,75,132
270,211,74,128
283,206,71,138
288,197,78,136
297,197,84,145
306,203,84,136
314,201,88,124
322,194,93,124
326,204,100,117
334,198,101,121
340,199,106,122
347,198,105,119
355,197,104,122
359,200,104,115
362,196,106,117
366,198,102,113
370,197,101,110
375,192,93,113
373,198,96,101
373,192,99,103
375,186,102,104
380,176,98,103
389,171,94,99
395,165,93,99
406,165,86,95
414,160,82,93
417,157,83,91
422,155,80,87
425,155,77,83
426,158,81,84
422,163,81,81
418,167,83,84
414,168,88,82
408,176,87,71
392,182,100,70
380,186,106,70
369,192,115,68
369,192,115,68
369,192,115,68
369,192,115,68
369,192,115,68
369,192,115,68
369,192,115,68
369,192,115,68
369,192,115,68
369,192,115,68
369,192,115,68
369,192,115,68
369,192,115,68
369,192,115,68
369,192,115,68
325,270,104,76
325,270,104,76
305,270,98,65
302,273,91,60
298,273,91,59
289,275,95,54
305,262,86,64
299,270,71,51
298,271,66,51
297,265,65,55
292,264,67,54
287,261,66,52
291,257,61,55
286,254,64,53
288,254,63,53
285,254,64,53
290,254,58,48
289,256,59,48
289,255,60,50
287,255,62,51
286,253,64,50
287,252,61,50
289,252,60,53
286,253,62,50
289,255,59,52
287,253,63,51
284,252,64,52
286,253,62,53
287,251,63,54
287,252,64,53
286,251,65,52
286,251,63,56
287,251,63,57
263,252,73,56
278,251,68,58
263,253,80,55
256,251,87,61
256,252,87,59
254,253,87,56
259,258,84,55
252,256,89,58
259,261,89,55
251,260,94,57
252,260,99,59
253,263,95,52
253,263,102,54
258,265,107,56
262,264,91,55
267,265,86,51
268,262,92,54
273,261,86,51
276,256,89,52
279,253,86,50
281,245,89,49
282,239,92,54
285,225,95,60
291,216,101,56
299,204,97,57
304,188,100,67
310,189,103,62
306,160,108,71
300,151,119,83
314,137,127,107
331,135,128,126
330,103,136,129
334,103,133,131
340,105,131,134
338,97,134,127
359,113,125,135
334,124,136,119
328,132,143,120
311,147,154,109
293,152,165,103
290,151,164,114
284,154,159,114
282,153,149,119
284,155,132,130
277,160,129,127
273,184,132,108
275,209,134,86
279,227,130,63
278,229,137,58
284,226,134,57
290,222,133,56
300,220,129,58
314,215,119,63
328,211,107,67
335,205,97,75
326,199,104,84
315,198,111,95
299,196,118,111
290,197,126,119
291,199,125,131
290,210,93,125
286,206,81,131
275,209,74,123
267,210,73,114
263,216,67,108
259,220,61,103
256,210,63,118
251,211,64,120
243,215,69,121
239,215,65,117
239,210,59,124
237,208,60,126
236,220,60,116
234,226,61,108
235,233,58,101
236,243,56,90
237,246,55,87
236,250,58,83
235,254,55,81
236,253,56,80
234,259,55,74
342,227,62,71
235,228,58,95
236,216,57,112
236,207,57,127
235,206,61,127
236,207,58,129
237,206,57,129
234,205,60,128
235,205,59,130
236,206,59,127
235,208,59,127
235,207,59,126
235,208,61,127
236,205,58,128
236,206,61,128
238,207,58,128
235,206,60,127
236,208,60,129
234,207,60,126
236,207,60,127
235,205,59,127
236,211,58,123
236,208,59,124
235,207,59,129
236,208,60,125
237,206,60,130
235,206,59,126
236,207,59,127
236,207,60,125
236,205,59,129
236,201,58,134
236,207,58,125
235,207,59,125
235,209,60,125
236,209,58,125
235,207,61,126
236,208,61,126
235,206,58,126
237,206,57,127
235,206,60,129
237,212,60,122
235,206,58,128
236,209,58,124
236,207,59,125
235,206,59,128
235,202,59,133
237,209,59,125
234,210,60,124
236,209,59,124
235,206,60,127
236,211,58,125
236,208,59,127
236,206,58,130
236,206,59,129
235,204,60,132
236,205,59,129
235,205,59,129
236,204,60,129
235,205,60,132
237,204,60,132
238,206,60,134
237,205,60,132
236,202,60,132
233,203,60,131
236,208,58,125
236,206,59,128
234,208,61,125
235,207,59,126
236,207,59,126
235,206,60,128
235,211,59,124
236,208,57,124
236,209,59,125
235,205,59,129
234,206,61,130
236,207,59,127
237,205,57,134
236,205,58,129
236,206,58,129
235,210,58,124
235,209,59,124
236,207,58,126
237,209,59,125
236,206,57,127
236,208,57,126
236,207,59,127
236,206,59,127
236,207,60,128
236,203,62,132
237,210,58,123
235,208,60,125
234,208,63,125
234,211,59,123
236,207,61,126
237,204,60,132
235,205,62,129
236,207,59,126
237,209,58,128
234,208,61,127
236,207,59,126
236,207,61,127
236,202,61,133
236,207,60,127
235,207,62,127
235,214,62,119
237,208,60,126
236,208,62,128
235,208,61,127
235,208,60,126
235,209,62,127
237,216,59,119
235,211,57,124
236,211,61,122
234,211,59,123
236,211,62,122
235,206,61,128
234,206,63,130
234,207,63,131
