161,226,55,74
157,222,56,80
157,220,54,83
154,218,55,83
155,216,54,82
154,216,58,82
156,213,52,82
157,212,56,83
158,211,55,79
157,212,53,78
161,212,55,72
158,210,56,76
163,210,55,80
162,208,56,76
165,209,56,77
164,207,57,81
167,204,57,90
170,205,57,88
170,202,59,89
176,202,57,90
180,202,55,87
185,199,57,87
188,198,56,93
191,196,59,91
197,194,56,93
200,190,58,93
204,185,58,85
212,183,54,84
215,182,56,74
222,182,52,74
231,182,53,69
241,185,53,59
248,184,53,63
256,186,53,60
263,185,55,68
276,187,51,68
285,185,49,75
292,184,53,78
300,184,51,82
303,185,52,81
303,185,54,81
302,186,53,87
301,191,50,81
294,196,51,77
288,201,46,81
279,208,48,80
264,212,54,70
260,212,52,65
257,211,52,57
255,208,47,56
251,209,47,56
255,210,46,57
255,212,47,60
261,219,48,62
264,225,47,65
272,234,45,66
279,241,42,72
285,250,45,75
290,260,43,72
292,265,45,71
290,267,48,73
288,266,48,70
280,265,51,73
269,261,54,73
260,261,52,70
245,258,53,66
228,258,54,62
206,257,61,67
189,252,66,77
173,241,68,78
165,235,70,79
160,222,68,77
158,212,68,74
159,201,70,74
163,192,74,76
175,184,71,81
192,188,69,74
209,190,63,63
231,190,60,61
254,194,54,64
268,196,52,66
287,194,48,68
304,188,47,65
316,177,47,68
324,166,47,71
328,157,50,65
333,147,48,63
334,139,49,61
331,130,48,63
327,127,49,62
320,125,50,62
308,126,54,64
296,129,53,67
281,137,55,64
264,141,49,68
241,145,53,63
209,144,58,62
177,142,69,66
141,128,78,76
124,115,74,70
104,104,70,68
87,94,70,64
72,89,68,58
72,80,59,59
66,75,61,55
66,70,62,57
72,69,58,56
84,69,55,57
100,76,51,50
116,80,49,50
130,85,51,50
151,88,46,56
170,92,41,54
185,95,42,49
200,94,40,52
214,96,43,50
225,93,41,51
229,89,43,47
232,85,41,48
231,82,43,48
230,80,42,50
222,80,45,52
215,83,43,50
204,86,45,48
190,92,45,49
173,97,46,49
156,95,48,57
137,96,52,56
121,94,53,55
106,93,55,59
95,92,55,57
89,93,56,55
87,92,55,56
88,89,50,55
92,84,43,56
92,92,43,48
89,97,50,45
95,94,50,51
104,98,50,47
119,96,50,49
132,98,50,53
154,100,43,45
172,100,42,44
188,97,43,48
207,103,45,44
226,103,39,40
244,104,36,38
255,102,41,42
269,98,38,44
279,93,39,48
289,86,38,52
295,78,37,55
297,74,38,52
297,68,39,54
294,64,40,52
290,61,38,52
283,60,40,50
276,60,37,51
267,63,36,51
256,65,36,48
246,66,39,45
237,70,39,38
230,71,39,42
223,71,41,44
220,73,37,42
222,75,37,42
223,75,36,43
227,76,37,44
231,79,38,42
242,82,32,41
250,85,31,42
256,91,32,45
265,91,31,49
273,93,31,46
282,89,30,49
286,85,32,50
291,79,31,51
295,74,30,48
296,63,31,53
293,52,32,58
290,44,31,58
285,35,34,58
279,32,32,52
272,23,31,57
263,20,31,56
253,19,31,53
243,17,30,53
230,23,33,51
218,27,31,51
208,31,30,54
198,40,30,50
192,48,34,51
189,57,33,49
188,64,31,50
188,72,34,49
192,82,33,49
198,90,34,49
211,97,30,51
225,107,27,53
240,117,25,52
251,124,25,51
264,133,27,56
277,137,29,57
288,141,27,55
299,145,28,52
307,146,29,51
314,148,28,46
318,148,27,44
322,149,25,43
322,150,26,42
323,150,25,44
321,149,24,48
317,151,26,47
312,150,26,50
306,153,25,47
299,149,25,51
291,147,27,51
283,144,27,52
275,142,27,50
268,136,28,52
262,133,28,50
258,129,28,50
256,128,27,44
253,124,27,48
255,122,25,44
257,120,26,45
260,118,25,46
265,116,24,46
270,115,23,48
276,117,22,49
282,114,22,51
287,116,22,49
292,115,22,50
295,115,24,47
296,112,24,48
297,112,23,45
296,109,24,45
293,105,25,49
288,103,26,49
285,103,24,48
279,103,24,49
272,103,23,50
264,104,24,45
256,103,25,45
251,103,24,44
242,105,28,43
235,105,29,46
229,104,30,46
224,105,30,45
222,107,29,43
219,110,32,41
218,110,32,41
219,110,33,41
220,112,31,39
222,111,29,42
224,112,27,40
225,112,30,42
228,114,34,42
236,116,32,43
243,123,33,47
252,124,32,49
261,128,32,55
271,135,30,57
279,144,30,57
288,156,30,51
297,163,30,50
304,168,31,53
310,179,29,50
314,186,29,49
317,192,29,51
319,200,27,50
317,207,27,55
313,215,30,59
309,225,31,57
303,236,31,59
294,242,34,63
283,246,33,67
271,253,39,68
260,260,40,64
244,264,43,66
230,269,47,65
221,268,46,70
214,266,42,70
209,262,42,72
207,263,42,68
206,258,41,67
207,252,40,66
211,245,38,69
213,235,36,67
214,223,36,62
217,212,32,56
216,196,33,58
214,181,33,58
212,167,33,57
211,157,32,50
209,145,30,50
205,133,32,48
200,128,31,45
196,120,31,50
191,121,30,46
186,122,32,43
179,122,32,40
173,120,33,41
166,116,34,42
160,110,35,43
154,106,38,43
149,99,38,47
145,94,39,46
144,88,37,46
144,82,36,47
143,78,37,50
144,74,36,51
145,72,35,47
148,70,34,49
149,67,33,50
152,67,31,48
154,68,30,46
157,67,29,46
160,68,28,41
163,67,25,41
162,66,26,43
163,66,26,41
164,67,26,39
164,68,25,40
162,68,25,39
161,67,25,41
160,65,25,40
158,62,25,42
155,58,26,45
152,53,28,46
149,46,28,46
145,42,27,42
143,39,29,39
141,38,29,38
138,36,31,38
137,35,32,40
138,42,32,36
141,46,31,37
143,51,33,42
148,59,32,43
153,66,34,44
160,72,36,43
174,73,31,46
183,78,30,46
193,79,29,45
205,80,26,42
215,88,23,35
222,90,24,37
226,90,29,38
231,92,27,34
233,90,27,36
233,88,27,40
231,88,27,39
224,86,31,37
217,85,31,37
209,85,29,37
199,87,29,37
185,85,30,42
171,83,31,42
155,78,35,44
142,74,33,40
131,66,34,39
121,60,34,42
111,56,37,45
103,53,40,45
100,50,41,45
97,49,44,44
105,52,41,47
115,57,37,47
123,64,37,42
133,70,40,43
148,76,39,39
162,80,37,43
182,81,32,48
201,86,29,42
211,91,30,35
217,94,29,31
226,93,29,32
233,93,34,34
244,90,32,38
254,86,32,41
259,84,32,39
262,81,32,39
264,81,31,38
262,81,32,39
256,84,35,42
250,86,35,46
243,92,35,40
228,94,37,33
211,101,35,29
190,101,37,32
172,97,35,33
151,93,39,39
131,87,41,38
114,82,39,38
93,76,42,42
86,67,41,37
80,66,41,33
78,63,38,35
78,63,39,34
85,63,35,32
90,66,37,34
98,70,39,33
109,77,41,36
124,82,40,36
143,90,35,35
160,95,36,35
178,100,35,38
198,102,32,38
213,100,32,35
227,97,33,31
237,92,34,38
247,87,33,42
247,76,37,46
250,74,35,44
248,71,36,40
246,69,35,41
243,68,33,43
235,70,34,42
221,71,36,38
210,73,33,32
190,73,32,32
172,69,33,33
152,63,34,35
133,56,36,35
113,47,38,39
97,39,38,40
82,30,43,41
72,25,44,39
65,22,44,37
63,20,44,38
63,20,42,40
65,25,45,40
75,32,45,44
86,40,43,44
96,54,47,42
120,63,43,44
146,74,39,46
166,82,37,48
190,91,36,44
212,96,33,38
231,100,33,33
249,100,32,37
258,99,32,41
263,95,35,44
267,93,35,40
268,90,36,40
266,90,36,40
260,89,38,45
250,92,41,49
244,98,37,43
227,103,39,42
206,111,39,44
186,112,36,38
162,110,38,39
138,106,42,39
112,99,46,38
93,86,43,43
78,73,45,48
66,66,45,43
55,59,48,40
54,55,43,37
56,50,40,38
56,49,45,37
59,51,48,37
72,54,44,42
83,60,45,44
94,66,45,52
111,80,48,49
137,88,40,40
158,95,40,38
179,100,38,36
202,102,35,29
222,100,33,31
236,94,34,36
245,90,36,44
250,80,37,48
252,77,40,46
250,72,42,48
249,72,39,48
243,72,40,50
231,75,44,50
218,79,42,42
203,83,40,41
184,88,38,34
159,89,42,34
137,88,43,37
113,83,46,44
91,69,47,52
79,64,49,47
64,57,50,42
56,47,49,44
55,42,45,41
58,39,47,40
66,38,44,41
78,38,44,39
86,45,47,39
91,45,46,44
97,49,51,41
106,51,51,49
126,60,51,45
148,68,54,46
176,80,49,40
203,82,49,41
223,86,46,34
249,90,41,40
262,85,45,48
277,80,44,45
289,71,42,46
297,65,40,44
298,60,39,41
294,59,41,40
290,57,41,42
282,59,44,46
272,63,43,51
256,67,46,58
238,76,46,45
214,79,45,35
185,76,51,40
155,69,46,44
134,64,51,42
103,54,54,44
92,46,46,43
82,37,46,43
73,31,46,41
73,29,41,38
72,28,42,38
73,29,43,41
81,35,43,42
88,42,45,45
98,56,46,43
120,67,47,45
144,80,42,44
165,90,43,44
193,103,37,37
214,109,37,30
235,112,39,28
257,111,35,35
266,110,41,44
277,108,42,43
285,107,42,45
290,110,41,43
292,117,39,43
292,127,39,45
288,141,39,49
284,161,38,54
278,179,40,61
261,196,42,62
244,213,41,49
215,211,39,55
194,212,42,45
166,211,49,41
144,205,45,40
127,194,46,46
101,188,55,48
85,184,56,50
76,180,52,49
68,180,52,50
63,180,56,53
67,186,52,50
74,190,49,54
80,201,56,57
87,215,61,61
104,234,64,62
127,248,62,63
153,257,57,70
185,267,52,68
217,272,44,65
256,272,43,54
273,265,48,60
292,258,48,57
309,246,43,56
321,233,41,54
328,220,39,53
329,211,39,50
330,203,39,46
328,200,39,44
323,199,39,41
318,202,42,44
310,209,42,46
303,218,40,55
293,232,41,60
278,246,40,61
260,255,41,64
234,262,44,59
209,271,43,59
176,274,49,63
156,269,55,68
133,263,58,68
116,261,58,69
100,255,62,66
91,250,63,61
88,248,62,58
89,248,58,52
93,247,60,56
102,249,57,57
121,250,51,59
136,256,52,61
154,258,51,66
182,259,42,68
209,264,38,66
230,267,41,56
254,267,40,53
268,267,41,52
283,264,40,51
295,262,38,51
306,259,36,49
310,258,35,48
312,257,34,46
310,258,36,45
307,258,36,48
300,260,38,50
288,265,41,53
276,271,43,55
263,277,41,58
238,285,48,61
215,292,49,59
189,289,53,63
185,291,54,62
161,295,59,57
156,293,56,53
129,277,61,66
108,275,62,67
87,270,67,66
74,260,61,66
67,251,61,58
59,246,58,56
54,244,58,54
53,245,58,52
55,249,59,53
64,249,62,59
78,258,55,71
89,267,61,70
110,274,57,66
133,267,57,77
159,284,54,67
181,292,51,59
206,288,47,54
226,283,45,53
247,273,43,53
263,264,39,54
272,256,40,52
282,248,39,49
288,243,38,46
295,237,35,47
293,235,35,44
293,234,36,45
289,236,37,48
279,240,41,51
271,247,48,54
260,257,41,57
239,263,44,56
217,272,42,60
194,278,48,63
160,272,51,71
131,271,61,72
103,273,66,66
78,264,70,71
68,252,60,63
56,240,56,57
39,234,61,52
31,228,62,48
24,220,63,51
25,218,66,49
33,218,60,49
42,222,60,49
58,222,55,53
70,230,60,61
85,235,59,69
109,245,55,61
134,250,51,51
160,252,48,52
182,242,44,57
203,236,43,57
221,230,34,55
235,224,42,47
251,215,37,50
257,207,38,51
264,201,37,50
266,195,40,50
265,194,40,45
261,191,42,51
257,193,42,54
248,195,40,57
229,197,47,53
213,195,41,54
191,193,44,54
163,181,52,54
140,169,53,55
115,159,55,55
90,148,60,50
77,132,53,48
65,116,46,48
55,101,45,47
47,88,45,47
47,80,41,45
45,71,43,43
50,68,44,40
52,64,47,42
60,65,49,38
73,66,46,43
87,72,42,47
100,80,45,50
120,88,45,50
141,93,40,42
162,102,37,41
181,101,34,42
202,106,32,32
220,103,31,34
231,96,36,35
244,86,36,37
252,82,34,44
257,74,37,49
262,67,37,52
265,66,36,48
265,66,35,46
263,63,35,47
258,62,36,47
250,61,37,47
242,61,35,46
230,63,36,43
214,63,37,45
199,61,37,46
182,61,37,46
164,59,42,45
149,59,42,44
136,57,38,44
120,59,39,43
107,61,42,41
96,62,44,42
89,63,47,42
87,68,45,39
92,72,41,40
97,79,39,39
99,84,44,42
110,92,43,40
128,97,42,46
143,103,38,46
165,106,34,47
188,112,34,42
193,113,41,45
209,116,31,42
217,113,39,44
240,109,37,40
256,112,39,45
271,106,43,48
288,96,44,51
301,87,46,50
312,78,47,51
321,69,47,52
326,67,49,46
329,64,49,46
327,60,49,49
323,59,51,51
313,60,53,54
298,66,56,56
278,69,57,62
252,77,56,59
220,85,60,59
188,92,71,65
146,101,61,60
125,104,47,56
102,105,49,53
87,104,55,54
76,101,57,56
77,101,55,54
80,100,54,54
91,102,46,49
104,103,40,49
117,105,40,50
132,107,37,49
145,114,36,47
158,119,40,52
176,124,34,57
190,129,33,56
204,135,36,52
220,139,33,51
231,141,36,50
243,142,37,55
248,142,40,55
254,140,41,54
258,136,41,57
256,130,43,58
251,124,45,59
244,118,46,58
233,115,50,56
214,112,52,51
201,107,46,54
181,107,47,55
164,105,45,57
150,106,48,53
137,103,53,57
133,101,49,55
130,102,50,54
131,103,49,53
136,104,47,50
143,104,43,56
152,108,43,52
162,111,40,51
175,114,38,49
190,120,33,43
201,122,32,41
213,127,32,39
223,130,31,39
233,135,35,43
240,134,32,47
246,136,34,47
249,137,36,51
251,136,37,52
248,135,38,54
244,132,40,60
236,129,41,60
226,125,43,61
214,121,49,63
197,117,47,62
183,109,50,59
167,110,52,53
154,108,55,52
142,108,56,52
132,112,59,52
128,118,56,56
130,127,50,53
127,136,50,53
128,146,52,57
133,160,50,55
141,169,49,56
151,181,49,52
162,192,45,52
178,203,43,45
190,208,41,43
202,213,40,41
217,213,33,48
227,217,33,45
239,217,32,41
246,217,33,36
252,215,31,39
256,214,33,43
259,214,33,45
260,213,33,50
260,215,34,49
258,216,33,51
253,219,33,54
245,225,36,49
237,231,37,50
227,235,34,57
216,238,35,57
203,241,36,54
191,242,40,54
181,239,41,57
172,236,42,57
168,232,41,51
166,229,39,49
163,228,41,45
165,226,40,42
166,223,44,41
172,221,42,40
176,221,43,42
185,220,40,46
192,224,41,43
203,227,38,45
211,232,37,48
215,230,35,53
222,231,36,56
226,233,33,58
234,234,34,59
239,235,39,54
246,232,39,53
247,231,40,54
247,231,42,44
244,230,43,50
237,231,47,54
229,232,48,59
218,236,47,64
203,246,51,68
189,249,53,78
168,253,53,83
148,262,56,80
130,265,59,70
117,277,58,62
102,279,63,64
93,281,64,64
93,281,60,61
96,279,64,59
104,279,60,56
125,279,56,53
141,283,52,49
155,287,56,51
175,289,57,52
197,289,55,55
224,296,49,50
249,300,46,47
170,303,37,43
189,301,33,39
204,296,32,39
214,291,31,37
223,284,28,32
228,277,25,29
228,277,25,29
228,277,25,29
228,277,25,29
228,277,25,29
228,277,25,29
228,277,25,29
228,277,25,29
223,279,23,23
219,287,22,26
209,294,22,28
199,304,23,30
185,311,26,33
169,317,31,33
150,321,33,34
125,326,32,33
96,322,37,37
170,312,40,40
147,300,50,47
91,279,54,55
43,256,65,53
0,224,70,64
0,224,70,64
0,224,70,64
0,224,70,64
0,224,70,64
0,224,70,64
0,224,70,64
0,224,70,64
0,224,70,64
0,224,70,64
0,224,70,64
0,224,70,64
0,224,70,64
0,224,70,64
0,213,62,77
35,246,69,75
75,276,69,77
119,295,73,64
166,314,73,48
208,325,71,44
258,324,58,35
292,311,53,42
319,292,46,48
341,274,38,47
359,260,33,41
369,241,23,39
369,241,23,39
369,241,23,39
369,241,23,39
369,241,23,39
369,241,23,39
369,241,23,39
369,241,23,39
369,241,23,39
369,241,23,39
370,268,24,42
356,285,29,48
331,303,40,48
295,320,49,49
295,320,49,49
295,320,49,49
188,321,50,36
136,324,55,35
86,297,64,48
60,272,64,64
26,234,65,55
-1,207,63,53
-1,207,63,53
-1,207,63,53
-1,207,63,53
-1,207,63,53
-1,207,63,53
-1,207,63,53
-1,207,63,53
-1,207,63,53
-1,207,63,53
-14,167,55,65
0,182,62,75
36,204,65,66
69,218,59,59
107,235,66,55
143,239,62,57
182,238,51,55
212,231,44,59
236,217,48,54
255,208,44,51
256,207,45,49
267,198,43,48
267,197,45,49
276,188,43,48
281,185,44,44
286,183,38,40
287,185,37,41
285,187,37,44
283,195,37,46
276,204,38,51
265,219,42,57
256,233,40,61
233,252,47,61
206,269,48,69
180,285,50,65
151,290,56,61
118,290,57,61
85,289,65,64
69,278,53,60
46,269,59,62
32,257,60,66
17,250,65,59
10,244,63,56
7,240,64,56
9,240,62,53
23,241,54,55
36,246,50,53
50,253,51,53
71,256,52,59
87,264,51,59
113,267,51,61
139,269,49,56
165,266,44,60
187,269,44,58
209,268,44,53
224,265,45,48
239,262,47,45
256,261,44,49
263,257,42,52
269,256,42,53
271,257,41,54
270,259,42,55
267,261,41,57
261,263,40,61
252,268,38,54
237,274,39,49
223,273,33,53
204,272,40,56
187,269,44,55
173,262,43,57
162,257,46,55
157,253,41,47
148,247,44,47
148,242,37,43
147,239,36,39
147,236,38,37
150,229,38,39
156,225,35,39
162,223,34,38
168,219,35,37
176,217,32,35
184,215,30,35
190,212,30,34
196,210,29,37
202,206,29,41
206,202,29,45
209,199,29,46
211,198,29,44
210,195,30,46
207,194,28,44
204,192,29,44
199,191,30,47
192,189,32,50
185,190,32,47
178,192,32,44
169,194,37,45
160,193,38,48
155,194,37,46
148,195,38,42
145,198,37,37
143,201,38,36
143,203,37,36
145,206,38,34
148,206,39,36
152,208,40,36
163,210,35,36
173,213,35,34
183,214,37,38
193,217,33,34
204,216,31,34
215,214,28,39
223,212,25,41
229,208,29,41
232,203,33,37
234,202,32,35
233,202,32,33
231,201,33,35
227,203,35,36
218,206,33,43
210,209,36,46
196,210,36,45
181,212,39,45
166,214,39,39
147,211,44,40
133,205,44,44
118,203,47,45
104,201,53,47
94,200,55,46
90,199,55,42
89,199,54,44
94,201,52,44
97,202,52,50
110,207,50,46
124,207,45,46
140,215,40,40
156,224,41,34
174,228,37,37
191,228,36,40
206,225,32,44
220,221,28,45
230,216,35,39
230,214,36,38
238,210,34,38
238,209,35,38
246,206,32,41
247,204,32,44
249,202,33,42
250,201,32,42
250,202,32,43
245,204,32,43
235,209,35,39
227,213,37,42
214,220,33,45
199,222,37,44
179,223,36,46
162,220,36,40
147,216,39,35
122,210,46,38
106,205,45,42
90,198,49,45
81,187,50,49
75,183,53,47
72,181,53,46
74,181,53,45
76,185,54,45
84,189,53,48
97,197,52,48
113,200,50,50
135,207,45,41
152,216,45,39
173,221,41,40
194,222,37,39
209,221,39,43
223,218,40,41
235,212,39,38
249,209,34,43
254,204,34,44
255,200,35,43
255,198,32,42
252,195,33,44
243,192,34,46
228,188,40,41
214,181,35,46
197,174,39,46
177,164,40,42
155,150,44,40
129,136,49,44
111,119,50,43
97,101,49,44
88,82,41,49
80,69,40,45
68,57,44,43
63,48,44,39
61,43,45,34
61,38,47,35
69,37,43,35
78,37,42,37
88,39,43,39
97,45,46,43
115,53,41,43
138,58,35,39
153,67,38,43
170,71,35,43
188,73,30,37
202,77,30,29
211,76,32,31
220,73,34,34
224,70,32,34
228,67,31,34
228,64,28,33
225,64,29,32
217,64,32,36
209,64,31,38
199,68,31,32
185,70,30,31
169,69,32,31
154,68,33,36
138,63,34,34
116,58,42,39
98,52,46,43
89,48,42,39
80,45,42,38
77,46,40,35
75,46,39,36
76,48,39,35
80,54,40,37
88,62,42,40
97,71,45,43
113,87,44,35
135,94,39,35
153,103,38,40
178,110,32,33
197,117,30,33
214,121,30,34
232,121,33,36
246,121,34,36
256,122,34,42
262,126,38,39
269,130,38,43
273,138,35,42
276,149,35,44
275,159,34,48
273,172,34,55
265,187,34,56
256,201,34,55
237,216,40,55
219,227,40,47
203,233,42,40
181,235,47,44
168,234,46,40
155,233,45,41
145,232,44,39
134,233,47,39
130,234,45,40
129,236,45,41
130,239,46,38
139,241,41,38
144,243,43,39
155,245,43,37
167,246,38,35
180,241,37,37
192,235,32,41
202,223,34,47
209,213,37,54
212,209,34,56
215,199,33,53
217,195,33,56
219,180,34,59
219,168,33,57
217,159,33,56
212,147,32,54
204,133,33,54
193,120,33,47
194,122,36,42
194,122,36,42
194,122,36,42
194,122,36,42
194,122,36,42
194,122,36,42
194,122,36,42
194,122,36,42
194,122,36,42
140,36,35,42
150,36,31,42
159,43,31,41
168,51,30,39
175,58,29,38
182,65,29,41
186,74,29,38
190,82,28,41
194,92,27,41
195,101,27,45
194,111,29,53
194,122,28,53
191,134,30,49
189,144,30,45
187,154,30,43
184,164,34,45
184,172,33,49
183,181,32,49
183,192,32,46
184,202,33,47
185,212,33,50
187,222,33,55
190,231,34,56
193,241,33,52
197,249,33,53
202,257,33,53
207,261,32,57
210,266,32,51
214,268,31,50
220,270,28,46
222,269,29,45
224,268,30,44
225,264,28,42
224,261,29,44
223,255,29,46
222,250,29,49
218,240,30,49
213,231,31,49
208,219,31,52
202,204,31,54
195,192,32,48
188,178,34,49
181,164,36,53
175,147,34,50
169,131,33,52
162,117,33,46
156,106,34,45
153,92,33,43
150,80,32,40
147,69,32,41
143,57,32,42
141,46,33,45
139,37,32,49
138,33,33,46
138,28,34,44
138,28,35,42
140,25,34,43
144,25,31,45
146,26,31,44
149,29,30,37
152,33,29,36
156,37,28,39
160,43,27,40
163,50,27,40
165,57,27,39
168,67,27,44
171,74,25,48
173,85,25,50
174,96,25,48
175,107,25,52
175,118,27,47
176,131,27,51
175,142,29,49
176,153,29,50
176,163,29,48
175,173,31,50
176,183,30,53
177,195,32,53
176,207,31,50
177,218,32,53
179,229,31,57
181,240,31,56
183,250,31,55
185,257,30,53
188,267,30,52
191,273,30,50
193,276,31,52
197,279,30,47
200,278,30,48
203,276,28,49
204,270,29,51
206,262,27,53
207,250,27,55
206,243,29,51
206,233,28,46
206,229,29,45
205,218,28,51
203,215,31,52
201,202,32,50
199,186,30,52
196,172,31,54
192,157,30,51
187,137,30,52
182,116,30,51
177,103,31,46
172,86,37,50
167,71,33,45
163,57,31,44
159,46,33,42
155,38,36,42
152,30,35,43
150,25,35,44
148,22,39,43
149,20,39,42
150,19,37,44
153,20,36,45
157,20,32,47
160,27,32,49
165,35,31,51
169,42,30,55
172,53,28,55
175,61,28,58
177,72,29,58
179,82,30,56
181,95,30,57
184,108,29,51
188,127,26,53
190,139,27,50
190,159,29,48
192,169,30,51
195,183,29,50
198,198,31,48
201,209,31,52
204,221,30,51
208,231,30,56
211,243,30,55
214,252,29,59
215,260,31,58
216,268,32,57
219,276,31,56
220,286,32,55
219,292,33,53
219,298,33,50
219,302,33,46
218,304,34,48
218,303,35,48
218,302,34,50
218,312,35,42
220,308,35,47
221,319,35,38
226,319,35,38
232,319,36,37
239,318,35,36
247,315,34,36
258,312,30,41
265,302,31,46
274,291,30,53
279,283,31,52
283,274,33,50
287,266,33,48
288,260,32,46
289,254,31,45
286,252,31,45
282,251,34,44
276,252,35,46
266,254,38,47
260,258,34,48
241,262,39,45
224,268,39,47
207,268,45,49
184,264,50,48
157,257,56,56
145,248,54,51
131,235,52,49
110,223,61,57
99,215,63,52
93,209,62,49
91,202,64,50
89,200,64,50
95,204,63,48
110,210,56,45
125,215,52,50
143,224,50,46
157,231,52,52
181,236,47,54
206,243,42,49
227,243,43,47
248,238,41,46
264,230,39,48
276,223,38,48
285,218,35,46
292,212,36,46
296,210,35,41
298,209,35,42
296,211,34,44
292,217,35,44
283,224,40,47
273,231,41,51
262,240,41,53
241,249,46,49
221,256,40,54
203,254,46,55
172,251,55,56
150,243,59,53
137,234,53,48
120,227,54,49
103,218,62,50
93,215,64,50
90,217,65,45
90,218,62,46
94,222,63,48
111,230,53,49
123,237,53,48
138,250,53,49
154,259,55,50
181,267,52,52
184,266,52,58
205,271,46,56
212,271,41,51
234,272,43,48
258,264,36,49
270,259,39,49
281,252,41,49
292,244,39,47
300,238,39,45
304,236,38,42
307,234,36,43
303,235,37,43
299,237,38,46
291,242,40,49
278,249,46,52
263,254,46,56
243,262,47,51
219,262,37,56
195,265,43,50
164,257,51,53
144,251,57,50
127,239,53,50
111,233,54,47
93,226,61,45
85,219,63,47
82,215,61,48
82,215,59,50
89,222,57,46
100,230,55,47
111,240,53,53
131,251,51,48
143,259,57,52
166,271,51,56
185,278,55,65
211,293,48,58
231,301,50,54
263,314,38,42
281,316,41,39
301,324,42,33
320,329,36,31
339,332,34,26
357,329,33,27
370,326,33,29
381,321,27,35
381,321,27,35
381,321,27,35
381,321,27,35
381,321,27,35
381,321,27,35
381,321,27,35
381,321,27,35
381,321,27,35
381,321,27,35
381,321,27,35
381,321,27,35
381,321,27,35
381,321,27,35
381,287,20,31
371,302,26,30
351,308,33,36
325,319,40,40
303,331,39,31
263,359,44,32
221,354,45,29
192,326,51,32
160,310,58,42
134,279,57,53
98,241,67,64
78,206,65,65
65,175,59,61
46,140,66,60
32,127,69,53
20,105,69,53
17,96,65,50
11,93,69,50
13,95,67,55
13,102,74,66
40,132,60,59
55,152,59,66
75,184,58,74
89,218,67,71
124,254,65,69
153,273,65,77
189,295,63,64
224,313,52,54
257,314,41,46
257,314,41,46
310,329,39,34
331,325,40,35
351,316,37,40
367,305,30,42
378,298,21,38
378,298,21,38
378,298,21,38
378,298,21,38
378,298,21,38
378,298,21,38
378,298,21,38
378,298,21,38
378,298,21,38
378,298,21,38
378,298,21,38
378,298,21,38
378,298,21,38
367,312,26,39
352,321,34,37
352,321,34,37
279,356,38,37
257,291,39,42
182,323,44,38
166,310,51,46
125,284,58,55
95,263,60,59
75,231,54,57
53,206,60,56
39,184,56,54
29,171,54,47
23,159,50,44
20,153,51,42
20,152,53,41
23,153,56,43
37,154,58,50
36,151,62,55
54,164,56,50
55,164,61,55
73,174,63,60
95,191,66,62
131,199,54,57
158,212,49,59
179,217,49,59
203,228,45,53
220,232,40,51
238,237,43,53
259,244,37,55
270,253,35,53
279,257,37,54
288,261,33,51
296,267,31,49
302,270,28,48
306,273,28,45
310,273,28,46
313,274,26,43
317,274,24,43
318,274,25,41
320,273,25,44
322,274,24,43
324,275,24,39
325,275,25,40
326,275,25,40
328,275,24,40
329,276,25,38
332,276,25,37
333,275,27,37
336,276,27,37
341,277,26,34
344,276,25,36
348,278,27,36
353,279,28,36
358,281,27,34
364,280,27,37
370,283,24,35
376,282,19,38
378,283,18,37
378,283,18,37
378,283,18,37
378,283,18,37
378,283,18,37
378,283,18,37
378,283,18,37
378,283,18,37
378,283,18,37
378,283,18,37
378,283,18,37
378,283,18,37
378,283,18,37
378,283,18,37
378,283,18,37
378,283,18,37
378,283,18,37
378,283,18,37
378,283,18,37
378,283,18,37
378,283,18,37
378,283,18,37
378,283,18,37
378,283,18,37
378,283,18,37
378,283,18,37
378,283,18,37
378,283,18,37
378,283,18,37
378,283,18,37
378,283,18,37
378,283,18,37
387,302,15,36
383,301,18,41
376,302,23,40
371,304,24,38
364,303,26,39
361,304,25,38
354,305,26,37
346,304,28,38
340,300,27,38
333,298,28,38
324,296,30,42
315,296,31,41
305,294,33,41
295,294,34,43
283,292,37,47
271,288,37,51
262,280,36,51
247,280,41,43
234,273,43,46
219,267,44,52
209,261,46,53
195,256,52,54
189,250,48,52
184,248,49,47
182,245,49,48
185,244,48,48
190,243,46,45
195,242,46,46
207,238,42,50
218,231,35,59
227,228,34,57
235,224,36,53
241,216,36,52
247,214,35,47
249,212,34,46
251,212,34,45
251,212,33,46
250,215,33,47
246,217,33,50
240,223,34,48
234,227,32,50
225,230,33,52
216,231,34,56
205,234,37,54
194,238,40,53
184,241,41,54
176,241,42,56
168,242,44,52
166,243,44,50
165,241,46,52
166,240,46,51
167,237,45,55
171,234,46,56
180,231,46,56
189,231,43,55
202,231,43,57
215,230,38,62
229,236,40,61
242,236,42,51
259,237,38,54
268,233,41,63
275,230,45,63
280,226,45,63
284,223,44,61
285,219,43,62
282,219,44,61
277,218,45,64
268,219,45,66
257,222,47,65
248,228,45,61
233,235,45,64
218,237,39,64
206,234,40,66
191,233,41,63
179,228,39,62
170,226,40,56
162,223,43,52
154,219,46,49
151,218,45,44
149,218,46,42
149,219,48,45
154,221,46,51
159,225,47,53
169,225,44,63
182,228,43,66
201,229,40,71
222,232,47,69
243,226,50,70
262,214,54,76
280,202,53,79
293,192,58,72
307,181,59,70
316,174,64,68
322,168,64,65
326,169,64,62
326,168,62,67
321,175,65,69
313,184,59,67
302,192,57,78
288,201,51,82
272,212,47,80
255,223,43,73
231,229,40,71
212,234,38,70
192,235,41,66
178,233,43,62
170,230,40,58
161,225,42,56
156,224,45,50
153,220,44,49
151,218,45,50
155,221,45,51
159,222,44,56
165,229,46,56
174,235,43,62
183,240,46,64
196,245,44,67
209,249,43,66
224,249,38,61
237,250,38,58
250,248,37,55
259,246,38,55
265,244,42,56
271,241,42,58
275,242,39,55
276,243,38,55
276,246,36,52
274,246,34,51
270,248,32,50
263,245,32,51
259,244,32,48
251,245,30,42
243,243,32,45
235,244,33,43
229,242,32,47
222,242,30,47
216,242,30,46
209,240,32,45
202,238,34,42
197,234,33,44
192,233,35,41
189,229,34,44
185,225,35,47
184,222,34,50
183,221,34,45
184,218,34,48
185,219,34,43
187,218,35,44
189,215,34,47
194,216,33,47
197,217,33,41
203,219,31,41
206,219,33,44
212,220,32,44
217,222,31,45
223,224,28,46
229,227,28,43
234,228,29,42
239,229,29,44
244,230,27,41
247,229,27,42
249,228,26,41
249,228,27,41
249,227,28,42
247,227,28,40
242,226,30,44
236,226,31,44
230,225,31,44
222,220,30,48
214,215,32,51
203,212,34,46
200,210,35,47
191,204,39,49
190,204,38,46
179,196,38,46
168,189,41,47
160,178,40,46
155,166,39,49
149,160,39,47
146,149,39,44
145,136,34,45
144,127,34,43
146,117,34,42
149,108,33,43
152,99,32,45
154,89,33,47
158,82,32,47
162,73,30,51
165,67,29,50
169,62,28,50
172,56,26,50
173,57,26,47
175,54,25,45
175,55,25,41
175,55,26,40
175,56,24,42
175,58,24,40
173,59,26,45
171,61,27,45
170,62,28,45
171,66,30,40
172,65,29,45
172,66,29,41
176,67,28,37
178,65,28,41
181,64,29,43
183,63,29,42
188,61,27,43
190,61,27,39
193,60,26,38
194,59,27,37
195,59,25,30
193,58,25,33
188,59,29,30
183,58,28,31
178,58,26,31
172,56,26,32
162,54,27,36
152,52,31,43
143,48,32,46
136,44,31,38
127,42,33,38
121,42,35,35
116,40,36,36
112,40,38,36
112,41,40,36
114,43,39,41
123,47,36,43
131,53,35,42
140,61,35,40
151,67,35,40
165,72,33,41
180,76,33,40
195,80,32,34
210,78,28,37
221,79,31,38
233,79,27,36
242,75,27,38
245,66,29,44
246,60,31,44
247,56,31,41
245,53,32,40
242,51,31,42
238,50,30,40
228,50,32,38
214,52,33,39
202,53,30,34
182,52,34,34
162,48,35,32
141,41,36,37
117,34,38,34
94,27,41,34
79,12,40,41
64,3,41,40
53,0,42,37
46,0,44,30
45,0,40,30
44,0,41,35
46,2,44,37
52,11,45,39
63,20,45,50
83,32,42,44
99,46,40,42
125,60,39,37
145,69,42,37
170,76,36,41
190,80,34,35
212,87,28,34
226,86,31,34
243,85,28,40
248,79,31,42
252,73,32,44
254,72,32,39
252,70,33,38
249,70,34,40
244,72,33,44
241,76,29,45
227,82,34,43
217,90,30,39
203,98,31,46
181,104,35,45
162,109,37,39
143,113,39,37
127,113,36,36
112,112,33,38
91,116,40,37
80,120,41,36
73,125,40,35
67,129,41,38
67,134,42,42
71,143,42,46
78,156,44,48
76,158,47,48
79,172,53,51
77,172,63,56
97,185,62,48
105,183,59,53
131,201,49,43
155,204,47,47
177,220,44,37
200,227,44,45
221,229,36,44
238,228,39,47
257,226,33,44
264,222,37,43
271,218,37,43
274,215,35,40
273,213,36,38
268,212,37,41
262,212,37,42
254,213,38,46
241,219,40,44
225,225,42,46
209,233,37,46
188,234,43,48
165,237,45,48
144,235,46,39
126,232,45,40
102,226,55,48
90,221,53,47
80,213,52,46
77,207,53,48
75,204,50,47
75,201,52,52
76,208,54,48
87,216,52,48
98,226,53,53
117,232,50,52
138,243,48,45
159,250,46,45
181,252,43,46
207,252,39,45
225,247,37,45
240,239,40,45
257,230,36,47
266,223,37,47
272,216,37,46
276,214,36,41
278,212,36,38
278,211,33,38
272,212,36,41
265,213,37,41
256,218,36,45
240,223,40,41
221,230,40,43
199,229,39,44
172,228,44,40
146,218,45,35
121,204,46,40
93,188,51,44
75,170,45,46
61,146,43,48
47,134,46,43
39,113,42,44
30,97,46,43
31,81,45,48
29,71,45,51
43,62,37,47
44,58,44,39
57,54,43,39
74,53,40,44
89,50,41,41
109,53,40,37
135,55,36,35
155,55,39,38
177,61,35,34
196,64,36,31
215,63,37,36
231,60,34,34
243,56,33,39
248,50,34,43
250,45,34,42
250,42,37,43
249,43,35,40
244,44,35,39
241,47,33,44
234,53,32,44
223,62,31,37
210,66,29,36
189,72,33,33
170,74,35,39
148,72,39,34
130,66,39,38
109,61,42,38
92,55,41,36
82,45,40,40
72,40,40,40
63,35,42,36
62,35,40,31
67,34,39,31
74,37,38,32
83,41,39,33
96,49,38,35
111,55,42,42
137,67,35,42
154,74,39,40
176,80,35,47
197,88,34,41
218,90,35,34
234,95,34,33
247,94,37,41
256,96,38,40
266,99,36,38
275,104,34,38
281,112,33,38
286,120,31,44
286,131,29,46
278,146,34,45
266,157,40,48
252,167,39,50
225,179,47,47
199,182,46,54
166,178,54,50
138,175,54,49
98,164,58,49
88,157,60,48
64,147,62,55
55,138,58,53
38,131,58,49
8,107,61,55
0,89,51,54
0,89,51,54
0,89,51,54
0,89,51,54
0,89,51,54
0,89,51,54
-2,96,45,63
0,118,55,63
11,146,65,56
44,162,68,69
74,192,64,74
102,213,70,72
142,233,62,62
177,235,50,58
206,244,46,55
226,239,47,50
246,234,43,50
258,227,40,48
265,222,38,45
266,219,38,45
266,218,40,42
265,217,37,45
260,221,38,45
253,226,36,46
239,230,41,48
223,239,40,50
205,239,37,49
180,236,45,50
159,227,47,43
139,211,47,44
123,196,43,42
104,178,47,46
88,158,51,54
81,136,49,55
79,109,45,54
76,93,43,50
74,76,42,45
76,60,40,42
78,44,39,43
82,29,36,44
82,17,40,45
85,8,41,48
89,4,40,45
94,1,40,46
100,1,38,43
105,2,36,39
113,2,32,42
118,8,33,44
124,18,30,44
129,27,30,47
134,46,30,45
139,66,29,52
144,87,29,53
149,104,29,53
154,126,30,54
159,146,31,59
162,166,34,59
163,163,36,71
190,159,35,60
184,128,34,57
180,103,30,57
172,84,30,53
163,62,30,53
155,39,30,52
144,19,33,48
134,4,35,45
125,0,39,36
125,0,39,36
125,0,39,36
125,0,39,36
125,0,39,36
125,0,39,36
125,0,39,36
125,0,39,36
68,-2,42,31
65,1,46,40
69,11,41,50
74,33,41,53
78,57,41,52
87,80,39,53
96,114,39,61
109,144,43,55
125,164,42,58
139,188,41,53
155,214,40,58
170,237,41,61
183,256,37,69
193,276,40,68
203,292,41,63
210,307,45,52
220,312,38,43
229,318,37,39
237,312,34,47
245,297,36,54
257,280,35,60
266,256,34,66
274,234,33,65
280,210,32,69
283,187,33,68
285,169,32,63
284,152,33,57
281,136,33,55
279,121,34,50
274,108,34,50
267,98,35,49
260,88,36,50
257,88,36,48
249,82,38,50
247,79,38,51
238,76,37,45
218,68,37,44
202,60,36,46
185,59,45,48
158,58,45,48
133,62,41,45
103,66,42,49
80,68,43,44
56,72,43,45
34,70,46,49
3,75,56,55
-1,73,49,59
-1,73,49,59
-1,73,49,59
-1,73,49,59
-1,73,49,59
0,115,40,56
3,130,50,58
12,140,63,62
43,145,57,61
67,165,55,64
91,173,54,59
116,179,51,53
137,181,50,52
158,180,43,54
173,185,42,53
188,185,41,54
202,184,39,58
213,186,33,54
222,188,34,55
228,194,37,48
236,197,34,49
241,201,35,48
245,207,33,47
246,211,34,46
245,219,33,48
242,221,33,49
239,226,32,54
233,231,33,54
225,236,33,54
219,237,33,57
212,243,36,54
206,242,35,53
200,245,36,49
197,246,37,46
196,245,35,43
197,242,34,44
199,240,34,44
202,238,31,43
204,236,29,43
208,235,26,38
210,234,26,41
209,235,26,40
208,233,28,45
206,235,29,44
201,235,30,44
197,236,30,46
189,238,31,46
180,239,32,47
170,240,34,44
157,237,37,48
144,234,39,43
131,231,40,38
114,228,45,45
101,224,50,51
93,218,51,51
82,217,53,53
80,218,51,48
78,217,51,48
79,216,54,51
85,218,57,54
98,222,55,54
111,225,55,54
129,229,50,55
146,233,50,56
169,237,43,56
190,240,41,53
210,242,34,50
223,235,42,50
237,227,39,47
251,221,33,46
255,212,35,49
257,209,35,45
256,206,37,44
255,204,36,42
253,206,36,43
247,208,37,47
232,214,41,43
218,221,40,50
204,226,43,54
181,228,46,53
160,235,47,54
136,236,49,52
104,229,58,59
82,222,59,55
67,216,56,51
49,211,59,48
42,207,54,45
34,204,52,44
33,202,51,43
35,201,50,45
43,203,48,44
49,208,50,46
62,212,50,46
77,220,49,45
96,223,53,47
115,227,52,51
136,225,40,39
159,229,37,35
179,223,41,37
196,216,40,47
209,209,36,51
216,202,36,50
223,197,38,45
226,196,39,39
226,194,37,41
225,195,38,40
220,196,37,44
220,197,37,43
213,199,35,49
213,198,34,53
200,202,41,50
190,202,38,51
175,202,38,51
163,202,36,43
147,199,41,39
133,195,45,42
121,191,44,43
115,186,42,45
106,182,47,47
103,180,43,45
101,179,44,43
101,175,43,44
107,174,39,38
111,172,37,38
116,170,37,35
123,169,34,33
128,168,33,32
135,166,33,31
140,165,33,31
146,162,32,35
151,161,31,35
155,159,31,39
157,157,31,41
159,156,30,41
160,156,30,38
160,155,29,34
160,154,29,36
159,153,28,40
157,151,29,43
155,150,30,45
153,151,29,41
151,151,31,42
149,152,30,41
150,154,32,38
150,156,30,35
150,159,30,33
149,161,29,34
149,164,28,31
148,167,28,30
148,170,29,26
148,171,27,27
147,171,28,27
145,172,27,26
145,173,27,26
144,173,27,26
142,174,29,31
141,175,29,29
141,176,29,27
140,177,29,30
139,177,30,31
139,177,30,34
138,177,33,40
139,177,31,41
139,177,33,43
141,177,31,41
142,177,33,39
144,177,30,37
146,176,29,34
147,175,28,30
147,175,28,26
147,175,28,28
146,174,29,32
147,174,27,30
147,174,27,31
147,174,27,28
148,174,26,29
147,175,26,32
147,175,26,34
145,176,27,31
144,176,26,25
142,176,28,27
141,176,27,33
139,176,29,35
134,176,32,40
130,176,35,38
128,175,37,42
125,175,40,43
125,176,40,42
126,176,39,42
125,176,39,43
124,176,41,43
126,177,40,43
125,176,40,43
126,176,41,44
125,176,43,43
127,176,40,44
127,178,40,41
127,178,40,44
126,179,41,44
127,179,40,44
127,180,39,47
127,181,39,48
127,182,40,48
127,185,40,49
127,189,42,48
129,190,41,51
130,195,40,47
130,200,41,46
131,205,41,45
132,209,41,47
132,213,41,47
133,217,42,46
136,221,41,43
144,225,36,42
140,227,41,45
141,230,41,45
141,233,43,45
141,235,44,48
142,237,44,47
140,240,47,47
139,241,48,48
135,243,53,48
136,245,63,46
130,250,59,46
151,252,55,39
132,255,57,43
152,258,44,44
156,262,35,39
158,262,33,43
159,263,33,42
159,265,33,42
158,265,35,43
161,266,35,45
163,268,34,43
166,269,33,41
169,269,33,40
173,269,33,44
176,269,31,44
179,268,29,45
182,269,28,44
185,267,28,46
186,268,28,42
188,268,26,39
188,267,26,43
188,267,27,44
185,267,29,41
184,268,28,41
183,267,28,45
180,266,27,47
177,267,28,47
174,267,30,46
170,269,31,43
167,268,33,45
164,269,35,45
161,269,34,46
158,270,36,46
157,271,36,46
156,271,36,49
155,270,37,50
156,270,36,46
157,269,38,47
159,267,35,50
161,267,34,49
162,266,34,43
164,265,34,42
166,264,35,41
169,264,32,37
169,262,34,40
169,263,32,38
169,261,32,43
169,262,31,41
168,263,30,38
166,262,30,38
163,262,33,44
161,261,32,43
159,260,32,44
156,259,33,46
154,261,32,45
151,260,33,46
149,260,34,46
148,261,32,47
145,262,34,47
143,264,35,47
141,266,36,43
142,269,36,41
144,271,35,39
145,272,39,43
149,273,37,45
152,274,39,45
158,275,36,45
165,274,35,50
172,273,34,49
179,272,29,49
185,270,27,48
189,269,30,45
192,268,29,44
195,266,29,39
196,265,28,34
194,264,29,34
193,262,30,36
190,263,28,37
185,263,30,43
179,264,30,47
173,267,32,46
163,268,36,48
155,270,38,49
147,270,38,49
138,268,40,52
134,269,39,51
129,271,39,49
125,271,41,47
125,272,39,40
124,273,42,42
126,273,43,45
130,273,41,49
138,270,40,49
147,276,37,43
155,275,38,47
165,275,35,50
174,272,31,51
183,271,28,47
190,270,30,45
196,267,31,49
200,264,31,50
203,262,30,47
204,263,30,45
202,262,30,48
201,263,30,50
199,265,29,49
192,271,32,49
186,270,30,53
178,272,31,57
169,276,35,52
160,282,39,48
153,283,39,47
146,284,39,45
143,284,39,44
142,284,36,41
140,285,38,40
141,285,38,42
143,284,38,45
151,284,35,42
157,285,35,43
164,284,34,46
171,280,32,48
179,275,30,48
185,270,29,47
191,268,28,43
193,264,30,43
195,261,31,42
194,259,30,39
196,257,30,40
196,257,30,42
194,257,30,41
193,258,29,41
189,262,29,41
184,264,29,48
179,267,30,50
172,269,33,47
167,270,35,43
161,272,37,40
158,274,37,39
156,273,38,42
155,271,35,47
156,268,35,46
156,265,33,45
157,261,33,45
159,256,31,45
158,251,31,46
158,248,30,44
158,247,29,44
156,249,29,47
153,251,32,46
150,254,34,45
148,256,36,49
147,258,39,47
148,260,41,46
151,260,41,46
155,261,42,50
162,261,41,49
171,259,36,50
179,257,30,51
184,254,31,50
189,248,29,49
191,245,31,41
192,242,31,43
192,243,30,41
194,248,27,40
193,249,29,44
192,250,28,46
192,248,27,47
190,247,27,47
188,246,28,46
185,244,27,46
180,242,27,45
175,240,29,42
168,238,30,42
162,237,30,40
153,237,33,43
145,237,34,39
135,238,38,34
128,236,38,37
122,235,40,36
120,233,40,38
116,231,40,37
115,228,41,40
115,227,44,41
122,223,41,43
128,220,38,42
138,215,36,38
144,210,35,41
151,206,33,41
158,201,33,40
163,198,32,38
169,198,33,38
172,199,33,40
176,198,32,44
175,197,33,50
172,196,33,50
170,196,32,51
163,195,37,57
158,197,36,60
149,200,37,60
140,202,38,62
129,205,42,61
116,204,46,59
105,206,49,57
96,203,52,60
88,198,54,61
82,197,58,59
81,197,55,55
81,199,55,58
83,202,57,57
89,206,57,57
99,211,59,56
112,210,55,58
129,214,52,56
145,218,52,53
162,218,50,55
179,210,47,64
194,203,44,66
211,187,38,73
225,187,44,63
238,180,46,55
252,173,50,58
262,167,58,62
279,163,62,62
297,157,66,63
319,153,74,68
357,143,69,79
394,135,78,90
420,117,83,95
455,109,100,83
473,94,109,88
474,105,109,83
480,121,118,95
478,135,101,107
477,160,90,117
464,181,89,115
449,210,80,95
433,223,68,92
413,224,71,82
399,217,69,88
388,213,68,85
377,206,72,92
366,202,75,95
363,200,69,86
358,201,71,85
359,200,64,79
357,198,67,85
355,194,72,92
352,193,76,97
356,192,76,103
355,189,83,107
354,189,81,104
357,190,85,96
370,190,83,99
378,193,90,85
397,192,85,96
414,197,86,101
431,199,79,95
451,198,77,91
463,193,84,97
468,193,85,84
468,185,95,99
463,179,94,112
453,179,89,110
434,184,92,113
413,192,96,108
392,204,84,114
370,218,72,100
343,228,69,91
314,235,73,85
296,235,71,80
276,237,75,75
263,237,73,74
258,242,68,70
255,247,65,70
256,254,66,71
258,260,73,76
270,271,72,80
286,278,76,82
309,287,69,75
333,305,75,53
362,310,75,56
388,316,71,61
388,316,71,61
388,316,71,61
466,329,67,49
484,324,67,38
501,316,64,45
513,307,63,52
511,296,71,61
510,288,69,68
505,281,68,75
498,275,70,81
486,273,70,79
470,271,70,78
452,273,70,71
427,273,66,75
402,269,66,82
374,271,68,79
341,268,69,83
311,267,70,81
275,267,80,78
243,261,78,78
203,264,87,76
174,266,79,75
141,265,89,80
108,269,92,81
79,264,93,93
61,267,93,92
37,279,95,80
28,282,95,79
28,288,79,71
19,292,96,68
20,298,99,66
29,295,90,67
52,284,81,70
119,276,69,79
109,274,58,77
134,320,43,63
166,323,51,51
201,319,40,39
201,319,40,39
201,319,40,39
201,319,40,39
201,319,40,39
201,319,40,39
201,319,40,39
201,319,40,39
201,319,40,39
201,319,40,39
201,319,40,39
201,319,40,39
201,319,40,39
201,319,40,39
201,319,40,39
201,319,40,39
201,319,40,39
221,318,29,35
203,318,32,35
187,306,32,41
206,317,43,36
189,316,49,35
178,314,56,41
157,313,67,42
151,312,72,45
145,317,79,38
144,315,85,42
157,313,84,49
170,318,80,50
171,315,65,41
183,323,51,39
216,307,43,46
216,307,43,46
216,307,43,46
216,307,43,46
216,307,43,46
216,307,43,46
