259,304,29,30
236,299,29,29
209,291,32,32
193,281,31,30
198,271,31,30
210,264,33,29
208,262,35,30
168,257,39,27
140,247,39,28
105,236,40,29
80,227,39,30
83,227,40,29
80,229,41,28
108,221,39,26
139,207,37,26
129,188,36,27
111,169,37,27
135,157,37,27
151,150,37,27
160,141,39,27
170,133,38,26
184,123,39,27
204,120,41,26
214,120,40,26
211,119,38,24
219,125,38,28
240,132,39,27
250,125,38,29
249,132,38,30
244,141,42,33
246,143,41,32
253,148,36,29
257,154,40,28
266,155,38,28
278,152,38,28
285,145,35,31
305,142,35,35
324,146,32,37
330,145,30,36
323,145,30,38
307,148,31,40
304,146,29,40
305,149,31,38
305,147,32,37
306,136,32,34
299,117,35,34
299,101,36,31
304,89,37,29
303,87,40,26
301,75,42,25
297,67,43,24
290,65,44,24
279,63,42,25
268,60,42,26
269,61,40,29
249,69,38,30
250,76,33,33
245,83,32,36
216,96,31,37
194,100,29,40
161,110,30,38
145,119,32,37
180,114,30,31
223,105,29,28
203,96,30,29
173,120,31,28
179,134,33,24
207,112,35,23
223,108,36,24
241,125,38,28
252,132,39,26
268,118,37,28
259,107,37,30
256,97,34,33
270,91,36,36
292,92,32,38
291,92,34,39
304,96,36,40
314,103,33,37
325,115,36,32
336,130,30,31
354,145,31,28
364,155,31,29
370,167,30,32
372,173,28,41
372,178,27,44
387,186,25,44
389,194,26,43
386,199,25,43
396,201,25,43
398,200,24,42
403,199,25,43
412,196,26,43
413,191,28,41
411,187,28,37
410,178,28,33
408,168,31,27
407,154,29,27
406,137,30,29
407,120,32,36
406,105,34,42
407,96,35,37
410,88,34,31
409,79,35,34
406,77,34,38
403,78,35,38
402,77,34,41
402,76,35,39
409,77,32,35
416,83,32,33
414,94,29,32
418,99,28,39
415,109,34,44
411,120,35,45
411,127,35,44
408,135,34,43
406,143,35,46
403,154,35,46
400,164,33,44
397,172,32,41
397,181,30,40
395,190,29,35
395,200,28,32
395,209,30,30
393,218,30,27
393,223,29,24
395,229,28,26
393,237,27,24
393,242,27,27
392,249,25,25
393,256,27,26
392,261,26,24
390,265,28,26
389,265,25,26
388,264,28,26
384,262,29,24
379,256,32,25
378,248,29,25
377,238,28,27
377,226,29,28
373,210,28,29
372,186,27,33
373,162,29,32
375,142,27,34
380,120,27,38
381,100,29,39
384,83,29,40
386,69,29,38
387,55,32,37
387,43,36,37
388,40,36,37
388,30,37,38
387,21,42,38
390,14,42,38
390,12,46,32
391,9,47,30
390,8,47,30
393,10,49,28
394,13,48,29
393,19,48,29
393,25,47,31
397,33,45,31
398,41,42,32
399,52,41,33
402,63,38,35
404,76,38,38
407,93,36,39
409,108,32,43
411,128,30,45
413,142,30,42
419,149,32,44
418,160,35,42
417,171,32,38
416,184,33,34
414,195,31,32
411,203,30,29
405,209,31,27
399,212,29,25
395,210,27,27
388,210,24,28
379,209,25,27
374,209,25,28
368,208,27,28
361,208,28,26
358,207,28,25
357,203,28,24
356,199,28,26
359,195,28,25
367,190,27,25
376,183,28,25
389,175,26,27
402,171,29,26
415,166,28,25
432,162,29,25
446,160,31,26
460,158,32,27
471,157,30,28
476,158,34,28
483,160,42,30
485,164,40,30
487,167,41,29
490,170,39,30
489,176,34,30
489,179,33,30
487,187,33,29
481,192,32,28
475,195,33,30
467,197,32,30
457,195,32,28
442,194,30,26
418,187,36,27
409,180,30,26
398,175,31,25
389,171,31,24
380,167,30,25
372,165,30,25
368,161,31,27
364,160,29,29
365,158,30,29
367,156,30,29
373,155,28,28
382,151,32,28
393,152,34,28
404,149,35,28
413,148,36,28
422,150,35,28
432,149,37,29
439,152,36,30
449,154,37,29
456,157,37,30
462,164,34,29
467,169,35,27
472,175,34,29
477,182,34,29
480,188,34,29
480,192,32,32
478,194,32,35
474,197,32,36
471,199,29,35
466,198,27,39
460,197,26,38
454,195,29,39
452,193,23,39
452,193,23,39
452,193,23,39
452,193,23,39
452,193,23,39
452,193,23,39
452,193,23,39
452,193,23,39
452,193,23,39
391,195,23,36
387,197,24,35
381,200,26,33
377,202,27,32
377,204,29,29
379,205,29,27
383,204,28,27
388,203,29,27
398,199,29,29
409,194,29,28
422,185,28,29
438,175,29,30
453,167,29,31
469,162,31,34
482,158,36,36
495,158,38,36
510,157,40,40
518,159,39,39
521,161,41,40
527,164,47,38
535,168,47,36
539,172,47,34
547,173,43,36
551,172,41,35
556,170,38,36
556,168,35,37
555,168,35,36
553,165,34,37
550,164,34,34
542,161,35,35
535,155,37,34
522,149,41,36
508,143,45,44
495,135,47,37
484,134,45,31
474,133,44,27
465,135,42,25
450,138,41,26
438,140,37,32
437,143,33,29
428,148,30,28
421,150,31,29
416,155,32,31
410,161,32,33
407,165,32,31
404,170,30,31
402,174,28,32
400,178,30,30
402,183,28,28
405,183,28,30
408,187,27,28
413,187,28,27
420,184,28,27
427,178,30,30
441,171,27,31
451,164,29,31
465,157,30,30
481,152,31,28
488,147,35,29
498,142,40,27
505,138,42,28
511,139,41,27
517,138,41,29
521,142,40,28
523,146,41,29
526,152,37,30
527,157,34,29
527,164,33,29
522,173,32,31
516,180,32,30
514,187,31,34
507,194,32,33
502,198,33,35
494,197,31,36
485,196,34,33
475,192,37,30
465,190,35,27
460,184,33,24
453,180,33,26
448,175,32,26
444,172,31,26
440,170,31,29
441,168,30,28
440,169,30,29
442,171,31,29
446,174,30,28
447,176,30,35
448,178,31,39
450,181,33,41
451,183,31,44
453,187,31,44
455,191,30,45
455,194,29,46
458,196,29,47
457,198,28,46
457,197,28,47
457,195,29,46
452,196,28,43
447,190,33,41
443,183,33,33
435,173,32,28
433,157,32,28
430,139,33,32
428,121,33,39
430,106,33,45
429,98,34,44
425,95,35,36
426,89,33,31
425,82,32,37
424,81,31,37
423,79,32,45
419,84,33,49
416,87,35,46
414,101,34,36
413,115,32,32
414,125,34,38
410,139,34,40
412,146,31,47
409,154,36,44
407,160,36,44
402,168,38,41
393,175,38,39
387,182,35,36
383,183,35,35
378,185,31,34
373,185,31,31
371,184,31,30
364,183,36,29
361,180,38,28
359,177,40,28
356,175,44,30
354,176,46,28
352,178,45,28
349,178,47,29
349,177,49,29
348,177,49,29
351,174,49,29
352,173,51,29
351,173,54,30
356,171,53,29
355,171,55,29
357,168,56,30
361,165,54,32
363,161,55,34
365,156,53,35
371,154,51,35
374,153,51,35
376,152,52,34
376,153,51,34
375,151,56,36
373,149,56,33
374,144,49,35
368,137,52,37
366,132,48,35
358,122,48,38
350,115,45,38
341,110,43,39
330,104,38,39
320,99,37,39
307,99,34,35
294,98,33,37
279,101,33,36
268,105,35,35
258,110,39,32
248,116,41,33
243,121,45,33
240,127,46,33
238,134,46,33
246,142,44,33
247,151,41,35
252,163,38,36
260,172,35,38
267,185,32,38
278,194,29,41
289,206,27,42
302,218,24,40
317,226,25,42
328,233,23,40
340,231,20,37
340,231,20,37
340,231,20,37
340,231,20,37
340,231,20,37
340,231,20,37
340,231,20,37
340,231,20,37
340,231,20,37
340,231,20,37
340,231,20,37
340,231,20,37
340,231,20,37
340,231,20,37
340,231,20,37
340,231,20,37
340,231,20,37
340,231,20,37
340,231,20,37
340,231,20,37
340,231,20,37
340,231,20,37
340,231,20,37
340,231,20,37
340,231,20,37
351,233,16,35
337,233,23,35
321,232,27,41
308,229,28,43
297,226,29,42
290,220,31,43
285,215,31,41
282,209,32,38
283,201,33,36
285,194,32,36
294,188,30,31
307,177,33,31
320,168,34,31
333,159,41,31
351,152,43,32
360,150,52,31
373,151,53,31
379,152,53,31
380,154,56,29
386,153,52,31
388,155,50,31
388,156,48,30
389,156,46,30
388,159,43,30
388,161,39,33
386,161,38,36
386,162,34,35
384,164,33,34
383,165,30,34
383,166,30,34
382,165,32,36
383,168,36,33
386,172,34,31
389,178,34,33
393,184,34,32
399,193,35,31
402,202,35,32
408,212,32,30
410,221,33,30
412,229,35,35
412,236,33,36
412,239,31,43
407,242,34,47
405,243,30,47
405,240,26,45
399,242,26,35
397,239,20,29
396,234,15,27
396,234,15,27
396,234,15,27
395,229,15,26
395,229,15,26
400,242,14,23
407,243,16,25
413,249,19,26
418,255,22,29
429,252,27,34
428,251,31,40
436,251,31,47
444,250,32,49
450,253,35,48
453,248,37,50
453,244,38,46
452,235,36,44
448,223,37,40
443,207,37,38
435,192,38,37
425,175,39,37
413,163,42,34
401,149,42,34
391,134,40,36
381,124,39,36
373,118,37,38
365,116,35,37
354,115,38,35
349,113,39,36
339,116,36,36
329,117,37,42
322,120,39,40
314,119,37,43
309,115,36,41
301,114,38,44
295,117,38,43
291,118,36,42
287,119,39,39
281,121,41,36
277,122,41,34
278,128,45,32
277,137,47,31
279,147,48,31
286,152,46,28
293,153,47,28
293,157,45,28
292,159,45,28
291,160,45,30
293,161,45,28
288,162,45,27
282,163,48,29
279,165,49,29
276,163,49,29
276,161,48,30
278,157,45,30
281,153,44,31
285,148,43,33
290,143,42,32
298,136,41,35
309,128,36,37
321,124,38,37
335,122,36,35
347,119,36,36
364,120,33,35
374,122,35,36
381,122,35,36
388,128,37,40
393,136,37,39
398,140,38,43
405,143,39,41
411,148,37,39
413,151,38,39
419,155,38,39
417,163,38,37
415,170,36,36
411,180,37,32
406,187,35,32
401,192,36,32
395,196,34,36
392,200,34,39
384,206,31,42
376,206,31,44
374,207,25,41
375,204,18,41
375,204,18,41
375,204,18,41
375,204,18,41
375,204,18,41
375,204,18,41
375,204,18,41
375,204,18,41
375,204,18,41
377,142,18,35
377,142,18,35
377,142,18,35
377,142,18,35
377,142,18,35
377,142,18,35
377,142,18,35
377,142,18,35
388,191,21,33
388,191,21,33
388,180,23,37
388,180,23,37
388,180,23,37
388,180,23,37
321,114,16,37
325,107,22,39
331,105,29,41
343,105,32,47
355,107,35,47
361,108,42,46
370,107,38,47
375,110,38,47
375,119,40,48
378,128,39,45
374,139,38,42
372,150,40,38
370,159,41,36
364,160,40,35
359,157,40,34
354,149,41,35
346,139,37,37
340,126,38,40
334,116,35,44
326,110,32,46
319,105,35,48
309,103,38,47
301,107,40,42
290,110,45,36
289,111,47,37
284,113,48,33
285,114,46,33
280,115,47,33
275,123,49,32
273,132,50,32
269,142,50,33
267,152,50,32
265,160,50,32
262,169,49,32
263,175,48,34
266,183,46,31
269,185,46,33
268,186,47,31
269,183,47,32
268,180,48,31
267,172,46,31
267,163,44,32
269,152,44,35
273,139,41,40
275,127,41,47
276,122,43,48
282,116,43,44
294,116,38,34
300,116,38,30
304,114,40,35
313,114,38,43
319,118,38,43
325,121,34,44
327,121,37,46
336,130,31,44
339,137,31,40
341,144,31,36
343,150,35,34
346,160,34,33
349,169,35,32
353,174,34,32
357,178,32,35
356,179,34,41
359,180,32,46
360,182,33,48
361,184,29,48
363,184,30,48
362,187,29,48
363,188,27,47
364,188,27,46
363,186,25,45
367,184,27,46
367,186,28,44
370,186,27,47
379,185,27,47
383,186,31,43
395,180,33,42
402,174,36,38
408,163,35,35
409,152,42,30
411,134,43,34
414,113,45,40
418,95,42,49
420,85,40,44
415,79,39,37
413,66,43,33
413,53,43,39
415,44,37,44
419,40,33,41
417,40,36,34
415,40,39,34
418,39,34,43
417,46,32,47
416,56,33,43
412,73,36,35
406,85,40,34
406,90,37,38
408,97,31,39
408,116,30,39
405,140,31,35
399,155,34,33
399,164,32,30
393,172,34,29
387,180,37,27
385,187,34,27
380,192,32,30
371,194,36,32
360,199,39,32
354,202,38,33
345,205,37,32
340,207,38,32
338,206,36,34
334,208,37,34
335,209,36,33
335,209,35,33
336,207,32,31
337,202,32,30
337,195,33,29
339,185,33,29
341,171,33,30
339,158,33,29
343,142,33,33
346,127,33,36
348,117,34,37
350,107,35,40
353,101,35,39
357,93,36,42
359,89,37,43
363,87,35,45
367,89,34,47
369,96,32,43
372,104,30,39
377,110,27,37
377,119,29,34
381,127,28,34
382,137,32,31
382,145,35,31
379,155,36,30
375,162,41,29
370,165,44,30
369,167,45,27
368,173,44,27
365,178,45,27
368,181,44,27
369,181,44,31
370,181,46,29
376,178,45,27
377,177,48,28
380,171,49,27
383,163,51,27
383,154,47,26
380,143,47,29
378,132,45,31
374,124,43,32
366,118,43,34
360,113,39,32
358,107,38,34
353,104,34,37
346,109,34,37
339,109,37,40
337,111,37,43
336,115,35,41
329,124,35,46
321,136,36,41
319,142,34,39
321,146,32,36
320,151,32,36
318,157,31,36
320,159,32,32
322,157,32,32
328,151,32,36
328,145,32,35
335,136,34,36
344,127,36,35
351,121,37,38
362,116,39,36
375,114,38,33
384,114,40,32
401,113,41,34
413,119,42,32
429,127,42,33
443,129,42,33
452,136,40,34
458,143,44,36
467,147,47,33
475,154,48,32
470,168,50,33
461,177,49,32
459,179,48,31
455,183,48,31
448,192,49,29
447,199,48,31
443,208,48,32
436,216,47,35
434,223,44,36
429,233,42,36
420,238,39,39
414,240,36,42
406,241,35,45
391,245,33,46
375,249,35,47
363,252,32,44
346,252,33,44
331,250,35,42
314,244,39,38
299,237,40,35
291,220,41,33
281,205,43,31
277,190,44,28
279,171,44,27
283,153,44,29
290,137,44,27
298,120,44,29
302,107,43,30
308,97,42,29
312,88,42,32
318,82,38,32
323,77,40,32
321,79,38,34
320,86,34,32
320,88,34,32
322,91,32,30
324,93,31,32
322,102,31,33
322,112,29,33
324,121,30,35
321,136,30,33
323,146,29,34
328,154,30,34
333,161,30,30
341,164,32,30
345,169,33,32
351,174,33,31
356,176,35,32
362,178,37,34
366,182,38,34
369,186,40,35
373,184,43,35
381,181,43,33
390,174,44,32
401,168,42,32
413,163,43,30
427,154,39,33
442,144,36,28
452,137,35,28
460,129,41,30
463,125,44,29
468,122,42,29
470,120,40,30
468,119,37,31
466,120,35,30
461,122,36,32
457,127,36,31
448,136,37,33
438,147,35,32
427,157,33,30
412,169,33,30
396,180,36,29
382,192,30,25
366,200,30,25
353,202,27,25
341,202,27,24
328,199,27,25
319,196,26,26
307,194,29,23
295,189,31,24
285,184,32,23
282,182,34,24
274,175,37,25
267,166,35,25
265,157,33,25
264,148,34,25
265,139,32,26
263,133,32,28
262,131,31,28
261,128,32,29
263,127,30,28
264,128,31,28
261,130,31,27
264,130,31,26
263,132,32,26
261,136,33,25
263,142,34,24
263,149,36,23
262,158,37,22
266,167,36,21
271,174,36,21
276,185,37,22
287,194,35,24
296,202,32,26
308,208,31,26
325,210,27,29
337,213,27,28
350,209,26,28
360,201,27,24
371,188,26,26
376,173,27,26
379,155,27,25
382,134,27,27
381,118,28,25
382,100,30,29
381,86,29,29
380,76,30,27
381,65,30,26
381,56,31,24
378,50,32,25
378,46,33,25
377,43,33,26
378,42,34,25
376,43,33,23
375,44,33,25
376,48,32,26
374,54,32,25
374,62,30,27
373,73,30,29
373,85,29,30
371,99,30,27
369,112,29,32
369,129,31,34
367,147,28,35
367,162,26,36
362,173,27,38
358,180,29,36
354,184,28,36
351,188,30,36
348,189,32,37
342,191,31,37
337,192,31,40
333,194,28,42
329,196,26,43
328,201,25,39
323,204,26,34
322,206,27,32
321,206,26,29
319,207,25,28
317,205,25,27
315,201,26,28
312,196,27,31
308,189,28,36
308,180,26,39
306,171,26,40
303,158,28,42
303,146,26,39
298,132,31,33
301,123,28,24
304,107,29,27
305,89,27,35
306,77,31,41
312,68,29,36
314,63,30,29
318,57,29,26
320,51,30,30
322,44,29,39
326,44,27,43
328,48,28,38
329,53,30,33
332,55,28,32
334,61,28,33
332,68,27,40
334,80,28,41
333,96,30,35
334,114,29,26
335,130,29,29
335,139,29,35
334,144,29,37
331,152,28,33
328,159,28,28
324,166,27,26
319,173,28,27
311,177,28,25
303,180,30,25
294,183,31,26
287,184,29,25
280,185,27,25
271,184,27,25
261,182,26,26
253,181,26,25
244,180,26,26
236,177,26,25
229,172,28,25
224,167,28,23
218,161,29,23
215,155,30,22
212,150,32,21
211,147,31,21
209,146,33,20
207,145,34,21
207,145,34,22
206,146,34,21
206,150,37,21
208,156,37,21
209,161,36,22
212,169,35,23
217,174,35,23
225,182,33,26
233,189,30,26
244,195,27,27
255,199,25,28
266,201,25,28
277,200,25,28
287,197,28,27
296,190,29,25
303,180,32,24
307,166,33,26
312,150,30,25
310,135,34,28
309,120,31,29
307,105,31,32
304,94,31,33
300,87,32,33
296,81,33,35
293,78,32,34
287,79,33,34
285,81,33,35
280,86,33,33
275,91,32,33
273,94,33,34
270,99,33,34
267,106,33,34
265,113,31,33
263,120,32,31
259,130,35,29
257,139,31,28
256,148,31,31
252,163,33,30
253,172,34,31
252,176,36,30
255,178,37,27
260,175,38,28
263,169,37,27
272,163,38,27
276,158,37,26
281,154,37,28
289,149,37,28
293,148,36,25
300,148,34,25
306,147,34,26
313,149,32,29
315,155,30,28
321,157,30,29
331,156,27,28
336,157,26,29
343,157,29,29
350,155,32,28
357,152,36,27
366,151,35,25
373,146,36,24
379,141,38,24
388,135,40,25
395,133,41,25
400,132,42,26
405,131,45,26
404,130,45,27
406,129,45,28
404,133,46,29
400,140,47,29
399,148,45,28
394,159,44,29
387,169,40,32
375,178,37,35
358,188,36,37
338,198,34,36
317,202,28,39
299,201,32,40
279,200,36,38
259,198,40,32
246,190,40,28
234,179,44,28
228,163,40,29
226,145,40,32
226,128,41,23
225,119,40,19
227,103,39,21
225,93,41,20
225,83,41,21
226,76,43,21
227,73,41,22
225,71,42,22
227,71,41,21
229,70,41,21
228,72,41,21
227,75,39,22
229,80,38,21
228,88,37,21
227,98,36,22
225,109,36,20
222,119,36,22
220,132,35,23
218,137,33,25
218,142,34,25
221,144,34,26
222,146,34,26
225,146,33,27
227,146,33,27
231,146,31,29
231,147,31,28
233,148,31,29
232,152,30,28
232,154,31,29
231,158,33,29
231,163,35,28
229,168,37,27
228,176,39,25
232,180,38,26
236,184,36,24
245,188,43,23
255,188,40,26
264,189,39,27
266,189,36,26
276,187,39,25
285,186,41,27
292,186,39,27
304,186,34,27
311,187,35,28
319,191,34,28
330,193,33,28
340,197,32,30
351,201,31,32
360,207,29,33
366,210,29,35
369,214,30,35
371,213,31,37
369,218,31,37
364,220,32,37
357,223,31,40
350,230,30,40
341,236,28,38
326,239,30,41
313,241,29,41
300,241,29,42
285,240,32,42
271,237,31,41
258,229,38,36
246,224,37,32
236,216,38,27
232,203,35,28
222,197,42,25
217,190,50,25
212,187,43,22
210,181,40,23
207,178,40,24
202,177,41,23
199,175,41,24
196,174,41,24
194,175,42,24
193,176,41,24
193,178,40,25
195,179,41,24
198,180,40,26
206,185,38,24
214,186,36,25
224,187,35,25
237,185,35,25
253,183,33,25
264,183,32,26
273,181,37,27
284,179,36,25
295,176,34,26
306,176,34,25
316,176,34,27
325,178,33,25
332,180,31,25
337,183,31,27
341,186,34,28
344,190,31,29
345,194,29,31
343,196,29,33
342,197,27,35
338,198,28,34
332,200,28,36
329,203,24,33
326,199,22,31
326,199,22,31
326,199,22,31
326,199,22,31
326,199,22,31
326,199,22,31
326,199,22,31
326,199,22,31
326,199,22,31
326,199,22,31
326,199,22,31
326,199,22,31
326,199,22,31
326,199,22,31
326,199,22,31
326,199,22,31
326,199,22,31
326,199,22,31
326,199,22,31
264,178,25,34
260,191,30,33
275,200,36,36
293,217,44,37
303,240,57,38
325,268,63,43
348,303,72,50
370,338,55,35
370,338,55,35
370,338,55,35
370,338,55,35
370,338,55,35
370,338,55,35
370,338,55,35
370,338,55,35
370,338,55,35
370,338,55,35
370,338,55,35
370,338,55,35
370,338,55,35
370,338,55,35
370,338,55,35
449,341,53,22
450,337,60,21
451,331,55,27
465,328,42,27
470,319,39,35
472,305,35,37
471,296,38,34
471,285,35,35
469,273,38,35
471,257,43,38
467,248,52,35
464,242,55,32
461,237,60,33
461,235,57,37
462,235,49,41
463,236,44,44
463,225,38,47
462,225,38,47
458,220,37,44
458,219,32,40
454,219,32,35
450,220,31,33
442,220,32,29
434,218,31,30
425,215,32,30
418,215,32,30
409,217,31,30
401,219,29,30
396,219,31,30
389,221,33,29
380,225,35,27
371,230,38,27
362,229,41,30
360,229,39,35
354,228,38,40
351,230,37,41
354,229,34,47
351,233,34,47
353,234,32,50
353,238,31,51
353,243,30,50
350,244,32,50
349,246,30,50
349,249,30,51
348,254,31,50
348,257,31,49
352,260,30,50
354,267,31,46
356,274,31,45
361,279,31,42
368,283,28,39
371,290,31,33
376,293,31,33
378,296,31,30
384,301,32,26
385,304,32,29
388,309,30,29
391,304,30,32
389,303,32,35
393,303,33,36
391,305,32,36
391,308,29,34
390,309,27,31
384,304,29,29
380,295,29,30
371,286,30,31
365,276,30,31
356,266,34,30
346,253,36,32
342,237,35,34
333,223,40,33
327,208,44,32
321,196,46,29
315,185,48,29
312,175,47,29
307,167,48,30
306,160,48,30
303,157,49,30
299,154,52,31
296,154,53,32
294,156,47,33
293,160,43,33
293,165,39,34
285,173,38,35
283,179,33,34
276,185,33,35
274,189,31,35
272,192,28,34
268,192,30,36
264,190,32,35
262,183,32,37
260,175,34,37
260,165,35,39
260,157,41,34
261,150,43,28
265,140,38,31
268,127,35,37
273,118,30,44
273,115,37,41
273,114,42,37
274,116,46,31
275,119,44,32
280,117,37,37
287,124,29,41
285,126,34,45
283,137,40,42
283,146,41,35
282,154,43,30
280,160,44,29
278,164,45,28
275,166,45,31
272,167,45,27
268,165,44,25
266,158,44,28
263,151,45,28
260,144,46,28
256,137,48,30
252,131,50,31
249,127,45,32
247,125,36,32
245,126,38,30
240,131,40,31
238,135,44,29
237,136,48,31
235,138,44,29
233,141,43,29
228,142,43,28
222,142,43,26
215,138,43,26
209,133,42,26
203,126,42,27
198,118,44,27
195,109,42,28
193,101,42,29
192,94,43,30
192,89,41,30
193,88,35,27
191,87,32,28
191,87,33,28
191,89,35,30
190,91,32,28
187,95,34,25
186,99,37,27
184,103,40,27
182,108,45,30
181,114,49,32
178,120,50,30
177,123,50,31
172,125,50,28
168,124,50,29
163,122,50,26
161,119,51,26
158,115,48,27
156,110,49,27
156,105,48,29
159,100,46,29
161,97,47,30
163,94,45,30
164,95,48,29
166,97,45,29
167,99,45,28
170,104,45,22
172,107,44,23
174,112,45,24
177,118,43,25
178,123,41,25
180,129,42,25
181,136,42,24
181,138,43,27
182,138,39,28
183,137,39,29
184,135,38,29
184,131,37,32
187,127,37,32
191,123,34,32
196,119,32,32
203,116,36,27
208,112,41,26
212,109,44,27
218,108,47,26
224,109,47,28
234,110,42,28
242,113,41,28
250,118,39,28
256,123,37,31
260,128,43,32
262,135,41,32
261,140,40,34
259,145,37,34
251,150,35,34
242,154,32,33
229,159,33,33
216,161,34,34
204,160,31,34
196,160,26,36
187,160,26,33
182,158,24,32
176,156,25,29
171,151,26,30
166,149,27,29
162,146,28,28
159,145,30,26
158,145,29,26
157,147,29,26
157,149,29,27
159,152,29,26
160,155,26,28
164,157,26,31
167,159,25,34
174,163,23,32
179,164,24,35
185,165,26,37
195,167,28,33
207,169,27,32
220,169,28,32
233,168,28,30
245,163,32,28
255,156,35,27
265,147,36,27
274,135,37,26
279,122,40,25
282,106,40,26
284,93,40,25
285,80,39,23
287,68,38,24
286,59,38,25
285,51,39,24
283,44,40,24
283,39,38,25
281,38,39,25
282,37,36,25
281,38,36,25
278,41,37,24
277,44,36,24
275,50,37,23
272,59,35,23
270,67,35,23
270,76,36,23
266,90,36,22
264,103,35,23
262,111,35,22
257,120,36,25
252,128,39,22
245,134,39,23
238,139,41,24
236,144,37,25
232,148,36,25
229,152,35,24
221,155,37,25
221,160,34,24
223,162,30,24
225,164,28,26
230,164,24,29
234,162,23,29
241,159,23,29
248,154,23,27
253,146,28,27
257,135,33,26
257,134,38,25
261,120,40,28
265,101,38,34
271,87,35,34
278,77,30,33
283,69,28,27
281,61,34,23
282,51,36,26
284,43,34,31
287,41,28,32
289,38,26,31
289,38,28,27
287,41,33,24
285,44,35,26
287,45,30,31
287,50,25,33
286,61,27,30
285,73,28,25
283,84,34,25
283,94,31,28
282,104,29,28
279,112,26,27
275,120,29,27
272,127,31,27
266,135,34,26
264,140,35,24
260,143,37,24
258,144,35,25
256,145,35,25
253,145,36,25
252,143,37,25
251,141,38,26
249,137,39,25
252,133,37,27
255,129,35,28
256,124,35,29
261,121,35,27
268,117,31,25
270,113,33,25
270,109,35,24
270,102,38,26
271,100,38,27
281,100,29,31
279,100,30,32
280,103,29,29
281,108,27,25
284,111,24,24
283,115,25,24
281,120,25,22
280,124,24,23
280,128,23,22
279,129,23,25
277,132,24,25
277,135,24,26
273,135,25,26
272,136,25,25
269,134,25,26
266,132,26,26
261,128,29,26
257,124,27,27
249,122,27,26
244,121,27,27
236,122,28,29
226,123,31,30
211,122,32,28
196,119,33,30
184,118,33,30
172,118,36,30
164,119,37,30
155,120,35,33
146,120,35,34
140,122,32,34
134,124,34,35
130,128,32,32
129,130,30,33
129,132,30,33
127,134,29,34
128,136,31,34
128,138,30,34
130,139,29,36
133,139,28,36
134,139,29,38
137,140,26,37
140,141,28,37
144,141,30,40
149,143,29,38
150,145,33,39
163,148,31,39
190,152,30,36
217,151,30,36
260,156,29,37
305,160,29,33
347,164,30,31
383,173,30,28
426,186,29,28
481,247,33,29
481,247,33,29
481,247,33,29
481,247,33,29
