335,76,64,80
333,77,57,77
332,77,56,79
333,76,58,81
335,76,54,82
337,77,52,80
336,77,58,76
335,76,64,77
336,76,65,76
337,79,57,74
335,78,60,75
339,76,51,77
340,78,50,75
340,79,39,72
342,77,37,74
343,75,37,76
342,75,38,84
338,75,43,85
341,77,41,91
337,78,47,85
340,77,44,95
342,68,43,110
340,61,49,118
340,71,42,111
340,74,45,108
340,68,44,121
339,65,49,127
339,65,44,133
342,64,39,130
344,64,40,121
345,64,35,121
345,60,34,126
338,63,44,121
341,64,37,115
340,61,41,114
340,66,43,111
342,60,47,106
341,68,55,111
338,66,62,97
338,66,62,97
338,66,62,97
338,66,62,97
338,66,62,97
338,66,62,97
338,66,62,97
357,77,51,85
357,78,42,70
359,78,42,60
359,78,38,62
357,78,40,60
356,79,44,61
356,79,45,61
356,78,43,65
356,77,42,64
355,78,42,65
355,78,42,63
355,78,42,64
357,79,39,65
354,77,45,65
351,77,43,66
352,78,49,65
349,77,49,65
346,78,61,68
340,83,62,62
340,82,58,63
343,80,60,64
343,84,55,60
345,80,55,64
346,78,57,67
344,78,60,67
345,83,56,63
342,81,62,62
344,83,59,59
341,79,48,53
341,79,48,53
341,78,43,47
342,79,41,38
339,79,43,37
340,79,42,35
342,79,42,35
343,80,41,35
342,81,42,36
341,82,42,32
345,82,40,30
347,79,37,35
347,78,37,33
350,73,36,34
350,72,35,32
350,64,41,39
351,62,39,42
351,57,38,42
351,56,39,41
351,50,36,45
350,44,37,50
347,42,40,57
349,41,38,58
346,36,43,60
348,35,36,62
343,19,36,63
344,14,35,70
343,9,33,68
335,16,38,74
338,11,33,74
338,13,32,77
329,14,39,76
330,18,38,66
329,25,40,66
328,26,42,67
328,27,43,72
326,35,47,77
326,32,50,88
326,44,53,92
328,43,53,96
329,45,54,96
329,61,66,100
328,71,83,108
330,73,82,112
341,88,82,122
343,88,83,126
352,129,88,109
349,131,94,111
376,153,83,101
383,165,79,94
397,196,71,79
403,209,68,65
403,212,70,68
416,216,78,78
420,217,74,75
418,215,76,81
422,204,66,88
422,199,62,90
426,184,55,98
430,165,49,93
425,142,62,85
421,134,71,86
420,121,70,94
416,114,76,89
405,102,85,98
394,88,83,96
391,88,83,93
370,83,92,93
340,78,105,91
337,79,105,91
330,76,110,96
296,69,119,122
265,80,121,129
271,68,113,144
276,66,113,145
276,67,103,159
209,111,101,121
177,160,124,95
180,164,126,69
166,183,103,51
164,188,106,49
153,199,95,62
152,219,89,50
151,220,88,47
148,224,96,51
151,223,91,53
163,215,80,59
173,213,69,58
179,202,65,67
179,198,64,68
183,185,61,74
185,172,61,84
189,166,57,91
191,161,54,88
189,146,54,85
189,144,55,83
181,127,63,94
178,117,64,94
174,108,73,88
173,103,73,91
172,100,76,91
169,92,83,97
166,85,100,104
167,83,103,106
167,81,101,107
166,78,108,111
168,76,111,117
170,75,110,117
172,73,110,122
174,74,115,122
180,73,109,125
184,75,113,125
187,78,115,119
197,82,116,112
211,76,112,108
213,78,112,110
219,80,108,105
226,80,109,107
229,80,112,108
248,82,106,106
251,84,108,104
252,84,114,103
262,82,114,107
287,82,101,104
293,84,99,98
296,81,102,113
320,80,92,107
333,77,81,114
337,75,90,129
343,74,87,132
333,76,112,132
322,91,143,117
335,77,137,132
337,82,138,127
344,86,138,130
336,96,142,121
378,89,130,111
393,93,126,115
409,87,119,117
408,94,124,111
407,93,128,111
420,98,123,119
420,95,123,146
434,98,114,157
431,102,120,156
436,103,115,173
436,104,114,173
435,110,119,161
437,112,118,160
434,112,120,159
435,116,116,154
426,117,126,155
426,115,122,160
421,115,120,155
412,106,116,159
410,108,120,149
405,106,126,149
403,104,120,146
397,103,125,145
395,99,118,146
395,102,117,145
389,101,119,144
388,101,115,149
384,101,116,144
378,102,112,146
374,103,113,149
364,98,115,151
360,103,118,143
353,102,113,145
350,101,111,148
324,98,123,157
328,94,120,157
318,94,114,154
313,92,119,165
303,90,114,164
290,91,129,159
277,88,130,160
262,90,128,151
266,87,114,154
241,89,126,154
237,95,129,145
223,94,123,147
218,89,128,150
208,98,118,142
208,97,117,145
189,99,127,146
192,102,120,140
173,100,134,138
176,97,125,139
173,102,125,138
170,95,111,137
161,100,119,135
154,98,114,130
147,99,120,131
136,99,122,130
135,101,109,123
134,100,107,123
128,100,111,128
124,98,107,121
124,108,105,119
119,104,103,115
118,102,100,119
120,101,102,120
120,100,97,119
118,105,100,112
120,106,95,113
117,102,100,119
119,105,100,114
122,104,98,118
124,103,104,119
122,101,109,119
126,106,115,119
125,100,115,116
135,107,112,117
133,103,123,121
147,98,115,119
150,103,108,122
166,105,98,113
181,98,94,122
188,98,87,123
196,94,92,122
202,94,87,122
211,91,88,121
215,95,87,120
221,92,96,126
223,89,100,126
231,90,102,124
245,87,100,125
247,93,96,122
249,88,99,128
256,86,103,132
263,91,99,126
273,91,101,125
280,93,94,122
285,86,110,133
299,76,108,139
301,79,111,142
305,84,106,134
316,83,104,132
319,78,106,136
327,84,115,130
330,86,119,126
334,76,113,136
346,69,120,146
362,78,122,132
364,80,124,132
366,74,123,132
390,78,120,127
391,77,124,122
410,71,128,124
430,66,127,120
434,68,128,117
445,60,127,125
453,59,125,129
464,59,124,124
468,61,126,126
475,60,128,124
476,63,135,123
487,63,131,117
497,68,131,119
494,70,134,117
495,72,134,115
503,77,131,118
500,77,133,118
502,88,136,123
506,94,128,125
509,103,125,125
510,107,120,124
509,109,121,129
510,122,113,127
506,125,117,129
499,141,117,131
500,145,110,132
492,157,114,133
481,172,120,123
480,172,122,123
479,174,118,126
471,186,123,125
470,186,121,123
459,201,133,121
447,196,141,119
448,205,126,118
431,211,125,112
433,211,114,112
427,214,116,109
411,218,115,110
413,220,105,107
405,221,120,102
394,224,109,102
382,230,99,91
383,231,87,91
384,231,87,87
383,231,85,87
384,225,80,84
379,224,83,85
376,219,85,95
375,215,85,104
375,208,85,112
379,201,82,117
376,192,87,122
374,193,91,122
378,176,95,118
377,174,100,116
386,154,104,122
389,147,105,124
388,123,113,129
388,103,112,134
385,99,117,129
380,95,118,120
373,70,124,125
367,72,130,114
354,56,132,111
349,54,134,108
336,44,129,92
317,37,132,79
311,36,130,80
307,35,126,79
307,35,136,82
276,31,129,95
272,32,139,92
241,45,133,98
219,50,139,115
207,51,127,124
206,54,116,128
209,63,115,118
198,72,114,123
189,106,94,111
184,107,95,116
182,101,103,128
174,137,101,103
170,160,98,91
169,172,97,90
168,178,96,92
190,214,81,72
197,215,68,77
219,214,51,86
223,215,46,86
231,209,47,92
238,197,65,100
233,198,75,100
232,198,78,98
239,190,65,105
239,190,66,99
241,184,51,95
239,182,53,93
239,177,51,97
240,166,41,94
235,150,47,97
234,144,51,99
235,145,50,91
230,137,58,91
229,131,61,93
224,121,75,94
226,116,82,98
227,104,94,100
232,99,90,102
235,91,98,102
232,89,109,100
229,82,115,100
240,82,105,100
249,74,101,102
262,68,99,108
274,62,102,109
278,59,102,109
280,58,104,108
288,56,109,109
312,59,99,91
315,61,99,86
321,64,98,82
328,65,109,87
335,67,104,80
353,73,106,81
358,74,105,81
377,83,105,84
373,83,117,88
388,94,120,87
391,96,121,86
403,107,143,79
424,128,141,67
433,132,135,58
432,133,136,59
438,144,133,66
448,144,126,71
456,153,119,70
460,155,117,64
462,158,112,62
470,160,109,68
472,160,108,66
481,163,98,65
478,161,98,76
480,159,98,81
483,155,96,84
483,152,95,94
483,149,96,102
482,150,97,113
477,149,103,119
471,146,112,120
469,150,114,115
470,150,109,103
467,152,109,99
464,152,109,101
460,153,116,116
461,154,112,119
459,148,110,125
455,144,115,128
450,143,117,120
452,141,113,123
452,139,110,123
451,143,109,120
451,143,108,118
450,143,108,120
443,141,114,118
444,141,112,119
442,138,112,122
437,137,116,121
436,136,117,121
427,128,127,128
426,127,129,128
418,119,139,133
416,124,133,125
413,121,137,127
420,122,130,127
415,124,131,127
417,126,127,120
409,128,133,117
410,126,131,118
408,122,133,123
407,131,129,114
398,127,140,118
389,128,144,121
391,123,138,125
400,124,126,123
398,128,118,117
396,121,117,116
393,121,119,123
393,116,111,126
390,116,114,126
392,117,99,125
393,123,97,118
395,122,90,123
398,122,87,126
398,117,85,130
399,117,91,129
400,117,94,128
404,117,107,124
401,120,116,118
405,117,113,122
409,121,122,109
407,121,126,108
415,119,135,98
414,120,139,97
434,116,134,85
451,115,126,77
455,118,123,69
459,120,122,68
464,125,124,64
458,126,132,69
466,129,131,71
468,129,132,71
480,129,126,76
488,130,123,77
489,131,121,74
491,133,119,72
491,132,128,76
491,130,131,76
501,132,131,71
503,129,126,75
507,131,124,73
507,135,125,67
507,136,128,64
507,139,128,61
511,139,123,61
514,143,121,58
512,144,122,56
514,143,116,55
511,146,118,52
510,145,117,52
507,147,120,52
508,147,116,51
507,153,111,46
502,152,112,46
498,154,120,46
495,153,117,43
494,151,120,44
484,151,124,41
484,152,120,43
485,150,116,43
484,148,112,42
481,146,120,44
478,146,123,44
467,148,129,42
469,149,125,43
464,148,130,42
467,149,123,42
463,151,123,38
461,151,122,39
456,151,125,39
459,151,121,39
453,151,125,39
446,150,126,38
446,149,123,38
443,149,126,38
437,146,121,38
425,145,119,35
421,144,118,37
423,144,110,35
400,146,113,34
394,145,100,35
394,144,89,35
394,144,88,35
379,140,79,42
379,139,77,41
367,133,70,49
372,129,62,53
368,121,50,61
357,120,45,59
357,118,41,60
356,119,43,58
340,119,45,54
338,120,46,50
320,123,56,49
316,125,63,42
297,125,66,38
293,126,69,41
279,126,77,48
277,126,77,47
252,127,88,53
243,134,94,45
234,134,101,49
240,143,105,38
224,151,102,30
195,156,98,22
214,157,101,22
186,164,103,20
177,170,103,20
179,170,98,19
176,171,102,20
170,176,104,18
170,176,101,17
174,179,95,18
176,180,91,16
177,182,89,16
177,182,88,15
180,183,84,16
181,184,83,17
179,186,84,15
181,186,81,16
182,186,79,14
180,186,82,14
180,186,81,15
182,186,78,15
181,183,78,16
182,182,77,16
182,178,78,17
181,175,78,19
180,172,79,22
184,162,77,24
184,160,76,26
187,147,75,32
187,142,75,35
187,133,78,37
188,128,75,40
188,120,78,44
188,116,77,47
186,114,80,51
185,115,80,48
182,113,82,56
181,115,86,54
180,118,87,55
178,124,86,55
177,122,86,62
173,145,88,43
172,139,91,52
156,163,84,39
170,162,89,36
170,163,91,45
174,185,87,32
176,193,86,37
183,193,78,37
186,194,78,37
184,193,82,36
186,193,78,37
185,189,81,42
183,185,84,44
188,178,75,49
191,173,72,50
193,164,67,56
197,161,75,58
197,157,80,61
202,156,74,67
201,153,71,68
202,159,77,67
207,166,72,65
207,184,66,57
210,187,59,58
212,212,52,45
210,213,56,48
210,213,55,53
207,233,60,44
205,232,61,46
202,235,65,57
190,229,72,69
190,223,74,73
186,212,73,71
189,205,66,76
187,203,64,81
182,175,70,80
181,175,72,75
185,147,74,76
185,132,81,78
188,128,81,77
191,127,80,76
191,129,82,74
192,137,81,65
194,145,74,57
196,153,72,49
196,156,71,47
199,171,72,33
211,187,73,30
210,188,79,34
210,188,80,34
235,187,67,43
260,186,59,44
264,174,56,54
264,174,56,54
286,158,46,63
290,130,47,72
281,106,37,62
277,106,35,61
264,87,40,68
245,83,51,70
238,81,58,68
231,80,67,77
210,83,84,78
199,99,88,78
196,106,90,80
202,95,85,86
191,127,71,91
190,125,71,103
186,174,80,92
195,206,93,83
212,226,82,74
233,234,83,89
241,230,80,104
239,227,89,102
265,222,75,105
273,215,75,91
303,190,52,101
308,184,48,106
316,174,40,109
317,172,38,116
297,134,56,113
294,136,59,100
271,119,77,94
264,120,85,83
244,118,101,81
217,117,114,68
204,121,114,85
201,126,107,96
196,137,102,93
182,169,81,110
168,208,100,117
177,225,92,112
186,233,106,105
192,253,94,87
216,260,84,73
238,263,82,74
266,231,80,88
267,227,91,107
280,225,66,111
303,201,53,118
309,189,47,122
311,167,48,123
285,128,69,131
267,110,81,118
258,111,88,100
232,96,106,105
217,95,113,91
214,98,114,83
214,101,113,87
201,97,121,89
201,92,133,105
191,94,104,120
195,90,83,141
193,124,75,122
192,126,77,132
214,157,80,122
200,173,103,114
211,203,128,93
219,218,141,80
249,228,125,75
263,227,118,75
274,221,128,86
274,219,133,86
309,209,112,103
340,176,104,123
356,169,87,129
365,134,74,145
367,130,73,147
378,123,61,143
379,124,59,141
378,126,62,141
384,125,54,141
386,127,55,143
390,150,55,128
390,164,61,123
394,174,54,105
389,191,65,98
392,206,61,85
389,216,76,87
383,213,90,98
374,214,104,116
372,213,106,124
376,220,100,114
378,218,97,119
387,217,82,116
367,203,97,138
359,204,90,139
362,189,73,153
362,200,61,146
368,207,51,138
367,201,48,141
371,209,43,135
370,199,38,135
376,214,32,122
376,216,30,118
375,217,30,106
373,216,32,100
374,218,30,95
372,221,26,91
369,161,20,83
369,158,23,80
368,168,23,74
367,166,23,70
371,165,23,66
373,165,21,72
373,180,22,81
368,171,27,80
372,192,23,86
371,234,21,82
370,220,22,92
368,184,25,98
363,182,31,101
359,180,36,113
357,179,37,121
353,174,43,128
345,167,53,132
345,162,53,136
334,158,64,138
336,157,61,142
333,155,62,145
328,160,68,140
329,167,66,136
330,171,64,132
328,181,65,126
319,190,75,117
309,189,88,120
302,186,96,124
296,194,101,118
291,195,106,117
278,196,113,121
272,194,118,120
269,195,121,120
264,190,120,127
261,186,110,127
262,188,105,121
254,168,88,126
251,160,84,125
238,134,91,137
238,116,92,151
241,88,93,132
220,79,118,137
220,65,143,117
223,52,135,111
232,50,133,113
261,34,141,114
259,24,150,139
255,21,164,143
290,17,161,147
290,35,177,132
345,46,153,147
392,73,128,134
419,114,122,119
416,117,130,127
416,119,131,136
438,152,107,124
442,151,99,138
430,155,95,134
447,154,77,137
446,144,73,137
442,130,76,139
444,131,75,129
442,126,79,123
442,106,85,125
444,82,88,131
439,72,98,131
435,75,98,124
414,46,110,122
391,29,122,102
388,28,124,106
394,24,123,111
355,17,127,95
348,16,139,94
323,9,122,105
296,11,108,122
293,6,107,134
280,11,113,152
263,14,135,164
254,18,145,168
253,31,127,165
245,42,127,159
235,62,129,154
242,62,121,153
225,102,103,142
220,137,109,145
219,131,113,163
219,129,116,176
219,134,108,175
214,169,97,154
218,168,69,126
220,165,83,109
221,144,102,115
223,143,95,108
223,139,106,104
224,125,102,103
215,113,114,110
218,104,106,114
219,97,112,119
220,93,116,113
225,85,114,107
226,83,116,104
227,81,120,105
248,78,114,98
253,80,114,93
279,77,115,112
279,73,122,123
307,69,114,128
319,80,114,124
323,78,116,133
323,83,115,133
352,113,99,112
353,106,102,127
379,146,88,104
379,150,83,104
381,148,83,105
377,185,91,74
385,209,80,62
393,211,70,52
396,213,66,55
398,214,66,58
398,211,61,62
395,207,61,71
390,198,57,80
386,184,51,77
389,184,48,74
386,169,51,83
382,160,57,85
374,149,68,81
372,143,74,84
370,132,78,82
359,124,87,85
338,117,106,85
337,116,103,83
333,114,103,84
323,112,100,75
318,111,97,74
302,107,105,73
300,104,106,70
287,94,114,80
273,87,124,101
256,89,128,88
253,89,125,90
249,88,113,86
240,84,125,101
228,84,127,95
222,89,132,96
215,88,122,96
202,98,107,97
201,98,101,96
195,92,108,101
187,99,87,103
179,98,67,111
177,98,60,113
177,98,62,101
159,100,68,112
151,97,73,116
140,98,80,111
136,97,88,109
134,94,80,107
131,95,85,106
128,90,86,115
125,89,89,115
123,87,95,121
122,89,95,119
127,88,87,123
128,88,80,118
128,89,79,118
128,88,81,119
126,90,84,117
124,91,83,112
122,92,89,114
127,93,84,111
130,93,87,111
135,94,86,110
134,92,88,113
142,95,92,109
142,94,92,109
148,92,95,107
148,93,92,103
155,90,94,102
156,90,90,98
157,92,91,94
164,91,90,91
170,93,91,84
171,92,92,86
178,90,91,85
183,92,107,76
183,92,104,76
182,82,112,88
187,69,119,97
191,65,128,95
200,66,128,96
195,67,140,97
190,67,160,97
190,67,161,97
192,64,168,101
193,64,177,101
203,63,202,111
201,57,198,113
234,60,179,91
243,61,177,105
268,62,179,91
267,62,192,108
294,58,178,100
296,61,184,100
317,57,176,106
330,55,168,108
362,56,145,113
385,68,127,119
393,65,119,122
412,80,104,131
413,79,103,136
412,79,105,141
413,101,100,123
410,108,104,118
410,120,100,111
411,124,98,103
413,122,93,89
410,123,100,95
412,123,97,98
413,124,95,99
415,124,93,102
417,124,91,107
418,119,89,110
416,122,89,108
415,112,91,121
417,90,90,128
419,89,89,129
418,82,89,133
409,66,90,132
398,41,89,152
399,34,84,154
403,26,76,158
398,19,76,152
397,7,75,160
395,10,78,160
397,13,75,154
399,14,72,155
398,18,75,151
390,24,95,138
392,42,110,141
398,54,103,137
396,73,128,146
388,80,149,145
388,94,156,146
377,106,175,132
384,126,164,116
395,121,149,122
430,162,160,93
473,182,147,82
480,180,138,79
482,172,143,96
491,165,135,106
491,161,136,118
499,152,133,150
506,146,127,159
512,141,125,173
506,146,128,170
516,149,127,168
517,162,122,166
520,187,121,151
523,191,112,148
525,192,115,149
532,214,106,127
517,221,110,107
503,221,123,102
498,221,132,99
491,214,148,89
492,213,146,96
487,201,151,103
481,198,157,107
472,179,163,135
470,168,160,160
465,153,168,185
467,146,162,199
445,130,179,218
444,128,187,218
433,125,196,219
426,123,203,217
409,121,215,220
401,113,203,222
395,114,203,228
392,118,201,219
382,107,183,224
375,110,190,223
364,97,177,224
358,88,176,228
344,96,162,224
345,99,157,218
332,114,154,209
333,128,153,194
308,142,181,179
316,151,166,171
302,169,192,146
268,185,169,126
252,194,161,106
265,204,146,90
257,223,151,72
202,206,165,93
190,195,152,109
183,186,159,120
176,182,151,121
169,178,142,125
167,168,143,129
160,146,132,142
163,133,116,148
152,114,115,160
141,114,127,157
143,102,128,160
136,99,140,162
138,93,159,160
144,96,164,136
148,98,171,123
157,99,171,113
185,108,170,94
213,120,175,80
220,122,174,79
217,122,179,80
248,120,186,102
257,118,181,110
301,136,146,96
308,139,135,91
352,153,117,95
355,152,119,114
395,180,123,122
395,179,123,136
416,178,113,140
415,172,110,143
413,145,128,147
408,134,134,158
390,86,166,181
395,82,163,180
389,66,167,165
372,46,167,167
358,45,171,169
329,27,169,175
319,22,176,184
288,28,170,187
299,30,139,185
305,30,147,206
271,33,156,207
256,102,116,189
260,113,108,188
254,168,108,145
258,168,107,135
242,205,118,108
245,223,118,95
261,235,99,80
264,241,95,74
256,249,100,76
242,251,118,80
240,253,119,75
242,258,114,66
243,252,113,68
245,243,106,70
248,246,102,67
246,247,102,67
243,248,98,73
242,252,98,73
238,249,90,80
237,246,92,87
233,241,92,92
233,246,87,86
228,228,93,101
228,233,86,93
225,234,67,87
223,233,73,89
223,228,65,93
220,225,68,94
215,219,72,93
215,219,71,86
210,211,70,88
210,210,68,84
205,198,69,89
205,197,69,86
202,189,69,89
201,186,69,86
197,176,72,83
200,174,68,85
199,163,67,84
200,157,67,90
198,141,71,95
198,138,73,91
199,133,73,86
200,129,70,90
204,123,69,90
204,120,75,92
211,114,75,94
215,118,67,87
218,113,60,85
220,107,63,89
220,99,65,91
221,94,64,96
222,89,66,95
222,86,71,96
226,80,60,98
224,77,60,99
222,72,61,93
219,67,63,98
227,56,70,106
224,56,68,104
223,48,82,112
226,49,78,113
238,39,76,103
238,41,77,96
247,37,70,87
250,36,70,95
274,33,54,104
274,41,54,88
287,34,53,93
295,32,51,103
298,34,59,99
298,34,59,99
300,53,60,84
302,59,54,80
298,64,59,75
296,68,61,74
314,49,64,85
321,48,61,73
316,57,63,63
315,59,62,54
312,64,67,59
315,65,60,69
318,64,63,71
317,64,64,74
324,66,60,72
324,64,60,75
330,62,60,81
327,61,63,81
335,59,65,79
334,58,65,80
349,51,56,72
348,55,58,67
346,55,60,60
356,54,54,60
361,49,48,64
366,46,45,64
365,46,46,61
364,43,48,67
365,43,46,70
362,40,48,73
362,41,49,72
361,42,52,73
361,39,50,76
359,40,53,76
355,40,54,75
356,41,53,79
352,44,54,76
352,45,55,73
350,48,52,72
349,47,56,74
350,47,52,73
349,47,51,75
349,50,51,74
350,50,46,78
349,54,48,72
351,58,46,70
351,60,44,67
351,61,43,68
351,60,43,69
350,57,44,71
347,57,44,66
344,55,49,69
344,50,46,76
340,56,50,71
341,65,49,68
342,67,49,64
345,66,44,65
343,72,47,59
343,73,46,56
346,77,45,53
346,75,44,60
349,77,43,58
351,78,42,57
349,77,47,59
349,77,48,60
349,77,49,62
349,77,50,61
350,78,48,60
347,77,54,62
347,74,55,66
345,74,54,65
345,73,58,69
342,73,60,68
341,75,62,67
338,73,63,70
340,73,59,68
339,77,60,65
338,77,59,67
338,75,58,70
337,77,62,71
338,75,61,72
337,77,58,74
337,77,59,76
334,77,64,82
335,77,61,83
335,76,61,94
335,76,57,95
336,75,54,95
335,76,52,85
334,77,58,77
331,77,60,78
331,76,63,88
333,75,60,93
333,76,59,87
334,77,61,89
335,77,54,83
335,78,56,79
329,77,61,80
328,77,66,79
332,78,57,77
330,79,60,76
332,79,56,74
333,79,56,75
332,79,55,77
330,78,58,78
331,77,58,79
333,76,56,77
331,78,55,77
332,78,57,81
332,79,57,76
333,78,55,77
333,79,57,77
333,79,55,75
334,77,56,78
335,78,54,79
337,79,53,76
335,79,54,78
338,77,50,76
338,79,52,76
341,77,48,74
342,77,45,75
342,74,45,78
350,77,38,75
351,73,32,78
360,77,27,72
361,85,29,64
361,85,29,64
361,85,29,64
361,85,29,64
361,85,29,64
361,85,29,64
361,85,29,64
361,85,29,64
361,85,29,64
361,85,29,64
361,85,29,64
361,85,29,64
331,78,35,65
331,78,35,65
331,78,35,65
331,79,37,66
333,77,40,60
333,78,42,65
332,79,44,69
336,78,39,76
337,77,36,76
337,78,37,75
336,77,39,76
334,77,41,78
335,75,41,82
333,78,42,76
335,76,45,78
333,79,50,75
333,78,51,75
333,77,53,78
332,78,55,77
333,78,54,77
