391,81,58,59
392,79,56,59
392,80,56,59
392,77,56,61
392,78,55,61
393,82,55,57
391,79,59,59
390,79,63,61
391,80,61,59
391,80,59,59
391,79,60,58
392,79,60,61
391,79,59,61
390,79,61,60
390,80,61,58
390,80,61,61
390,78,58,62
390,80,58,61
389,80,58,63
389,81,59,62
387,82,61,61
386,82,59,63
387,82,58,66
386,84,59,59
386,83,61,61
387,83,60,56
385,84,59,59
388,83,55,62
385,84,56,60
389,84,54,60
388,83,54,60
388,82,55,59
386,82,56,61
388,85,56,57
386,87,57,56
387,85,56,58
387,84,56,59
386,83,57,60
386,84,57,58
388,84,55,59
386,84,56,59
386,84,57,59
386,84,58,60
386,85,58,62
385,82,60,61
385,82,60,62
384,83,62,59
384,83,63,61
385,82,62,63
385,82,60,63
384,84,64,63
385,82,60,62
385,85,60,59
386,82,60,63
385,85,62,64
385,83,61,63
386,85,58,61
387,85,57,61
386,84,60,61
386,83,57,59
386,84,58,64
386,84,58,60
386,84,60,60
387,84,57,63
387,84,58,58
390,87,54,58
386,85,56,58
388,84,55,60
389,82,57,61
390,84,56,59
389,84,56,59
389,84,55,59
391,84,56,58
388,86,58,56
390,84,54,59
389,85,56,60
389,84,56,59
389,85,58,60
390,85,56,58
389,85,57,58
386,84,63,60
386,84,62,56
386,84,65,60
387,82,60,61
387,83,61,62
387,84,62,60
387,84,61,56
387,83,62,62
388,83,59,58
387,83,61,61
388,84,62,57
388,84,61,59
388,84,61,61
389,83,60,63
388,83,60,60
388,82,60,62
388,84,60,60
387,84,62,59
388,82,62,62
389,83,60,59
387,83,61,61
387,83,60,61
387,83,63,62
389,84,59,59
389,83,61,60
390,85,57,60
391,84,57,58
389,83,60,55
391,84,59,58
390,85,60,56
391,85,59,53
392,84,57,57
392,85,56,59
391,84,57,61
394,85,58,60
393,85,57,57
394,87,57,58
394,83,56,60
394,85,57,59
395,84,57,58
396,84,57,59
394,82,57,61
396,84,56,58
394,83,58,59
395,83,59,59
395,83,59,59
394,83,60,60
394,82,60,57
395,82,60,59
395,81,62,60
395,81,63,60
397,82,59,62
397,81,61,60
397,81,59,60
396,80,62,66
396,81,60,65
395,83,63,62
395,83,59,62
395,82,57,65
393,82,60,62
392,82,59,65
390,83,65,62
389,83,65,64
388,84,61,58
389,83,62,61
388,83,61,64
389,83,56,62
391,86,57,59
388,85,59,60
391,87,58,59
391,87,58,58
392,86,57,59
392,85,57,60
392,85,57,61
394,83,56,61
393,82,57,61
393,85,57,58
395,82,57,60
393,83,58,58
394,81,57,61
393,80,58,62
391,80,61,63
391,80,62,63
391,78,66,62
392,79,63,63
391,79,63,61
392,81,60,57
392,79,64,63
394,79,62,62
393,79,61,61
398,77,59,54
400,76,54,53
358,87,62,62
353,86,64,63
343,86,61,64
337,87,59,64
329,86,58,66
322,88,60,63
314,87,59,64
308,86,57,66
299,86,58,62
291,85,62,65
285,87,61,59
282,86,61,59
280,83,58,61
276,84,60,60
274,81,60,62
273,81,59,60
275,83,59,58
276,80,57,61
278,78,60,61
283,78,58,61
287,77,59,61
293,77,60,60
302,76,62,64
310,76,61,63
317,77,62,61
328,75,61,63
337,76,61,66
346,76,63,65
355,77,65,64
364,80,63,57
372,79,61,60
381,79,60,57
386,80,61,56
390,78,59,58
392,78,65,62
396,79,61,64
399,80,60,58
400,79,61,60
400,79,61,62
404,79,62,66
403,81,62,63
403,81,59,57
403,81,61,59
406,80,56,59
406,82,55,60
405,82,60,59
406,83,58,59
405,81,57,58
407,82,56,61
408,81,58,60
407,80,57,61
409,80,58,62
407,79,56,60
410,79,57,61
408,78,56,61
410,81,58,56
410,80,59,60
408,80,59,56
408,79,63,55
408,79,60,59
412,77,59,57
411,77,59,63
413,79,58,57
411,79,59,62
412,79,58,60
412,79,58,60
413,81,58,57
414,81,58,55
411,81,59,57
411,82,61,62
410,81,63,57
410,82,58,58
409,83,58,55
409,82,59,59
412,84,58,60
411,83,58,58
411,84,59,58
411,83,57,60
413,84,58,57
412,82,57,58
412,82,57,60
413,81,58,61
412,82,56,60
413,82,57,60
413,83,56,59
412,83,56,58
412,84,58,58
414,83,57,59
414,84,55,57
413,85,57,53
412,83,59,58
412,85,60,55
413,84,59,53
413,83,59,58
415,83,59,60
416,82,59,62
414,82,62,55
418,84,61,57
418,82,61,57
421,82,61,58
421,82,60,56
422,82,62,57
423,81,61,59
423,82,56,56
424,81,58,58
426,82,61,57
429,81,58,57
431,81,57,57
434,80,54,57
437,79,56,57
438,79,56,57
441,78,55,57
442,78,56,55
447,76,58,56
452,77,58,53
455,75,58,55
459,74,59,55
462,72,56,58
466,72,56,57
471,72,58,57
475,73,58,58
480,74,57,57
483,77,59,58
485,77,59,61
491,78,59,60
494,80,59,57
498,81,62,59
500,83,62,57
503,83,62,60
505,86,61,56
506,85,62,60
507,86,60,58
509,88,61,57
510,91,61,56
509,92,60,53
511,92,62,54
512,92,62,53
513,91,62,54
514,91,62,54
514,91,65,55
515,90,62,54
517,90,63,53
518,90,65,53
520,89,63,53
521,90,63,52
524,88,62,53
522,88,63,54
524,88,63,52
523,88,65,56
523,88,64,55
523,88,64,55
522,89,64,54
523,88,63,55
522,88,67,56
521,89,64,57
522,90,65,52
523,90,67,51
521,89,66,53
523,89,64,53
522,89,66,55
521,89,67,54
522,89,64,54
522,89,65,53
522,89,65,53
522,89,66,52
523,88,66,54
521,89,67,54
522,90,67,52
513,88,78,56
511,88,81,58
516,88,77,57
514,87,75,56
510,87,82,63
511,87,83,57
511,89,80,54
510,89,82,56
518,89,73,56
515,88,77,54
516,89,75,53
517,88,74,55
517,87,72,56
518,89,73,55
520,87,69,57
518,88,74,57
521,88,68,56
520,89,70,54
519,88,71,55
519,87,71,56
518,88,74,57
520,88,68,57
523,89,65,53
522,89,67,53
522,89,64,53
524,89,66,53
522,88,64,55
523,88,67,54
521,90,67,51
522,89,64,52
523,89,66,53
521,88,67,56
523,90,65,53
521,90,66,53
523,88,68,54
521,90,66,51
523,90,67,49
522,89,66,53
523,89,65,53
523,88,64,54
523,89,64,55
522,90,68,51
522,89,65,54
523,89,67,52
521,89,67,54
523,89,67,53
521,89,67,52
519,87,70,56
518,88,70,54
517,89,74,52
519,87,69,56
519,87,72,55
519,88,70,55
519,89,71,51
517,88,73,55
519,88,70,56
521,88,67,53
519,87,69,55
520,88,71,53
519,87,70,54
520,88,69,53
518,88,71,54
519,87,70,56
520,89,70,54
518,88,71,54
522,88,68,54
523,89,64,52
522,89,66,53
521,89,68,52
522,90,66,50
523,90,65,53
522,89,69,53
522,89,65,53
522,89,66,54
521,88,66,56
523,89,66,55
521,90,66,53
524,90,65,53
523,89,63,52
521,90,66,52
523,90,66,51
522,88,69,54
521,89,66,53
521,88,68,53
522,89,65,50
522,89,64,52
522,88,67,53
523,87,65,55
522,89,65,53
523,88,64,54
522,88,65,54
523,87,66,55
522,89,64,52
523,88,64,53
523,87,64,55
521,89,63,53
519,90,65,52
517,87,65,56
513,84,65,57
511,81,61,60
506,83,64,53
504,78,62,60
500,78,60,58
496,78,59,58
492,79,57,60
489,77,54,61
481,79,55,56
476,78,56,59
472,81,53,56
466,84,55,53
460,86,56,55
457,88,54,54
454,89,55,53
449,92,58,53
448,92,57,53
444,95,58,56
441,98,55,55
436,102,56,55
432,106,56,51
430,106,55,53
428,108,53,51
423,107,53,52
421,108,52,53
417,107,54,53
415,106,53,56
414,105,49,56
412,104,48,57
409,103,50,57
406,102,50,56
403,100,50,54
399,96,49,57
394,95,52,54
387,90,52,59
377,90,56,55
368,86,55,58
360,82,54,58
351,82,56,56
341,82,55,56
331,78,53,57
318,78,54,55
307,74,57,55
298,74,55,54
286,72,54,54
278,71,52,53
267,73,54,52
258,72,56,56
251,74,54,55
246,74,53,57
242,77,53,55
236,77,53,55
233,78,54,57
230,80,51,54
227,82,51,54
227,82,50,52
227,83,49,52
227,85,48,52
229,88,45,48
232,90,45,46
237,89,47,48
241,88,52,51
248,90,50,48
256,89,48,50
263,88,54,51
275,87,49,48
289,84,47,49
302,81,46,54
310,77,50,57
322,76,53,54
333,77,50,52
344,75,52,54
354,72,53,59
365,73,54,58
382,73,47,58
386,74,52,58
396,76,49,56
404,78,50,55
409,82,51,54
414,85,51,52
421,86,49,54
425,90,47,49
428,91,47,51
428,94,49,47
428,96,46,47
429,97,44,48
429,99,48,47
428,100,46,48
429,101,45,49
426,102,46,48
425,104,44,47
425,107,45,44
424,106,43,45
424,107,44,45
423,108,45,45
425,109,44,45
425,110,41,45
425,111,43,45
425,114,43,42
424,116,41,43
425,117,43,43
424,119,42,42
423,120,43,43
423,122,42,42
423,125,43,40
422,127,43,39
422,127,45,42
422,129,43,39
424,130,41,41
425,131,40,40
423,131,45,39
424,131,42,38
425,130,42,39
424,132,45,35
427,131,43,35
427,130,43,39
428,131,43,37
428,131,43,39
430,131,41,37
429,131,42,32
429,131,43,38
424,130,45,39
428,130,46,38
429,131,44,42
429,129,43,44
430,130,41,43
430,131,41,40
430,131,41,40
430,131,41,40
430,131,40,38
429,131,41,39
428,131,43,40
430,130,39,40
429,130,40,40
431,129,38,39
430,128,39,42
430,128,38,42
430,128,40,40
431,129,38,36
430,127,42,43
431,128,42,41
430,126,42,41
431,128,44,34
432,126,43,36
432,125,44,38
433,123,45,40
434,122,46,43
435,121,45,41
436,120,46,38
437,118,45,41
437,117,45,42
437,117,46,40
439,115,43,43
438,116,45,41
438,115,45,42
439,113,43,43
439,114,46,42
439,114,45,42
439,114,46,40
439,114,44,41
439,114,44,43
439,113,46,42
437,114,46,41
439,114,45,42
439,114,44,43
438,113,46,44
438,114,46,42
438,114,46,43
437,115,47,42
436,116,49,41
438,116,47,43
436,116,47,42
438,115,45,44
436,116,46,45
437,117,46,43
436,117,46,43
435,117,46,42
435,117,46,45
436,117,43,46
433,118,47,46
433,119,47,44
434,119,46,43
433,119,48,44
433,119,48,44
434,118,49,44
432,120,49,42
434,119,48,43
435,118,45,44
434,117,47,43
432,117,49,46
432,117,50,46
434,117,47,45
435,118,45,44
434,117,45,45
434,118,47,45
435,117,45,44
427,119,54,43
434,119,46,43
434,118,45,46
433,117,46,46
427,120,54,43
434,118,49,46
436,118,44,44
436,117,44,45
436,118,44,45
435,118,45,45
437,118,45,45
437,118,42,45
437,118,43,45
436,118,44,45
436,118,46,45
436,118,46,45
437,118,44,44
436,117,45,46
435,117,47,44
436,117,45,44
436,117,45,45
435,116,46,44
435,115,45,46
434,117,48,38
435,115,46,45
434,115,46,44
435,112,45,47
435,113,46,46
434,113,49,46
434,112,47,46
435,112,48,46
435,111,48,47
435,112,47,47
436,112,48,45
437,111,46,46
436,109,47,49
436,110,50,48
434,109,53,49
436,107,49,52
435,107,53,51
432,107,55,51
436,106,53,51
436,106,52,50
436,106,52,51
435,106,55,51
436,105,53,54
435,105,54,54
434,106,55,52
435,106,55,50
432,107,59,52
437,107,54,50
435,107,55,51
433,109,57,50
436,107,54,50
437,108,51,50
437,109,51,49
437,108,49,48
439,109,47,48
439,109,47,49
439,110,47,47
438,109,48,49
438,110,50,48
439,109,47,49
439,108,47,49
438,109,48,49
439,109,49,48
440,109,47,49
440,107,48,50
440,108,47,49
440,107,49,50
440,107,48,51
440,107,47,50
441,106,48,51
440,107,49,50
440,107,50,51
442,107,50,50
441,107,50,51
440,108,51,49
440,111,53,47
441,111,50,46
442,111,50,48
441,111,51,49
442,113,52,46
441,112,51,50
442,113,52,47
442,112,51,50
442,111,52,50
442,110,52,52
443,111,52,48
443,110,53,50
444,108,53,52
445,108,53,51
447,106,51,53
446,105,52,53
447,105,53,52
448,104,53,51
449,103,52,52
450,103,53,52
451,103,53,53
451,102,51,52
452,102,52,53
452,102,51,51
453,101,52,56
452,101,52,54
450,102,53,52
452,101,52,54
452,101,52,54
452,100,52,55
452,103,52,51
452,102,51,52
451,99,55,56
449,103,58,52
448,102,60,55
447,100,61,56
443,102,65,56
446,101,61,56
450,101,58,57
450,102,57,56
446,100,62,61
445,101,64,59
447,102,61,57
445,102,63,56
449,102,58,58
448,100,61,59
447,100,58,57
445,101,63,58
449,102,56,52
450,101,52,54
450,101,50,55
450,100,50,55
451,102,50,51
448,102,50,51
448,102,51,50
448,101,49,52
448,101,48,53
447,101,49,52
444,101,49,51
445,103,49,50
443,102,47,52
444,104,47,48
444,104,45,48
444,105,44,48
443,106,45,46
441,107,46,46
441,108,43,44
440,110,44,44
439,113,45,43
439,112,44,45
438,114,43,44
438,114,43,44
438,115,42,44
438,113,42,46
438,117,42,44
436,114,45,45
435,114,49,47
434,115,49,46
437,115,48,44
435,113,48,46
438,113,46,47
439,113,46,45
439,113,47,47
442,113,45,48
438,112,49,46
441,110,49,49
440,111,49,47
443,112,46,46
440,111,48,47
439,111,51,46
444,111,47,44
443,111,46,44
444,110,44,45
444,108,43,47
444,112,44,42
443,110,44,45
443,110,43,44
442,108,43,46
441,109,45,46
442,108,46,45
443,109,43,44
443,108,43,47
440,106,50,49
440,109,48,46
440,106,48,50
439,108,48,47
440,107,48,49
441,106,46,48
440,106,47,48
440,107,47,47
440,105,47,48
440,105,47,47
442,105,45,47
440,105,48,48
439,106,49,45
438,104,51,47
439,105,50,47
440,106,48,45
440,106,49,45
444,105,45,45
443,105,45,45
444,105,44,45
445,103,44,47
445,103,43,47
445,104,43,44
444,101,43,46
445,103,44,45
444,101,45,45
442,101,44,46
443,100,43,45
441,100,43,43
441,100,43,43
439,100,42,42
437,100,42,41
434,97,43,43
433,97,44,40
432,96,43,41
429,96,44,39
427,94,44,41
426,92,41,41
424,91,43,43
421,91,43,43
420,88,45,46
418,89,44,45
418,89,46,43
418,89,45,45
417,90,45,46
418,91,46,44
416,92,44,46
419,93,47,46
416,94,47,46
416,97,50,44
418,96,48,45
417,99,46,46
418,99,46,46
421,100,45,45
419,100,44,45
420,100,44,45
418,102,45,44
418,99,48,48
417,98,46,49
418,98,47,48
418,101,45,46
418,101,45,46
418,101,47,46
416,101,45,45
419,99,46,46
417,97,45,47
417,97,46,46
417,96,47,44
415,94,46,45
417,90,47,46
417,89,45,46
415,87,50,46
417,85,46,45
420,84,45,47
420,82,47,46
422,81,43,47
423,80,45,45
425,81,46,44
428,80,44,44
431,80,46,42
432,79,45,44
434,78,45,43
437,77,44,44
439,78,45,42
441,77,45,44
444,75,45,43
446,74,47,44
448,75,47,43
452,73,46,44
453,73,46,43
454,71,47,43
456,71,48,43
457,72,47,41
459,70,46,43
457,68,46,45
458,70,47,44
458,69,47,45
457,68,45,45
456,70,48,47
455,69,47,46
452,70,48,45
451,71,49,46
449,71,48,45
446,72,48,46
446,71,49,48
443,71,50,51
441,73,48,50
442,73,49,50
439,75,48,49
438,76,49,49
436,78,48,48
437,78,50,47
435,78,50,49
433,79,50,49
434,80,51,48
432,82,50,49
432,82,50,48
430,80,51,51
426,82,55,52
420,78,63,57
417,77,67,58
415,76,68,60
416,77,68,61
414,74,70,65
418,74,66,65
417,73,67,65
414,67,71,68
412,72,71,68
411,75,75,64
409,72,76,62
409,72,75,61
411,75,75,56
409,75,77,55
412,70,74,61
417,73,69,58
426,75,60,55
428,75,53,52
430,76,53,54
430,76,53,52
429,77,53,51
428,79,54,50
425,79,57,51
426,78,54,51
423,80,55,56
422,79,54,51
420,81,53,51
416,83,54,53
415,83,52,54
411,83,53,57
410,84,53,58
405,88,54,56
401,88,54,58
397,94,56,53
392,95,54,54
392,96,52,56
385,99,55,55
379,103,55,54
377,103,51,56
373,104,53,55
368,106,56,57
363,105,54,61
