234,80,52,37
233,78,48,39
230,77,49,39
229,79,50,38
228,77,51,38
229,79,45,37
228,77,46,37
227,77,45,37
227,77,46,38
227,75,45,38
227,76,45,38
227,75,45,37
226,74,46,38
227,74,45,40
226,75,47,38
226,74,50,42
227,76,47,44
231,78,45,44
232,78,45,46
233,77,42,47
232,75,43,46
232,73,44,45
230,68,47,48
227,63,50,45
228,54,50,50
228,47,49,46
228,43,49,43
228,33,51,43
230,29,54,41
232,23,51,43
236,17,50,43
239,12,48,51
242,6,47,56
240,9,47,57
240,5,49,61
238,27,50,50
235,33,55,42
238,48,57,44
237,63,57,46
238,68,57,44
242,77,55,51
247,79,44,55
250,88,40,54
250,93,40,51
251,94,40,52
252,96,40,50
250,94,42,51
246,88,45,51
242,83,46,50
242,81,47,47
241,74,51,41
242,71,48,39
247,63,47,37
251,57,47,37
254,57,45,36
252,51,48,41
258,51,42,41
264,52,37,45
249,66,39,37
248,67,40,40
246,80,51,41
246,88,53,44
252,107,47,40
256,115,47,47
259,114,42,52
262,117,39,54
266,119,34,52
270,122,32,48
268,124,31,44
269,121,28,45
259,112,36,51
254,107,38,52
247,99,40,50
242,91,44,47
238,86,47,47
236,74,49,45
234,72,51,37
235,64,52,36
234,54,56,41
232,52,58,41
245,48,46,40
248,45,45,44
250,47,46,46
251,51,42,45
251,54,45,45
252,63,45,42
253,67,46,45
253,79,49,40
254,81,47,39
255,93,48,35
255,101,49,32
261,110,47,30
263,120,49,28
271,130,51,36
287,128,50,35
282,141,57,35
275,139,63,41
280,133,56,47
286,131,50,50
280,131,59,48
274,129,64,46
267,131,71,45
254,131,80,41
261,128,74,41
252,121,59,46
257,113,46,41
253,106,44,41
250,93,51,36
246,82,56,40
244,72,56,38
246,60,53,38
248,54,50,37
256,47,46,43
260,45,41,44
266,45,41,47
268,48,42,48
269,54,45,49
268,62,43,38
257,79,44,48
248,80,49,51
281,92,50,36
249,60,46,39
280,124,55,49
280,127,52,42
286,131,49,40
290,142,43,44
289,138,42,46
292,134,42,48
291,130,44,49
282,126,40,44
271,123,38,44
264,114,37,47
256,103,43,47
248,93,47,44
245,84,44,40
243,76,48,33
244,62,49,35
244,53,51,37
250,48,47,34
254,43,42,39
260,41,37,39
271,41,33,46
270,46,41,51
271,51,41,52
282,67,40,42
278,76,31,47
273,87,38,43
291,97,37,39
280,119,45,47
279,126,43,41
280,132,38,37
280,132,33,45
279,131,30,39
277,131,31,37
266,135,32,39
260,131,39,37
250,129,35,38
242,123,40,38
233,114,48,38
232,111,50,40
226,105,57,39
223,102,54,37
220,93,52,38
217,88,50,39
214,88,53,37
213,84,53,36
214,83,52,34
215,81,51,34
216,78,51,34
216,77,52,35
221,69,50,41
226,67,46,41
230,65,44,42
233,66,45,43
234,66,45,43
234,67,44,44
235,69,45,44
235,73,44,42
235,74,44,41
234,74,47,42
234,75,46,42
233,75,47,40
233,76,48,39
234,76,46,39
233,76,47,39
234,77,47,39
232,79,47,37
229,79,50,39
227,86,44,35
227,87,45,37
227,93,47,38
226,95,48,42
225,101,46,40
224,105,48,39
224,105,48,38
223,109,48,37
224,110,50,37
226,112,49,37
227,116,49,35
229,117,49,34
232,120,51,34
236,119,49,36
245,125,44,35
253,126,41,35
253,126,45,36
261,125,45,35
271,123,44,32
280,122,40,32
285,116,37,32
286,113,39,31
234,65,47,31
232,69,50,36
233,77,54,39
237,84,53,46
238,85,57,50
272,55,50,49
263,60,39,52
262,51,40,45
250,55,49,42
247,56,49,40
241,56,55,42
231,59,51,40
230,63,52,36
227,68,49,40
225,81,47,39
226,94,49,38
230,106,49,40
234,115,49,37
242,125,43,35
251,127,40,39
259,129,41,36
268,127,43,34
272,122,44,33
280,120,39,29
280,112,40,28
266,73,37,32
245,89,34,36
271,78,36,38
263,64,45,36
259,53,44,42
249,49,50,43
244,45,56,49
232,46,50,47
229,48,49,43
226,54,46,41
224,67,47,37
222,76,49,40
226,91,46,39
229,103,48,40
234,113,51,39
243,120,49,39
251,124,45,41
261,130,44,38
271,131,41,38
279,131,37,34
280,134,32,39
281,135,26,42
246,79,36,38
256,87,44,39
246,99,52,48
250,112,55,42
257,120,47,48
250,113,41,46
244,106,42,40
241,91,45,38
239,77,48,36
241,66,51,33
246,57,48,37
249,51,42,41
254,52,45,41
257,58,45,42
253,72,51,40
253,86,51,36
265,95,45,43
267,119,42,39
272,125,36,42
271,130,37,40
270,128,38,38
266,121,38,46
257,113,42,44
249,98,49,50
245,87,59,44
242,77,56,39
244,68,53,33
248,59,49,37
249,56,49,40
251,55,45,41
250,55,48,44
251,65,43,41
251,79,49,40
251,82,50,38
264,87,53,45
269,83,51,50
268,123,42,45
272,129,37,43
273,130,33,42
272,130,32,40
270,125,39,41
262,122,36,43
284,93,46,38
274,99,57,34
252,94,53,38
250,88,53,38
249,77,51,37
251,68,50,37
250,64,49,37
258,58,45,39
259,54,43,42
261,53,47,43
263,53,43,45
263,54,43,45
261,59,44,41
261,65,45,37
258,72,47,36
255,82,49,38
256,86,48,42
268,96,48,43
270,98,45,40
284,128,51,41
279,129,49,49
282,131,44,53
282,133,37,54
283,135,33,56
284,135,26,51
282,133,30,49
281,131,29,50
278,131,32,40
280,131,31,35
270,127,37,39
260,125,32,39
261,123,26,39
252,109,32,40
248,103,36,41
243,93,37,42
240,85,39,37
248,83,48,37
240,72,52,40
237,71,54,37
238,67,52,36
238,64,53,36
238,65,52,36
237,67,50,38
236,68,52,40
236,76,51,38
237,85,58,39
240,89,66,40
245,95,58,37
245,112,55,33
254,110,50,35
264,114,48,30
266,115,51,30
279,116,46,30
281,116,49,30
295,114,40,30
303,108,41,30
303,106,42,31
305,104,40,33
304,103,40,35
300,106,41,32
289,110,44,32
283,114,42,30
271,112,47,31
260,113,47,29
249,112,50,31
241,109,45,30
237,104,45,30
234,95,49,35
228,92,56,35
225,88,53,36
225,86,49,36
225,85,48,36
226,86,50,36
230,85,53,38
236,90,51,33
245,93,46,28
257,94,43,27
308,131,48,31
297,130,54,37
297,130,54,37
299,88,49,40
315,88,42,42
317,96,41,37
314,103,41,35
314,103,41,35
314,103,41,35
314,103,41,35
276,124,33,33
242,138,29,34
224,139,26,33
223,116,28,39
202,137,22,32
199,141,22,29
216,121,25,26
214,146,30,28
219,130,32,29
240,136,29,32
272,137,32,33
272,137,32,33
272,137,32,33
272,137,32,33
272,137,32,33
272,137,32,33
272,137,32,33
272,137,32,33
272,137,32,33
272,137,32,33
272,137,32,33
272,137,32,33
272,137,32,33
211,126,24,30
170,137,27,29
185,113,34,27
174,114,39,36
174,105,46,40
177,103,48,43
182,99,49,41
187,96,52,41
194,92,48,39
200,81,43,40
210,79,37,35
219,73,34,35
229,69,28,35
234,73,29,28
242,77,23,28
242,77,23,28
242,77,23,28
242,77,23,28
242,77,23,28
242,77,23,28
242,77,23,28
242,77,23,28
242,77,23,28
242,77,23,28
242,77,23,28
242,77,23,28
242,77,23,28
256,56,23,29
255,56,23,35
251,53,26,38
245,54,31,39
241,51,34,44
233,55,35,43
223,58,40,44
210,66,48,39
199,71,54,37
194,73,53,36
186,77,54,34
179,77,61,36
176,73,65,38
172,73,77,40
170,74,66,39
171,71,63,40
172,71,62,39
170,71,64,39
170,70,63,37
171,70,70,37
169,67,66,44
176,65,54,50
180,65,48,54
186,63,37,49
188,65,34,42
209,56,39,35
203,61,41,37
193,58,49,39
191,56,55,38
191,57,55,37
190,57,58,34
189,56,59,34
190,51,61,36
189,55,64,33
191,53,63,33
191,55,64,31
192,51,64,34
192,54,61,29
202,52,54,29
203,53,54,26
216,49,45,29
212,44,47,34
216,36,43,32
218,30,41,33
219,29,41,32
217,27,45,33
224,29,43,32
222,29,45,35
226,37,43,36
228,47,45,32
196,40,51,38
249,90,40,42
218,50,31,37
223,58,26,28
227,75,26,30
223,55,23,31
223,61,24,31
223,52,25,33
223,52,25,33
223,52,25,33
237,37,27,31
229,29,29,32
229,25,33,33
223,25,35,32
221,27,37,31
213,31,39,29
213,30,42,27
215,32,44,31
219,31,45,38
225,38,42,35
221,46,47,33
226,56,44,32
229,60,41,24
230,68,40,18
231,69,37,20
232,71,36,21
232,69,35,20
234,72,33,26
235,71,32,25
236,72,31,23
234,73,32,22
227,73,37,25
229,72,34,25
231,72,34,24
230,71,34,26
228,68,36,25
229,67,35,24
228,63,34,25
224,62,34,32
213,58,39,36
216,53,32,35
212,52,28,33
212,51,23,32
216,50,25,32
217,49,34,31
220,53,34,28
218,51,38,29
219,52,39,28
215,53,41,31
211,56,44,29
210,58,44,30
207,59,47,29
206,62,49,27
203,62,51,26
203,62,50,25
206,60,46,28
205,54,38,31
200,45,36,36
203,40,30,36
202,38,27,35
205,26,23,32
200,25,30,29
200,32,36,35
198,36,35,37
207,35,40,42
205,44,43,41
211,51,40,37
218,53,33,35
210,63,40,38
212,63,38,39
210,63,39,40
211,56,35,36
206,61,40,30
204,55,40,30
207,58,35,22
205,52,31,20
205,50,28,24
199,47,29,29
191,45,35,34
199,42,30,35
199,42,30,35
199,42,30,35
199,42,30,35
199,42,30,35
199,42,30,35
199,42,30,35
199,42,30,35
199,42,30,35
199,42,30,35
199,42,30,35
199,42,30,35
199,42,30,35
199,42,30,35
199,42,30,35
199,42,30,35
199,42,30,35
199,42,30,35
199,42,30,35
199,42,30,35
199,42,30,35
199,42,30,35
199,42,30,35
199,42,30,35
199,42,30,35
199,42,30,35
199,42,30,35
199,42,30,35
199,42,30,35
199,42,30,35
199,42,30,35
199,42,30,35
199,42,30,35
199,42,30,35
151,120,28,32
151,120,28,32
151,120,28,32
161,84,23,38
158,67,29,43
160,49,27,38
157,49,33,37
157,48,36,37
157,49,37,38
158,49,45,41
159,50,53,37
155,49,57,41
161,48,51,48
164,49,49,49
165,52,48,44
162,52,49,45
165,50,46,46
167,48,41,47
169,48,35,45
172,50,30,42
176,50,32,43
175,51,35,41
181,51,33,43
185,55,30,40
187,57,33,43
193,67,36,37
193,70,39,38
195,79,42,34
206,82,39,33
210,84,31,29
200,90,36,30
198,92,38,30
192,95,38,26
187,59,31,32
175,108,36,31
170,111,38,39
162,126,40,39
153,131,37,42
152,138,37,42
153,140,36,38
153,140,36,38
153,140,36,38
153,140,36,38
153,140,36,38
153,140,36,38
153,140,36,38
153,140,36,38
153,140,36,38
153,140,36,38
153,140,36,38
153,140,36,38
153,140,36,38
153,140,36,38
153,140,36,38
153,140,36,38
153,140,36,38
153,140,36,38
153,140,36,38
153,140,36,38
153,140,36,38
153,140,36,38
153,140,36,38
153,140,36,38
153,140,36,38
153,140,36,38
153,140,36,38
153,140,36,38
153,140,36,38
153,140,36,38
153,140,36,38
153,140,36,38
172,144,37,40
167,139,34,29
160,148,38,38
165,148,36,37
163,144,35,46
171,137,38,50
178,132,38,46
178,132,38,46
178,132,38,46
226,121,39,47
229,96,43,45
246,96,35,35
244,99,41,35
240,84,46,43
236,80,52,45
238,80,48,39
238,82,45,43
238,84,42,45
245,95,35,37
237,97,36,36
238,100,34,43
227,103,41,42
224,111,40,34
226,110,36,32
231,114,30,30
231,113,30,30
234,114,29,28
233,112,30,31
238,101,28,39
239,101,27,40
241,99,25,42
245,110,30,40
245,108,28,37
249,108,25,37
248,114,25,36
248,112,25,38
242,117,28,36
246,115,25,36
246,114,25,36
245,115,27,33
248,116,24,27
248,108,26,34
252,102,23,38
249,77,27,32
238,53,30,35
237,56,36,32
237,56,36,32
227,27,33,30
243,21,28,31
250,19,36,30
238,20,42,30
242,24,46,29
253,35,56,33
238,37,60,31
241,55,50,36
241,58,55,36
248,40,60,40
236,83,58,34
242,99,52,35
255,116,46,36
259,118,39,32
259,114,31,33
260,111,29,34
265,110,23,34
267,108,22,32
259,95,28,28
256,75,31,30
252,67,36,29
241,51,38,26
252,42,36,24
246,30,40,31
243,23,41,32
258,24,35,28
255,24,39,29
246,27,40,31
253,30,38,30
244,40,41,26
250,38,45,34
257,69,44,33
252,65,50,37
247,61,59,42
250,87,49,31
258,93,38,34
265,98,33,35
264,96,31,33
262,94,33,33
258,89,36,29
261,84,34,29
258,68,39,33
247,59,43,33
250,47,46,31
244,32,45,37
250,23,47,40
253,17,41,46
256,28,43,38
256,40,36,32
283,54,38,39
254,61,36,45
259,59,43,45
261,82,41,37
266,95,36,37
270,99,32,36
272,94,29,37
268,92,31,32
267,83,31,30
257,67,37,31
248,53,40,29
243,40,42,29
244,28,44,31
248,16,45,33
252,14,41,31
252,12,41,29
251,12,42,30
252,9,43,35
250,24,43,30
244,37,48,26
250,45,46,33
249,52,52,37
258,65,44,37
260,61,45,41
266,58,39,42
272,58,37,35
257,40,35,39
269,46,37,35
264,26,42,38
271,27,36,32
272,26,37,32
268,31,38,32
267,44,39,42
267,50,38,40
269,61,40,41
272,69,36,42
280,64,28,40
283,58,29,35
261,41,30,37
272,41,38,34
279,27,32,36
272,19,39,37
273,24,41,31
275,23,38,33
264,23,45,37
268,32,43,45
274,47,37,35
277,65,33,35
277,67,31,38
280,67,28,42
280,63,28,42
280,59,29,37
284,53,34,39
260,38,37,40
257,39,40,40
271,33,36,41
271,22,37,44
274,26,34,39
270,27,38,32
272,31,37,28
272,30,37,28
268,29,36,35
269,36,34,34
268,46,34,39
265,44,37,44
258,49,43,41
257,59,43,38
272,64,33,37
273,68,33,34
273,61,34,39
275,57,33,40
279,55,29,41
279,58,30,33
257,44,30,39
262,41,37,40
255,41,36,38
259,37,37,41
262,40,43,38
261,38,43,33
261,38,42,31
261,38,41,34
253,37,46,36
247,41,53,29
241,42,56,28
245,42,58,32
238,44,58,28
241,46,54,28
244,46,53,33
249,49,52,39
248,50,54,41
254,44,51,35
256,45,49,31
260,42,45,30
262,44,41,25
265,44,36,24
260,38,30,27
255,44,35,23
246,49,34,25
227,48,41,28
225,51,43,24
204,47,48,30
196,47,47,31
167,46,52,34
159,44,43,38
160,48,37,33
148,47,37,36
143,44,37,39
134,48,34,35
129,48,32,34
130,49,32,32
128,51,33,31
130,50,33,33
136,47,29,37
141,51,32,34
147,48,33,38
148,50,37,38
155,50,35,40
164,54,38,38
170,59,44,33
176,61,49,31
196,58,56,34
193,59,57,33
216,54,54,38
231,48,53,42
235,48,49,43
245,45,47,42
248,50,51,41
255,50,54,36
257,51,54,29
256,51,55,28
258,48,55,27
260,39,50,32
265,37,44,32
251,33,51,32
249,33,51,30
246,35,54,30
243,35,56,34
245,42,52,32
250,52,49,31
249,61,49,35
243,71,53,37
255,80,45,36
251,85,47,34
243,84,54,34
242,80,54,35
242,80,52,31
243,74,47,34
243,57,50,43
242,58,45,39
243,59,38,40
236,54,40,40
235,50,37,41
230,47,40,43
228,45,35,38
222,45,31,40
207,41,30,45
183,35,39,44
170,28,30,38
155,32,36,35
133,32,34,28
130,43,32,34
121,36,31,37
121,37,25,32
125,39,20,32
127,40,24,35
124,41,28,30
132,42,27,35
143,45,32,35
151,50,31,34
156,50,33,38
176,69,33,46
201,72,29,42
210,80,38,36
227,93,37,31
232,102,40,29
244,108,35,31
251,113,34,34
256,115,28,39
259,122,26,36
259,123,27,33
260,121,27,32
257,120,30,30
249,113,34,25
248,96,31,30
245,88,34,25
233,73,39,27
229,50,41,33
228,42,40,31
225,27,35,31
218,16,36,33
207,9,39,34
206,4,41,41
207,1,38,43
207,0,41,45
204,0,43,48
204,3,50,48
206,7,53,45
219,23,46,37
227,34,46,35
228,40,50,34
226,52,57,29
227,59,55,31
240,70,51,23
237,80,56,26
224,87,55,26
257,92,52,31
297,62,48,35
235,102,54,38
242,101,52,45
232,106,52,42
238,109,45,41
260,111,42,39
254,108,43,33
247,105,40,34
255,104,34,33
245,98,40,33
241,94,41,31
233,84,46,35
229,82,48,29
229,82,46,28
222,73,45,30
220,71,45,30
211,64,40,34
187,52,48,40
176,46,50,35
173,39,44,40
174,34,37,50
168,24,31,44
161,18,30,47
156,17,33,47
151,15,34,45
150,14,33,45
147,12,36,46
148,12,36,43
150,11,36,45
153,10,40,48
157,11,38,42
172,14,31,43
187,23,29,40
190,26,30,40
196,33,33,42
207,43,38,34
210,51,47,33
216,64,49,31
217,67,51,29
217,78,53,30
223,82,50,35
233,89,42,40
251,103,34,40
252,102,27,41
247,112,25,40
246,121,25,39
242,125,22,40
240,128,21,41
241,129,19,39
237,130,21,37
234,126,24,38
229,121,25,40
224,115,29,38
218,116,32,32
208,105,39,33
209,106,39,33
192,96,37,33
175,90,39,33
171,86,40,32
171,85,35,32
164,72,34,41
149,59,32,35
141,56,35,33
124,50,27,32
117,41,28,39
111,36,31,42
108,33,34,42
110,29,34,45
115,29,30,39
122,26,28,42
132,26,25,33
158,27,27,40
168,28,25,40
174,38,32,41
195,44,32,43
213,50,33,41
220,57,40,34
226,63,45,29
230,65,48,33
239,75,47,27
236,72,46,33
235,73,53,33
235,76,53,30
233,77,53,28
229,77,55,27
228,73,56,28
229,71,57,30
230,69,58,27
240,67,50,24
253,70,55,28
248,69,58,34
238,62,60,44
232,61,67,54
245,56,58,54
237,53,67,60
244,52,57,52
232,57,66,52
240,54,60,50
244,59,61,40
216,60,57,33
202,66,51,29
188,68,47,29
158,71,52,30
148,68,50,34
139,67,45,34
128,64,47,35
124,66,48,32
123,67,49,30
126,65,47,32
131,66,52,30
144,63,48,35
157,76,52,29
166,76,57,34
172,83,64,33
186,81,64,39
213,84,52,46
235,79,54,54
238,63,55,50
239,77,54,68
263,75,42,73
237,109,38,62
237,109,38,62
217,81,35,63
211,84,30,63
207,92,30,57
200,97,36,51
199,90,43,58
205,89,41,60
264,96,48,47
266,98,46,40
249,101,56,43
243,90,52,37
242,77,46,26
240,72,46,23
237,68,47,25
235,58,46,28
234,52,46,31
228,52,52,31
224,56,55,29
224,57,56,28
237,65,50,38
228,67,57,35
244,77,47,38
245,76,47,41
247,73,44,45
252,78,38,42
256,74,35,39
259,62,37,44
240,51,31,40
241,50,34,40
246,53,44,35
249,42,44,32
251,36,37,30
245,32,38,32
248,31,39,30
243,30,40,34
230,32,43,38
236,46,45,37
232,54,51,40
230,57,53,37
248,70,43,43
252,83,34,31
255,84,34,33
259,80,34,33
258,79,34,34
260,76,34,33
247,76,38,27
250,65,42,32
253,62,41,38
254,61,39,39
248,48,41,39
238,43,41,36
235,48,48,32
233,50,49,30
236,52,45,29
231,56,45,33
226,68,50,32
231,77,52,33
234,87,51,31
230,88,59,33
246,85,50,36
248,89,47,32
251,87,44,29
239,77,39,31
243,74,41,33
244,68,40,37
244,60,45,41
256,52,50,37
248,51,58,41
244,53,64,36
244,53,66,35
247,53,66,33
220,83,60,24
222,69,52,30
225,74,45,32
221,76,41,27
216,77,39,23
197,73,45,28
182,72,45,29
176,71,36,29
164,72,35,29
145,77,30,27
127,74,24,30
116,72,25,36
106,77,32,36
99,80,33,34
97,78,33,35
97,81,34,34
101,81,33,34
105,84,37,33
111,86,37,37
120,93,31,38
131,104,30,38
141,109,25,43
141,109,25,43
164,129,26,48
166,141,32,44
172,151,31,40
176,150,28,44
179,150,27,42
181,151,28,43
184,150,26,43
187,151,25,41
187,151,25,41
187,151,25,41
187,151,25,41
189,150,25,37
189,150,25,37
187,150,25,34
186,149,24,35
186,152,24,33
193,157,21,32
188,150,23,38
188,151,26,35
189,151,26,35
192,151,25,35
194,149,26,37
197,148,25,36
201,148,24,36
204,151,23,34
206,159,23,28
214,162,21,26
216,163,21,25
216,160,23,29
224,160,18,29
228,161,18,28
233,165,19,25
241,163,17,25
241,144,22,25
247,144,26,23
243,144,27,24
