317,255,33,28
316,254,32,27
317,253,32,29
316,252,32,29
317,250,32,32
316,248,33,34
317,245,31,37
316,251,33,30
317,248,32,35
316,245,33,37
317,250,32,32
316,247,33,36
316,251,32,31
317,250,32,32
316,247,32,35
316,251,33,30
316,250,34,32
316,252,33,30
316,251,33,31
317,248,32,34
316,250,32,32
316,249,33,32
317,253,32,29
317,251,32,30
317,249,31,32
317,246,31,36
317,245,31,37
318,244,31,38
317,243,30,39
317,243,31,39
316,243,32,39
316,242,33,40
316,242,33,40
316,241,32,42
317,243,29,40
317,242,28,42
317,239,25,45
317,235,23,50
317,235,23,50
317,235,23,50
318,221,26,41
318,221,26,41
318,221,26,41
318,221,26,41
318,221,26,41
318,221,26,41
318,221,26,41
318,221,26,41
318,221,26,41
318,221,26,41
306,189,34,43
306,189,34,43
306,189,34,43
306,189,34,43
306,189,34,43
306,189,34,43
306,189,34,43
306,189,34,43
306,189,34,43
306,189,34,43
306,189,34,43
306,189,34,43
306,189,34,43
306,189,34,43
306,189,34,43
306,189,34,43
306,189,34,43
306,189,34,43
306,189,34,43
306,189,34,43
306,189,34,43
306,189,34,43
306,189,34,43
306,189,34,43
306,189,34,43
306,189,34,43
306,189,34,43
306,189,34,43
306,189,34,43
306,189,34,43
306,189,34,43
306,189,34,43
306,189,34,43
290,157,37,45
285,160,41,43
277,162,45,41
271,165,48,39
269,170,50,34
268,167,52,36
265,163,52,39
265,160,51,42
263,158,52,43
261,154,50,46
261,154,50,46
253,151,53,49
253,151,53,49
253,151,53,49
253,151,53,49
253,151,53,49
253,151,53,49
253,151,53,49
253,151,53,49
253,151,53,49
253,151,53,49
253,151,53,49
253,151,53,49
253,151,53,49
253,151,53,49
253,151,53,49
253,151,53,49
253,151,53,49
253,151,53,49
253,151,53,49
253,151,53,49
253,151,53,49
253,151,53,49
253,151,53,49
253,151,53,49
253,151,53,49
253,151,53,49
253,151,53,49
253,151,53,49
253,151,53,49
253,151,53,49
253,151,53,49
253,151,53,49
253,151,53,49
253,151,53,49
253,151,53,49
253,151,53,49
253,151,53,49
253,151,53,49
253,151,53,49
253,151,53,49
253,151,53,49
253,151,53,49
253,151,53,49
253,151,53,49
253,151,53,49
253,151,53,49
253,151,53,49
253,151,53,49
253,151,53,49
253,151,53,49
253,151,53,49
253,151,53,49
253,151,53,49
253,151,53,49
253,151,53,49
253,151,53,49
253,151,53,49
253,151,53,49
253,151,53,49
253,151,53,49
253,151,53,49
253,151,53,49
253,151,53,49
253,151,53,49
253,151,53,49
253,151,53,49
253,151,53,49
253,151,53,49
253,151,53,49
253,151,53,49
253,151,53,49
253,151,53,49
253,151,53,49
253,151,53,49
253,151,53,49
253,151,53,49
253,151,53,49
253,151,53,49
253,151,53,49
253,151,53,49
253,151,53,49
253,151,53,49
253,151,53,49
253,151,53,49
253,151,53,49
253,151,53,49
253,151,53,49
253,151,53,49
253,151,53,49
253,151,53,49
253,151,53,49
253,151,53,49
253,151,53,49
253,151,53,49
253,151,53,49
253,151,53,49
253,151,53,49
253,151,53,49
253,151,53,49
253,151,53,49
253,151,53,49
253,151,53,49
253,151,53,49
253,151,53,49
253,151,53,49
253,151,53,49
253,151,53,49
253,151,53,49
253,151,53,49
253,151,53,49
253,151,53,49
253,151,53,49
253,151,53,49
253,151,53,49
187,154,43,49
193,158,33,42
149,145,33,47
165,144,35,48
182,136,30,53
191,134,34,55
197,134,37,55
205,137,35,48
207,140,37,44
207,144,39,36
210,145,39,35
217,148,35,33
221,156,34,25
221,156,34,25
221,156,34,25
221,156,34,25
221,156,34,25
221,156,34,25
221,156,34,25
221,156,34,25
221,156,34,25
221,156,34,25
221,156,34,25
221,156,34,25
221,156,34,25
221,156,34,25
221,156,34,25
221,156,34,25
221,156,34,25
221,156,34,25
221,156,34,25
221,156,34,25
221,156,34,25
221,156,34,25
221,156,34,25
221,156,34,25
221,156,34,25
221,156,34,25
221,156,34,25
221,156,34,25
221,156,34,25
221,156,34,25
221,156,34,25
221,156,34,25
221,156,34,25
221,156,34,25
221,156,34,25
221,156,34,25
221,156,34,25
221,156,34,25
221,156,34,25
221,156,34,25
221,156,34,25
221,156,34,25
221,156,34,25
221,156,34,25
221,156,34,25
221,156,34,25
221,156,34,25
221,156,34,25
221,156,34,25
221,156,34,25
221,156,34,25
221,156,34,25
221,156,34,25
221,156,34,25
221,156,34,25
221,156,34,25
221,156,34,25
221,156,34,25
221,156,34,25
221,156,34,25
221,156,34,25
221,156,34,25
221,156,34,25
221,156,34,25
221,156,34,25
221,156,34,25
221,156,34,25
221,156,34,25
221,156,34,25
221,156,34,25
221,156,34,25
221,156,34,25
221,156,34,25
221,156,34,25
221,156,34,25
221,156,34,25
221,156,34,25
221,156,34,25
221,156,34,25
221,156,34,25
221,156,34,25
221,156,34,25
221,156,34,25
221,156,34,25
221,156,34,25
221,156,34,25
221,156,34,25
221,156,34,25
221,156,34,25
221,156,34,25
221,156,34,25
221,156,34,25
221,156,34,25
221,156,34,25
221,156,34,25
221,156,34,25
221,156,34,25
221,156,34,25
221,156,34,25
221,156,34,25
221,156,34,25
221,156,34,25
221,156,34,25
221,156,34,25
221,156,34,25
221,156,34,25
221,156,34,25
221,156,34,25
221,156,34,25
221,156,34,25
221,156,34,25
221,156,34,25
221,156,34,25
221,156,34,25
221,156,34,25
221,156,34,25
221,156,34,25
221,156,34,25
221,156,34,25
221,156,34,25
221,156,34,25
221,156,34,25
221,156,34,25
221,156,34,25
283,127,37,30
283,127,37,30
283,127,37,30
283,127,37,30
283,127,37,30
283,127,37,30
278,116,38,36
276,115,39,37
276,115,39,37
276,115,39,37
276,115,39,37
276,115,39,37
274,113,36,37
274,113,36,37
272,112,34,37
271,113,35,37
269,111,35,37
267,111,37,37
265,111,39,37
265,111,38,38
264,110,38,38
261,109,38,38
261,109,39,39
260,108,39,41
258,108,38,42
259,107,36,42
259,107,35,42
261,106,32,43
264,105,28,43
267,105,23,43
265,105,24,42
264,105,24,43
264,106,23,42
264,104,22,43
261,105,25,43
262,105,24,42
260,105,25,44
261,106,24,42
261,106,24,43
261,106,25,43
259,107,26,42
262,108,24,41
260,109,24,41
262,110,22,41
327,176,22,43
309,191,31,47
349,224,37,41
347,229,36,33
344,231,38,30
343,234,40,23
342,235,41,19
341,235,41,19
341,234,41,20
339,234,42,19
339,234,43,18
341,235,37,18
340,235,36,17
339,234,35,18
339,233,34,18
339,233,31,18
338,233,30,18
339,233,28,18
339,233,26,18
339,231,25,20
340,232,23,19
339,232,23,18
341,233,22,17
342,231,20,18
342,231,20,18
342,231,20,18
342,231,20,18
342,231,20,18
342,231,20,18
342,231,20,18
342,231,20,18
342,231,20,18
340,195,17,19
344,232,18,17
343,233,18,16
343,233,18,16
343,233,18,16
343,233,18,16
343,233,18,16
343,233,18,16
343,233,18,16
343,233,18,16
343,233,18,16
343,233,18,16
343,233,18,16
343,233,18,16
343,233,18,16
343,233,18,16
343,233,18,16
339,230,14,17
341,229,12,18
341,229,12,18
343,229,10,17
342,229,10,17
343,228,8,17
338,228,10,16
338,228,10,16
338,228,10,16
338,228,10,16
338,228,10,16
338,228,10,16
326,223,14,19
325,221,16,21
325,221,16,21
325,221,16,21
325,221,16,21
325,221,16,21
325,221,16,21
325,221,16,21
307,217,20,25
307,217,20,25
307,217,20,25
307,217,20,25
307,217,20,25
307,217,20,25
307,217,20,25
307,217,20,25
307,217,20,25
260,244,22,22
260,244,22,22
260,244,22,22
260,244,22,22
260,244,22,22
213,246,24,20
213,246,24,20
213,246,24,20
213,246,24,20
213,246,24,20
213,246,24,20
213,246,24,20
213,246,24,20
213,246,24,20
213,246,24,20
213,246,24,20
213,246,24,20
213,246,24,20
213,246,24,20
204,247,25,19
205,247,25,16
207,248,23,14
208,247,26,13
212,247,25,13
171,222,28,16
142,254,34,19
139,251,38,22
139,251,38,22
139,251,38,22
139,251,38,22
139,251,38,22
139,251,38,22
139,251,38,22
139,251,38,22
139,251,38,22
139,251,38,22
139,251,38,22
139,251,38,22
139,251,38,22
139,251,38,22
139,251,38,22
139,251,38,22
139,251,38,22
194,221,33,24
193,219,34,25
139,249,39,27
192,218,32,26
140,249,38,25
139,249,39,25
139,249,39,25
181,220,37,25
138,249,40,24
139,247,38,27
138,249,40,25
139,249,37,24
139,249,38,23
138,253,38,19
138,251,39,21
135,252,43,21
136,252,42,21
137,255,40,17
137,254,41,18
136,253,41,19
137,251,41,21
138,254,39,19
137,251,41,21
138,253,39,19
138,251,39,21
139,252,38,21
138,255,39,18
138,253,38,19
138,252,40,21
136,250,41,23
136,249,43,24
135,252,45,21
136,254,43,19
138,250,44,22
143,250,50,22
184,213,46,26
184,213,46,26
184,213,46,26
184,213,46,26
184,213,46,26
214,182,38,32
214,182,38,32
226,139,39,34
269,215,32,39
269,215,32,39
269,215,32,39
269,215,32,39
269,215,32,39
269,215,32,39
269,216,33,38
269,215,31,42
269,214,32,42
270,214,33,44
268,215,33,41
269,214,33,43
268,214,34,43
270,215,35,44
268,215,34,42
268,215,34,41
269,215,34,40
269,216,35,41
268,215,33,42
270,215,32,41
270,215,33,42
269,216,32,41
270,215,33,41
270,214,33,43
269,216,32,42
269,214,33,43
269,215,33,43
268,215,34,41
269,214,32,43
268,215,33,41
269,215,34,42
269,215,32,40
269,215,33,41
270,214,32,43
270,215,32,40
269,215,33,40
269,215,32,41
268,215,35,40
268,216,33,39
270,215,32,41
269,214,31,41
268,214,32,44
270,215,32,42
268,215,33,40
269,215,32,42
270,215,32,41
269,215,32,40
270,215,32,41
269,215,33,43
269,214,33,42
268,215,32,39
268,215,33,40
269,215,32,40
269,215,33,40
269,215,33,40
269,215,32,40
269,215,34,43
269,215,32,41
268,216,33,38
269,215,33,41
269,215,32,41
269,215,34,41
268,215,34,40
267,215,33,39
269,215,33,39
268,215,33,40
268,215,33,41
269,215,33,39
268,215,33,41
268,215,32,38
269,216,32,38
268,215,33,39
269,216,32,38
269,215,32,39
269,216,32,36
269,216,32,37
268,215,33,39
268,215,33,40
270,216,32,41
268,215,32,41
269,215,32,41
270,217,33,38
268,216,33,39
270,216,33,38
269,217,32,37
270,217,33,40
269,216,30,39
270,217,29,38
267,216,25,36
267,216,25,36
267,216,25,36
267,216,25,36
267,216,25,36
276,220,26,36
275,217,26,37
271,216,30,39
269,215,33,42
269,215,32,46
269,215,32,42
270,216,33,40
269,215,33,44
269,215,33,42
269,216,34,41
269,215,32,43
269,216,34,42
269,216,33,42
270,215,32,43
270,216,32,41
270,216,32,42
270,215,33,42
269,215,33,42
270,216,33,41
269,215,31,42
270,215,33,42
269,215,33,42
269,215,31,43
269,214,33,45
270,214,31,45
269,215,33,45
270,214,33,44
269,214,33,45
269,215,31,43
270,214,31,45
271,215,32,43
269,215,32,42
269,216,31,42
270,215,32,42
270,216,31,40
269,216,33,42
270,216,30,40
270,214,31,42
269,215,31,42
270,214,31,44
270,215,32,42
269,215,31,42
269,214,33,44
269,214,32,45
270,215,33,43
270,215,31,42
269,215,33,43
270,214,32,44
269,216,33,41
269,215,33,44
271,215,32,43
269,215,32,42
270,215,32,42
270,214,32,44
269,214,33,44
269,215,33,45
269,214,32,45
269,215,31,44
270,214,31,43
269,214,31,43
268,214,32,43
269,214,32,45
268,215,33,44
269,214,34,43
269,215,31,42
269,215,33,43
270,214,31,44
269,214,33,45
269,215,32,41
269,215,32,41
270,214,32,43
269,215,31,40
270,215,32,42
270,214,31,42
269,214,33,41
269,214,32,43
269,215,32,40
270,215,31,40
270,215,30,41
270,214,33,40
270,216,31,39
269,215,31,41
270,214,33,42
269,214,33,39
270,216,32,38
269,215,32,38
269,216,33,39
270,214,33,40
269,215,32,39
270,215,32,37
269,215,32,36
270,216,31,35
269,215,32,39
269,215,33,42
269,215,33,44
268,215,32,42
270,216,32,37
269,215,32,40
270,216,31,39
269,214,33,39
269,214,33,43
270,214,32,42
269,216,32,39
269,215,33,42
269,216,31,38
268,215,33,38
270,215,30,39
270,214,31,43
269,215,31,40
270,214,31,47
271,214,32,43
269,214,30,42
270,214,33,44
269,215,32,40
270,214,32,41
269,214,32,42
270,214,32,41
269,215,31,42
270,215,32,39
269,214,32,44
269,214,33,43
268,216,33,40
269,215,34,41
269,214,31,43
269,214,33,43
269,215,33,40
269,216,33,39
268,215,33,41
269,215,34,41
268,215,34,43
269,215,32,41
269,215,33,39
268,215,33,40
269,215,33,42
269,214,33,45
270,214,30,43
270,215,32,45
269,215,34,43
269,215,33,43
269,215,33,40
269,215,33,40
269,214,33,42
270,214,31,45
269,214,33,42
269,214,32,42
269,214,34,41
269,214,32,40
270,214,32,40
270,214,33,41
269,214,32,39
269,215,32,38
270,214,33,43
269,214,31,42
270,213,33,43
269,214,32,42
270,214,33,43
270,213,32,42
270,214,33,40
270,215,32,42
270,215,32,38
270,214,32,40
269,214,33,41
270,215,34,42
269,214,33,41
269,214,32,40
269,214,34,42
268,214,34,40
268,214,34,40
269,216,31,36
270,216,32,36
270,215,32,38
269,215,34,37
269,215,34,38
270,215,31,38
269,217,32,35
270,217,32,34
269,216,33,34
269,216,33,37
270,215,33,37
269,215,33,38
269,214,33,40
270,215,33,38
268,215,34,38
269,215,34,37
269,214,32,40
270,215,34,37
267,216,34,35
269,216,34,36
269,216,33,34
268,216,33,37
269,216,35,36
268,215,33,37
269,215,34,37
267,214,35,37
268,214,34,39
267,215,35,37
267,214,36,39
269,216,34,38
269,216,34,37
269,215,33,40
270,216,32,37
268,216,34,38
270,215,33,37
269,215,36,40
270,215,37,42
270,216,33,38
269,215,33,37
269,215,33,39
270,215,33,37
270,215,32,38
269,215,34,38
270,215,32,37
270,214,31,40
269,215,33,38
269,215,34,39
270,217,32,34
270,216,31,35
269,215,33,39
269,216,33,36
269,215,33,37
269,215,32,40
269,215,33,40
270,216,33,39
269,215,33,38
269,216,33,38
269,216,34,38
270,216,33,37
268,216,33,38
269,215,33,39
269,215,33,38
269,216,33,38
270,216,32,37
270,216,32,37
269,215,32,38
270,215,33,38
270,215,32,41
270,215,32,39
269,215,33,39
270,215,32,39
270,215,32,37
269,215,34,38
266,215,36,38
267,216,35,37
267,216,34,37
270,216,32,38
269,215,33,38
270,215,32,41
269,216,33,38
268,216,34,37
268,215,33,37
269,214,31,41
268,216,33,37
269,216,34,35
269,215,32,36
269,216,33,35
269,215,32,39
270,215,32,41
270,215,32,40
269,217,33,39
270,216,31,41
269,215,32,41
269,216,34,40
269,217,32,38
270,216,32,41
268,215,33,42
270,215,33,41
269,216,32,42
270,215,32,42
269,216,32,40
270,216,32,39
269,216,32,39
269,215,33,41
269,215,33,41
270,215,31,41
270,215,32,39
270,214,32,41
269,215,35,41
269,214,34,40
270,214,32,40
270,214,31,42
270,215,31,40
270,216,32,36
269,216,32,38
270,215,32,39
270,215,32,41
269,215,32,40
269,215,33,40
269,215,32,38
269,215,33,37
270,216,32,37
268,215,32,37
270,215,32,40
270,215,33,40
270,215,32,38
269,216,32,37
269,215,34,37
269,215,33,37
270,215,33,38
269,217,33,35
269,215,33,37
269,216,33,36
269,216,32,36
269,216,32,36
269,216,33,36
270,215,33,36
269,216,32,34
270,215,33,38
269,215,33,36
269,217,33,33
269,216,33,35
270,215,32,36
268,216,34,33
268,216,35,33
269,216,34,35
269,216,33,34
269,216,33,33
268,216,34,34
269,216,33,35
269,215,33,36
269,216,33,35
268,216,34,34
269,216,34,34
268,216,34,34
269,217,33,33
268,216,34,34
269,216,34,34
268,217,33,33
269,217,33,33
269,217,33,34
269,216,33,35
268,216,34,35
269,216,32,36
269,216,33,36
269,216,34,36
268,215,33,37
269,216,33,36
269,215,33,39
270,215,32,40
270,215,31,39
270,215,32,40
269,215,31,41
269,215,33,40
269,215,32,42
270,214,33,41
269,216,32,37
269,216,32,39
268,215,33,38
269,215,33,39
268,215,33,38
269,215,34,39
270,215,31,38
269,215,33,37
269,216,33,37
269,216,32,37
270,214,32,39
269,213,31,42
269,214,33,40
268,214,32,48
270,217,31,47
269,215,32,38
267,215,33,38
268,216,33,36
268,215,33,37
270,216,32,36
269,216,32,37
270,216,32,36
269,217,31,34
270,217,31,34
270,222,30,30
272,227,27,26
272,227,27,26
272,227,27,26
272,227,27,26
272,227,27,26
272,227,27,26
272,227,27,26
270,213,29,19
270,214,31,16
271,214,30,17
270,214,31,18
271,214,30,17
274,214,27,15
270,216,31,14
271,215,31,15
273,216,27,14
270,216,30,17
271,214,30,19
270,215,31,21
269,217,33,17
269,216,33,18
269,216,32,19
270,216,31,18
269,216,32,17
270,216,31,16
270,216,31,16
270,216,31,16
270,216,31,16
270,216,31,16
270,215,32,21
270,219,30,24
269,218,32,22
269,217,32,25
269,217,29,31
269,218,31,31
269,218,29,32
269,221,23,29
270,222,25,29
268,219,30,31
269,222,30,29
268,220,33,33
269,221,32,33
269,221,31,32
269,221,29,32
269,222,30,32
268,221,29,33
269,218,28,29
269,217,32,32
269,219,34,32
269,216,33,35
269,217,34,36
269,217,34,36
268,218,33,37
269,218,33,37
269,217,34,38
269,217,33,36
269,217,32,35
270,216,32,37
269,216,34,37
269,218,33,36
270,218,32,35
268,217,33,39
270,217,32,39
270,215,31,40
270,216,32,39
269,215,32,41
269,217,33,38
269,217,33,38
269,216,34,39
269,216,33,39
269,218,33,37
269,216,33,39
269,215,33,40
269,215,33,40
269,216,32,38
269,215,31,41
269,215,32,40
270,216,32,39
269,216,32,39
269,216,32,40
269,216,33,41
269,216,34,40
270,215,31,41
270,216,32,40
270,215,31,40
270,216,31,39
271,216,31,39
269,215,33,41
270,217,32,39
271,216,32,41
270,216,31,41
270,215,33,41
269,216,32,40
271,216,31,40
269,215,31,42
270,215,32,41
270,215,32,42
269,216,31,40
269,216,32,41
270,215,32,40
270,216,31,40
270,216,32,40
269,216,31,40
270,216,32,41
269,215,32,41
270,215,31,42
270,216,31,38
270,215,31,38
269,215,32,37
269,215,31,32
269,216,32,32
269,216,33,33
269,216,32,35
270,216,32,40
269,215,34,40
269,216,33,39
269,216,32,39
269,215,33,40
270,216,33,39
269,215,33,40
270,216,33,39
270,216,32,39
270,215,33,40
269,216,34,39
269,216,33,39
270,215,32,40
269,216,32,40
270,216,32,40
270,215,32,41
270,214,33,42
270,216,31,38
270,215,32,41
270,216,32,39
270,215,32,41
270,215,31,40
270,216,30,41
269,215,32,42
270,215,31,41
271,215,31,41
270,215,31,42
270,215,30,41
270,215,29,40
270,215,29,39
270,216,28,42
270,216,28,41
270,217,28,40
273,225,25,33
266,216,31,38
270,223,29,36
270,223,29,36
270,223,29,36
270,223,29,36
270,223,29,36
270,223,29,36
270,223,29,36
270,223,29,36
270,223,29,36
270,223,29,36
270,223,29,36
270,223,29,36
270,223,29,36
270,223,29,36
270,223,29,36
270,223,29,36
270,223,29,36
270,223,29,36
270,223,29,36
270,223,29,36
270,223,29,36
267,214,26,33
269,215,26,34
269,216,23,34
270,215,29,35
270,215,28,40
269,215,30,42
269,215,32,42
270,215,32,42
269,216,32,41
270,216,31,41
269,214,32,43
270,214,32,43
270,215,32,41
269,214,32,43
269,216,32,41
269,215,33,43
269,214,32,44
269,216,33,40
270,215,32,42
269,214,31,43
268,215,33,42
269,214,34,43
269,216,34,40
269,216,32,41
270,215,33,43
269,216,33,42
269,216,32,41
269,214,31,43
270,214,32,43
269,216,32,41
269,214,31,44
269,215,32,43
270,215,31,43
268,216,33,42
269,215,33,43
270,215,31,43
269,215,33,43
268,216,33,42
268,214,33,43
269,215,32,43
269,215,32,42
269,216,31,42
270,215,32,41
270,215,32,42
269,217,32,40
270,216,32,42
270,215,32,43
268,215,33,43
269,214,33,45
269,214,34,45
268,215,32,44
270,215,33,43
269,215,33,43
269,215,34,43
269,216,33,38
268,215,34,34
268,216,34,29
268,214,34,28
269,215,32,25
268,214,37,24
269,216,42,29
266,215,43,38
266,215,43,38
266,215,43,38
266,215,43,38
270,221,32,37
273,217,28,41
273,215,26,42
273,215,26,42
273,215,26,42
273,215,26,42
273,215,26,42
273,215,26,42
269,216,23,44
270,214,30,45
270,215,33,41
269,215,31,42
270,216,32,41
268,215,33,41
270,215,32,42
270,216,30,41
269,214,33,43
270,214,32,42
269,214,31,43
270,215,31,43
269,216,30,41
270,214,31,43
269,214,31,44
270,215,31,42
270,216,32,40
269,214,33,43
269,216,31,41
270,216,32,41
270,214,31,44
269,214,31,44
270,215,32,42
270,216,31,41
270,215,32,42
270,215,32,42
269,216,33,42
268,216,32,39
269,216,32,37
270,215,33,37
270,215,31,36
269,215,33,36
269,215,33,33
269,215,31,32
269,215,32,30
269,215,32,31
269,215,32,29
269,215,33,29
269,214,31,30
269,215,33,28
269,216,33,30
269,216,32,33
269,216,33,42
270,214,33,43
270,214,31,44
270,214,32,43
269,215,31,42
268,215,33,43
269,214,32,43
270,214,31,43
270,215,31,43
270,214,33,43
269,215,33,42
271,215,32,42
270,214,31,43
270,214,33,43
269,215,31,42
269,214,32,43
270,214,31,44
270,215,33,43
269,214,33,43
270,214,32,43
270,215,31,42
269,214,33,43
270,215,32,41
269,214,32,42
271,214,32,42
269,214,33,42
269,214,33,42
270,215,32,42
270,216,32,40
270,215,33,41
269,215,32,42
270,216,33,41
270,215,33,42
269,214,34,43
268,215,34,41
270,214,32,42
269,215,33,41
270,214,32,43
270,215,32,41
269,215,33,41
269,218,34,38
269,216,34,40
270,217,32,39
270,216,33,40
270,215,32,42
270,217,31,39
270,215,33,41
270,215,32,42
270,216,33,40
270,216,33,40
270,215,33,41
270,215,32,42
270,217,32,39
270,215,32,42
269,216,34,40
269,216,33,40
269,215,33,41
269,213,33,44
269,215,33,42
269,215,34,43
270,215,33,42
270,217,33,40
269,215,32,43
270,213,33,44
269,215,33,42
269,216,32,42
269,216,33,42
269,215,32,43
270,215,31,42
269,214,32,43
270,214,31,42
270,215,31,36
269,216,31,29
269,215,32,29
269,214,29,31
268,215,27,36
268,215,27,36
268,215,27,36
268,215,27,36
268,215,27,36
268,215,27,36
214,220,26,30
213,220,26,23
212,219,26,24
212,219,26,24
269,225,24,31
271,225,29,29
269,221,31,34
270,218,31,38
269,216,32,41
270,214,31,44
269,216,32,43
270,215,33,43
270,215,32,44
269,215,33,42
270,215,33,43
270,214,32,46
268,213,34,47
269,214,33,45
268,214,35,41
267,213,36,45
268,212,34,49
268,213,35,48
268,213,35,48
268,214,35,47
267,214,35,47
269,214,33,45
269,215,32,42
269,214,32,44
269,214,32,43
269,215,33,43
270,215,32,43
269,215,32,43
269,214,32,44
270,214,31,44
271,220,30,39
271,223,30,37
271,226,30,34
273,230,29,28
272,231,29,27
272,232,29,27
271,232,29,25
272,231,28,26
271,228,29,29
270,225,31,31
270,221,31,36
271,218,29,39
270,214,30,43
269,214,33,44
269,215,32,44
270,214,32,45
269,214,31,45
270,214,32,44
269,214,33,44
268,213,34,45
269,215,31,44
271,214,33,43
269,214,32,44
270,214,32,44
270,213,31,45
270,214,32,43
271,215,31,43
270,215,31,42
271,213,31,46
270,212,31,50
270,213,31,46
270,214,32,47
270,215,31,46
271,215,32,46
270,216,31,45
270,215,31,45
270,215,32,44
269,215,33,43
269,215,32,41
269,215,32,41
270,215,31,42
269,215,32,42
270,216,30,42
269,215,32,43
269,215,33,42
270,214,32,43
269,216,32,42
270,215,31,43
269,214,33,43
270,217,31,40
269,215,32,43
270,214,31,43
270,215,30,43
270,214,31,43
270,215,30,43
269,214,33,44
269,216,31,42
270,216,32,42
270,214,32,44
270,215,30,43
270,214,31,43
270,215,32,42
269,214,32,44
269,215,31,43
271,214,30,45
270,214,31,46
270,214,31,43
269,215,32,44
269,216,31,41
270,215,32,42
269,215,31,42
269,215,32,43
270,215,31,43
270,215,31,43
269,215,32,42
269,214,32,43
269,214,33,44
270,214,31,43
269,214,32,43
270,216,32,41
271,214,31,44
271,213,30,46
270,213,31,46
270,213,30,45
270,216,29,42
271,215,30,43
271,218,30,40
271,215,30,42
271,215,31,43
270,215,29,44
271,214,31,44
270,215,31,44
270,214,31,43
270,215,31,42
271,214,31,43
270,215,31,44
270,214,31,43
270,214,31,44
271,215,31,44
269,215,33,43
271,214,31,44
271,215,31,43
269,214,31,45
271,214,32,44
270,215,31,43
271,215,31,42
269,215,32,43
270,214,31,44
269,214,32,44
269,213,33,43
270,214,32,44
271,213,30,44
269,214,30,45
270,215,32,42
