341,162,29,86
336,160,33,91
332,156,34,89
334,151,34,92
329,147,36,92
330,147,34,85
328,152,33,77
326,151,34,76
318,141,37,82
309,146,42,73
301,134,46,83
292,129,44,87
291,127,41,87
337,165,36,82
340,175,36,74
340,186,36,64
280,139,41,68
281,133,45,81
325,169,51,78
330,184,46,66
330,179,46,64
333,191,43,52
336,189,41,51
341,181,34,59
296,155,47,58
317,171,51,51
333,193,44,47
330,176,43,53
331,172,40,54
340,179,37,59
343,177,35,61
344,177,28,59
341,170,34,69
339,165,34,74
340,162,34,81
344,154,31,91
345,150,32,91
345,171,36,85
342,174,42,76
342,174,48,76
338,156,53,91
334,152,67,92
329,141,86,89
328,144,86,79
331,140,79,84
339,128,64,89
328,142,57,86
336,135,43,90
329,125,45,90
333,159,46,82
342,156,41,84
345,153,38,92
340,143,42,105
337,138,44,114
325,132,52,118
311,126,61,126
300,122,74,113
304,110,70,106
304,119,73,91
302,122,75,72
323,151,70,78
314,139,63,95
307,133,71,112
312,133,66,114
303,134,77,112
297,133,81,102
298,131,80,106
299,137,77,101
306,142,69,90
311,146,65,81
314,151,58,91
315,154,56,88
326,156,41,85
323,154,33,81
337,163,30,79
328,167,39,75
345,180,32,64
348,189,24,51
347,191,28,46
348,192,26,40
350,192,24,40
350,192,24,41
352,193,24,37
351,193,24,41
347,194,28,44
350,194,25,45
348,195,27,44
348,194,26,40
353,195,24,42
350,196,24,40
350,196,24,40
340,202,27,41
347,201,27,41
349,202,27,38
348,200,28,41
350,200,27,40
347,212,26,36
348,206,28,35
346,207,31,35
347,214,28,30
343,216,25,30
346,217,24,34
343,213,22,33
347,217,19,30
350,217,15,31
350,217,15,31
350,217,15,31
350,217,15,31
350,217,15,31
350,217,15,31
350,217,15,31
350,217,15,31
350,217,15,31
350,217,15,31
350,217,15,31
350,217,15,31
350,217,15,31
350,217,15,31
350,217,15,31
350,217,15,31
350,217,15,31
348,213,12,27
348,213,11,25
346,214,14,22
347,214,14,21
347,215,12,18
347,215,13,18
347,216,14,19
344,218,13,21
347,218,12,22
348,217,14,20
347,219,12,21
347,219,12,21
347,219,12,21
347,219,12,21
347,219,13,22
347,220,13,20
346,222,16,17
346,222,16,17
345,224,17,15
344,224,19,15
344,223,18,16
344,223,18,16
345,222,17,16
344,224,18,14
346,225,19,13
345,228,21,13
343,227,23,15
343,227,23,15
343,227,23,15
343,227,23,15
343,227,23,15
343,227,23,15
343,227,23,15
343,227,23,15
343,227,23,15
343,227,23,15
343,227,23,15
343,227,23,15
343,227,23,15
343,227,23,15
343,227,23,15
343,227,23,15
343,227,23,15
343,227,23,15
343,227,23,15
343,227,23,15
343,227,23,15
343,227,23,15
343,227,23,15
342,221,24,16
342,220,24,14
342,218,28,15
343,218,27,14
343,218,27,17
345,215,28,18
341,215,28,24
341,212,34,28
345,211,32,25
346,210,31,24
347,210,30,22
343,209,34,24
343,208,34,23
343,209,32,20
337,214,33,24
339,209,35,27
339,209,35,27
346,209,37,30
346,209,37,30
346,209,37,30
346,209,37,30
346,209,37,30
346,209,37,30
346,209,37,30
346,209,37,30
346,209,37,30
346,209,37,30
346,209,37,30
346,209,37,30
346,209,37,30
346,209,37,30
346,209,37,30
346,209,37,30
346,209,37,30
346,209,37,30
346,209,37,30
346,209,37,30
346,209,37,30
346,209,37,30
346,209,37,30
346,209,37,30
346,209,37,30
346,209,37,30
345,210,35,29
344,215,29,28
342,216,26,26
346,211,22,29
346,210,19,29
347,210,15,29
346,211,15,29
345,215,18,26
343,219,22,25
346,218,21,22
344,222,23,19
344,216,24,24
344,213,24,27
347,210,24,29
345,211,25,29
345,211,26,28
344,211,24,29
345,210,26,32
346,209,24,31
346,209,25,30
345,210,24,31
346,208,26,33
346,204,29,35
346,206,29,34
345,210,29,31
345,210,25,30
346,208,27,32
346,210,23,30
345,208,26,32
344,208,24,32
346,202,27,34
345,201,29,36
346,198,30,40
343,199,32,40
343,192,31,48
342,181,31,54
344,188,30,53
344,191,30,52
344,191,29,50
344,192,30,48
346,191,30,47
346,196,29,46
346,199,29,43
349,201,23,38
349,205,23,34
351,210,20,29
355,212,17,29
355,212,17,29
355,212,17,29
355,212,17,29
355,212,17,29
363,186,15,28
363,186,15,28
363,186,15,28
363,186,15,28
363,186,15,28
363,186,15,28
363,186,15,28
363,186,15,28
363,186,15,28
363,186,15,28
363,186,15,28
363,186,15,28
363,186,15,28
363,186,15,28
363,186,15,28
363,186,15,28
363,186,15,28
363,186,15,28
363,186,15,28
363,186,15,28
363,186,15,28
363,186,15,28
363,186,15,28
363,186,15,28
363,186,15,28
363,186,15,28
363,186,15,28
363,186,15,28
363,186,15,28
363,186,15,28
363,186,15,28
363,186,15,28
363,186,15,28
363,186,15,28
363,186,15,28
363,186,15,28
363,186,15,28
363,186,15,28
363,186,15,28
363,186,15,28
363,186,15,28
363,186,15,28
363,186,15,28
363,186,15,28
363,186,15,28
363,186,15,28
363,186,15,28
363,186,15,28
363,186,15,28
363,186,15,28
363,186,15,28
363,186,15,28
363,186,15,28
363,186,15,28
363,186,15,28
363,186,15,28
363,186,15,28
360,201,16,33
359,201,17,36
356,201,19,37
354,198,21,41
354,195,21,44
352,193,23,45
352,193,23,44
349,193,24,45
348,193,27,43
350,194,24,45
349,193,26,44
349,191,25,47
347,192,26,47
347,199,20,43
347,192,19,45
349,201,14,39
348,204,19,36
348,206,18,33
348,205,17,34
348,202,15,34
349,200,17,37
347,194,20,41
349,192,22,44
349,191,24,45
346,192,29,46
347,192,29,42
346,193,28,42
346,192,26,44
347,191,20,43
348,196,17,42
348,196,13,42
350,196,14,42
349,199,16,40
349,197,17,41
349,197,19,41
351,199,20,41
348,200,18,41
348,201,21,37
348,202,24,32
348,202,24,31
347,202,26,30
346,201,28,32
347,200,26,32
346,199,28,31
346,200,28,31
345,198,30,32
345,196,28,35
347,196,25,42
344,193,27,46
346,196,26,45
347,201,24,39
348,201,23,33
347,200,25,31
347,203,23,30
347,205,22,26
347,204,18,29
346,206,21,30
347,206,21,34
347,205,18,35
347,207,16,33
347,206,15,31
349,205,17,32
348,206,18,35
347,209,19,31
347,206,15,29
347,208,13,26
346,208,16,28
347,208,14,27
346,208,18,30
348,207,16,28
346,209,17,26
347,208,16,30
348,206,19,32
348,206,20,34
347,206,27,36
345,199,29,40
348,205,24,37
348,206,20,32
347,207,20,33
347,207,20,33
347,206,23,31
348,203,22,36
347,205,23,35
347,203,25,36
347,201,25,38
347,202,24,39
347,201,23,40
347,201,23,40
348,198,23,46
344,193,26,49
344,194,28,47
345,194,27,49
345,193,26,48
344,191,26,51
343,193,29,51
343,191,29,54
345,190,27,56
346,190,27,57
345,192,26,50
345,194,27,48
345,192,26,50
345,192,29,52
345,193,27,50
346,197,24,49
346,193,23,50
345,189,25,55
344,190,24,54
344,187,25,58
344,192,30,59
343,191,31,61
344,193,29,54
343,192,27,55
344,190,28,56
343,191,30,58
343,191,30,57
345,196,27,53
346,197,26,47
347,203,25,39
347,206,25,36
347,208,24,32
347,207,23,37
348,203,22,39
347,205,21,36
347,206,22,37
347,207,21,35
347,206,19,35
347,207,18,34
347,208,18,33
347,210,19,30
347,207,16,31
347,206,16,28
347,207,16,28
348,207,16,26
348,206,15,27
348,206,15,27
348,207,18,28
347,208,20,32
347,209,18,30
347,209,18,31
347,208,19,32
348,208,19,33
347,208,20,31
347,208,18,31
347,208,19,32
347,207,21,33
347,208,22,33
348,207,19,33
348,206,21,35
347,207,22,33
347,208,20,35
348,208,21,34
347,206,24,35
347,206,23,34
348,207,21,35
347,206,22,36
348,206,22,35
347,206,20,32
347,209,18,30
347,209,17,32
348,209,19,33
347,209,18,31
347,206,21,32
347,206,20,33
347,207,19,34
347,206,22,35
347,206,21,36
348,207,21,34
348,207,23,32
348,205,23,35
348,205,23,35
348,206,21,33
348,207,22,33
348,209,20,30
347,209,19,30
348,207,18,32
348,206,21,33
347,209,18,32
348,209,19,32
347,207,20,34
348,206,20,35
347,208,18,32
348,208,18,33
347,208,19,32
348,205,22,34
348,206,20,36
347,207,18,33
348,207,19,32
347,209,17,29
348,209,18,31
348,209,18,31
347,207,17,31
347,208,17,30
347,209,17,29
347,208,17,28
347,208,18,29
347,207,18,30
348,208,18,30
347,208,19,30
348,208,18,32
347,207,19,33
347,208,16,31
348,207,18,32
347,208,19,31
347,208,19,33
347,208,19,32
348,207,18,33
349,206,21,34
348,205,22,35
348,203,25,39
346,198,24,44
345,195,25,46
343,193,29,49
344,191,24,54
345,193,22,56
346,195,26,51
346,194,24,50
346,194,24,46
346,195,24,48
346,193,25,51
344,192,24,49
347,196,26,47
343,193,28,49
344,193,28,53
345,197,23,46
345,193,25,51
345,194,23,48
345,194,25,47
344,192,26,51
345,196,26,46
345,193,26,50
345,194,26,51
346,195,24,47
346,193,22,48
345,192,22,51
346,191,19,52
347,199,20,47
347,195,20,48
346,192,21,52
346,193,19,47
346,201,20,47
346,199,21,44
348,203,19,41
348,206,18,37
348,207,18,34
347,208,17,34
347,209,18,31
347,209,18,33
348,208,17,33
349,207,18,36
347,206,18,35
348,208,14,33
348,208,14,30
347,207,16,31
347,209,17,31
347,209,18,30
347,208,18,32
348,210,17,30
347,211,17,29
347,206,15,30
347,206,15,33
347,206,17,33
347,207,14,32
349,208,16,31
347,208,16,31
347,207,15,31
347,207,14,32
347,208,13,31
347,207,14,32
348,205,16,36
347,204,17,38
347,203,16,38
347,203,15,37
347,199,17,41
346,196,17,44
347,201,16,41
346,201,17,39
347,203,17,36
346,203,19,38
346,203,17,37
346,204,16,37
346,203,19,36
346,204,17,34
346,206,14,36
347,206,14,34
346,207,18,32
347,207,18,32
348,208,19,31
347,210,21,31
347,211,20,30
347,212,19,29
344,215,22,26
347,217,19,22
348,214,15,25
347,215,19,23
348,215,18,24
347,214,20,23
347,213,17,26
347,213,11,26
347,213,13,26
347,214,12,24
346,215,14,24
345,216,16,24
345,219,15,21
348,223,18,18
349,226,17,18
349,227,15,19
350,227,16,19
349,228,16,18
349,228,16,18
349,228,16,18
349,228,16,18
349,228,16,18
349,228,16,18
348,208,16,20
347,210,15,21
347,208,16,23
347,207,16,27
348,206,17,29
346,204,20,33
347,199,27,36
346,194,28,41
345,192,28,46
345,193,28,46
346,193,27,47
344,193,30,46
346,194,29,45
344,194,29,44
345,194,28,45
346,194,27,46
346,194,27,45
348,194,27,45
345,193,28,47
346,194,27,45
346,194,28,47
346,194,29,45
345,194,28,45
346,194,27,44
348,196,26,45
345,196,27,43
347,198,26,41
348,197,26,42
347,194,27,45
345,192,28,47
346,194,27,44
347,194,27,44
348,193,26,42
347,193,28,38
350,193,28,33
351,193,24,31
349,192,25,29
349,192,25,29
349,192,25,29
349,192,25,29
349,192,25,29
349,192,25,29
311,210,22,30
346,222,22,29
342,221,25,23
344,219,23,22
346,217,21,22
346,218,20,22
346,218,15,20
347,219,12,20
347,219,11,20
345,219,14,20
348,220,11,19
347,219,12,20
347,220,12,20
347,220,12,20
347,220,12,19
346,218,13,21
347,218,11,20
348,219,10,18
348,221,12,17
347,220,11,18
348,219,11,19
348,219,10,19
348,220,11,19
348,219,11,20
348,218,10,20
348,218,11,19
346,218,12,21
348,217,11,22
347,217,12,23
347,216,14,24
347,215,16,24
347,214,13,25
347,214,12,26
347,210,12,28
348,210,13,28
347,210,13,29
348,211,13,28
347,213,14,25
348,214,11,25
348,211,13,26
347,214,12,23
347,215,15,22
346,213,15,20
346,214,17,20
347,214,19,19
346,213,17,21
347,214,16,19
346,214,15,20
346,215,17,20
347,216,13,16
347,215,13,17
347,216,11,18
348,216,10,16
348,217,9,15
348,216,10,17
348,217,9,16
348,217,8,16
347,217,10,16
347,217,11,17
347,213,14,18
347,212,16,19
347,213,15,20
347,213,14,19
348,214,15,19
348,214,13,17
348,213,14,19
348,214,14,18
347,215,13,17
348,215,14,17
348,216,15,19
348,216,18,22
348,220,19,20
349,221,17,19
349,221,17,19
349,221,17,19
385,180,19,16
349,213,17,19
346,212,18,21
348,210,19,24
348,205,21,27
347,204,22,29
346,206,23,32
346,203,27,33
348,197,26,39
347,193,27,41
347,192,28,45
347,192,29,47
346,193,28,43
345,192,29,43
346,193,22,46
347,193,19,46
347,203,15,37
348,205,16,35
348,206,13,33
348,209,11,30
347,210,11,29
348,213,12,27
348,215,12,23
348,213,12,21
348,215,12,20
347,216,13,23
348,210,13,22
349,216,10,20
347,216,12,23
347,211,15,26
347,211,15,26
345,218,18,23
347,217,17,22
347,211,21,26
348,208,20,29
348,205,25,33
347,203,28,36
347,202,29,37
348,203,28,36
348,207,27,33
348,206,27,31
345,204,24,35
347,200,28,33
346,198,29,37
348,198,28,38
347,199,27,37
346,201,28,36
348,203,24,35
346,205,25,33
348,207,24,31
347,208,25,30
345,211,18,30
344,211,17,33
347,213,17,27
347,213,13,24
347,214,14,25
345,216,15,24
347,217,13,23
350,225,16,22
349,227,15,19
349,227,16,16
349,225,17,15
349,225,17,15
349,224,18,16
348,223,18,16
348,221,17,18
348,220,14,18
347,220,13,19
347,218,13,21
347,218,11,21
348,217,11,22
347,218,12,21
347,219,11,20
347,219,12,21
347,219,11,20
347,218,14,22
347,218,13,21
347,218,12,22
347,218,13,21
347,218,11,21
347,218,11,22
348,216,10,22
348,216,11,22
347,214,12,25
347,213,12,26
346,214,15,24
347,212,14,26
347,211,14,27
346,210,16,29
345,210,20,30
344,210,23,32
344,208,26,33
347,208,21,33
345,208,22,36
345,208,24,33
346,209,21,32
344,210,22,32
343,211,20,33
346,210,19,31
345,210,19,31
347,209,19,31
347,209,20,33
347,209,24,31
346,208,24,31
347,208,25,32
347,207,24,33
347,206,24,33
348,206,21,33
348,207,23,32
348,207,25,31
347,208,26,31
346,209,24,33
346,209,23,32
348,207,23,33
346,207,23,35
347,207,21,34
347,208,20,33
346,211,19,30
345,212,17,30
345,214,13,27
347,215,13,25
347,216,13,23
347,217,11,21
347,216,11,23
347,215,12,24
347,215,11,24
348,214,11,24
347,213,12,25
346,213,16,25
346,212,15,28
346,209,18,30
347,205,24,33
348,204,26,35
347,203,26,34
347,201,27,32
346,200,29,34
346,200,27,35
348,199,26,36
347,200,27,36
348,200,27,35
348,200,27,36
347,201,28,37
347,202,28,38
346,202,29,34
347,203,28,34
347,204,28,36
347,205,28,35
348,205,27,33
348,205,25,34
348,203,27,35
347,202,28,36
348,200,27,36
347,200,28,34
347,197,28,38
347,198,29,38
346,199,31,39
346,200,32,39
346,201,30,38
345,199,33,40
348,201,28,37
347,201,30,38
347,199,29,39
347,197,27,41
346,194,28,44
346,192,28,45
346,192,28,45
346,192,28,46
346,191,28,47
345,191,29,47
346,191,28,48
346,191,28,46
344,191,30,48
345,191,30,48
346,191,28,45
346,191,27,46
347,191,27,48
345,192,29,48
345,190,30,49
346,190,29,49
345,191,30,48
345,191,30,48
345,191,30,48
347,191,27,45
346,190,28,47
347,191,27,45
348,190,27,46
345,192,30,41
347,191,28,46
345,191,29,46
346,191,28,44
346,192,28,42
346,191,27,45
346,192,28,40
344,191,29,45
345,192,29,45
345,191,28,46
345,192,29,46
345,192,28,43
345,192,28,46
345,191,28,47
343,192,30,46
345,192,29,46
347,192,28,47
345,191,28,47
345,192,28,44
345,192,29,45
345,192,29,46
345,192,29,44
345,192,29,45
346,191,27,47
345,193,29,45
345,193,29,43
342,192,32,45
346,192,30,46
345,193,28,45
346,192,28,43
346,192,29,45
346,194,29,42
348,193,27,44
347,194,28,43
349,200,26,37
348,201,27,36
348,202,28,36
347,203,28,34
348,206,26,33
348,211,23,28
347,214,20,25
348,214,19,26
348,214,18,25
347,216,17,24
349,215,16,26
348,216,17,24
348,215,18,24
347,216,17,23
347,216,15,23
347,217,13,23
347,217,14,22
347,218,11,21
347,220,11,20
347,220,10,19
347,220,11,19
348,219,11,20
348,219,10,20
348,219,11,20
347,218,10,21
348,218,10,21
347,218,12,21
348,218,11,21
347,218,12,21
347,218,11,21
347,218,11,21
347,218,11,21
348,218,10,20
347,217,12,21
347,215,14,24
347,216,13,23
347,216,16,23
348,216,14,23
348,218,15,22
347,219,14,20
348,221,11,19
348,223,10,17
349,223,11,17
349,226,9,15
348,226,11,14
349,226,10,15
349,225,12,14
352,226,15,14
349,225,18,13
347,225,22,14
346,223,22,18
348,221,25,20
344,218,22,22
344,214,15,25
345,212,16,28
348,211,14,28
347,213,12,26
346,212,14,28
346,213,12,27
348,213,10,26
347,214,11,25
348,214,10,25
348,215,9,24
348,215,10,24
347,212,14,27
347,212,16,28
347,211,18,29
347,211,19,29
348,212,17,28
348,212,19,28
347,212,19,28
348,210,19,30
348,210,21,29
347,209,21,30
348,209,23,30
347,209,26,28
347,209,24,31
348,209,22,33
347,210,25,27
347,210,21,30
348,209,22,32
347,209,22,32
348,208,24,31
348,208,24,33
347,208,23,32
348,208,23,32
348,209,22,31
348,210,20,34
349,211,19,29
348,209,23,28
347,209,24,29
347,208,24,30
347,207,24,31
347,208,23,30
349,207,23,33
348,208,23,31
348,208,21,34
348,207,25,33
347,207,26,30
347,207,25,31
347,207,25,32
348,206,24,34
349,205,24,34
348,206,24,33
347,206,26,32
347,206,26,32
347,206,26,34
347,206,26,34
347,206,26,32
347,205,25,34
347,206,25,32
346,207,25,34
347,207,23,32
345,207,25,35
348,207,23,32
348,208,23,33
347,207,24,32
347,207,25,33
347,205,26,34
348,203,26,37
347,202,28,38
347,202,29,34
347,203,27,35
346,201,30,37
347,200,27,39
347,199,27,41
347,197,29,42
346,197,27,42
347,195,27,44
344,194,29,45
347,194,24,46
347,193,24,45
344,192,29,49
347,192,28,48
344,193,30,47
344,193,29,47
345,192,30,47
344,192,29,49
345,192,29,47
345,193,28,46
345,202,24,41
345,202,24,41
345,202,24,41
344,192,29,46
348,192,27,48
346,191,27,48
346,192,27,46
346,192,27,47
346,192,26,46
345,192,27,47
348,191,28,48
346,191,27,49
348,192,26,47
348,191,28,50
346,193,28,47
347,194,26,44
347,192,26,47
346,192,26,48
348,191,25,48
347,191,26,48
345,192,28,46
344,191,30,48
346,190,27,49
346,192,26,47
346,191,25,47
347,192,28,48
346,191,27,48
344,192,31,47
345,192,29,48
345,192,29,48
346,192,28,47
344,192,28,46
345,191,28,46
345,192,30,46
345,190,28,48
345,192,28,48
345,192,29,47
345,192,28,46
348,191,26,46
344,192,30,46
346,192,29,47
345,191,28,49
345,191,27,47
348,191,26,47
347,192,28,47
347,192,27,46
346,192,28,47
346,191,27,48
346,192,27,47
345,192,27,48
348,192,27,47
346,193,28,47
346,193,27,46
346,192,27,47
348,193,26,46
347,193,27,45
345,192,27,47
346,193,27,46
347,191,26,48
346,192,28,47
347,192,26,46
346,193,28,46
347,192,27,47
346,192,28,46
346,193,27,46
345,191,29,48
345,192,29,47
345,192,28,47
347,191,28,48
346,192,27,45
344,192,29,46
346,192,30,46
346,193,30,47
347,191,27,47
345,192,27,46
346,191,26,47
347,193,29,47
344,193,30,44
344,192,30,47
344,191,30,47
345,191,29,48
345,191,29,49
345,192,28,46
345,193,28,46
344,191,27,47
345,192,29,47
345,192,28,48
346,192,27,47
346,192,26,44
346,192,26,44
347,192,27,46
345,192,28,48
346,193,27,45
347,193,28,44
344,192,29,46
345,192,28,46
347,192,28,47
345,191,29,47
345,192,29,46
344,192,30,46
345,192,29,48
346,193,28,46
346,193,28,45
346,192,27,46
346,193,28,46
346,193,28,46
347,193,26,45
346,193,28,44
347,193,29,47
345,192,29,47
344,193,30,45
345,192,28,46
345,192,28,47
345,192,28,47
346,191,28,47
345,191,28,47
347,192,28,48
346,192,28,46
348,192,26,40
350,191,25,33
350,191,25,33
350,191,25,33
350,191,25,33
346,212,21,31
346,207,20,32
347,202,19,34
348,199,25,35
346,192,27,40
346,191,27,48
345,191,28,47
345,191,29,46
345,191,27,48
346,192,27,45
346,191,27,45
345,191,29,47
346,192,27,48
344,192,30,48
344,192,28,48
345,193,30,46
345,192,28,47
344,192,30,48
345,193,29,46
344,193,30,45
346,194,27,45
346,195,28,44
346,196,28,43
348,194,25,45
347,194,26,44
348,191,25,47
348,190,26,50
348,192,26,48
348,195,27,44
347,198,29,43
347,198,29,40
348,197,29,42
348,194,29,45
347,191,27,48
351,192,25,48
348,196,26,44
348,199,29,40
346,201,29,38
348,199,30,40
347,198,29,40
349,198,28,41
346,200,29,40
350,201,27,38
348,201,26,38
347,200,29,39
347,199,28,40
346,198,29,40
347,197,29,42
347,199,28,40
348,200,28,38
347,201,29,38
348,199,30,38
348,197,27,41
349,195,28,44
348,193,28,45
347,197,27,43
348,199,27,39
347,198,28,40
347,198,28,40
347,196,27,43
347,193,29,46
348,191,29,46
347,192,31,45
347,193,29,45
346,193,29,46
347,196,29,43
346,197,30,37
347,201,29,36
346,202,29,35
347,203,28,34
347,207,26,32
347,209,25,32
344,214,23,28
344,206,22,35
345,199,20,38
353,200,21,38
350,198,25,36
348,194,27,39
347,192,26,40
344,192,31,48
345,191,29,47
346,191,29,47
346,192,28,45
347,192,28,44
346,192,29,43
346,191,29,44
345,191,29,44
344,191,30,46
346,190,28,47
345,191,30,46
346,192,28,44
346,191,28,44
347,191,28,46
346,191,27,46
346,191,27,48
346,192,28,44
347,191,28,45
346,191,27,46
346,191,28,47
346,192,28,44
346,192,29,44
345,191,29,46
345,192,29,45
345,192,30,44
345,191,29,46
347,191,28,48
346,192,29,44
346,191,28,43
348,191,26,45
346,191,28,44
346,191,28,48
348,192,26,46
347,192,27,44
350,193,24,43
347,196,29,42
348,200,29,38
346,203,30,31
346,199,30,33
347,202,26,34
347,205,23,33
347,207,26,27
347,206,25,27
348,204,24,30
347,205,23,31
348,204,23,30
346,201,25,32
346,198,23,38
346,195,21,43
347,193,17,45
347,192,17,45
348,189,18,51
346,192,22,48
347,190,20,50
348,194,16,45
348,201,14,42
347,209,18,37
347,207,14,32
348,213,14,31
347,212,17,28
347,207,20,29
347,207,20,29
347,207,20,29
347,207,20,29
347,207,20,29
345,209,23,28
343,202,26,28
346,204,24,30
345,204,22,34
347,205,17,34
348,206,18,32
348,207,20,32
346,207,22,33
344,209,23,31
345,212,22,29
347,214,20,26
347,215,19,24
347,216,19,23
349,215,18,24
348,217,18,22
348,218,17,21
348,218,14,20
348,221,12,18
349,223,10,16
347,223,11,16
349,225,9,15
349,224,10,15
349,225,10,14
350,224,13,14
350,225,16,14
349,225,17,14
349,225,16,14
349,225,17,14
349,226,17,14
349,226,18,14
349,226,17,13
348,226,17,13
350,226,17,13
349,225,17,14
349,225,17,14
349,225,17,14
349,225,18,14
350,225,17,14
350,225,17,14
349,225,17,14
350,225,16,14
350,226,17,14
350,225,17,14
350,225,17,14
349,225,17,14
351,226,17,13
351,225,15,14
350,226,17,14
351,226,16,14
350,226,16,13
350,226,17,13
350,227,16,13
350,227,17,13
351,226,16,13
351,226,16,13
350,225,16,14
350,225,17,15
350,225,17,14
350,226,17,13
349,226,18,14
350,226,17,13
349,226,17,14
350,226,16,14
349,225,17,14
349,225,17,14
349,225,18,15
349,225,18,14
349,225,17,14
349,226,17,14
349,225,17,13
349,226,17,14
349,225,17,14
349,226,17,13
349,225,16,13
349,225,17,14
349,225,17,14
350,225,16,14
349,225,17,14
350,225,16,13
350,225,17,14
350,226,16,12
351,226,16,13
349,227,17,11
348,228,17,11
349,229,17,9
349,229,17,9
350,231,18,8
350,231,18,8
350,231,18,8
350,231,18,8
350,231,18,8
350,231,18,8
350,231,18,8
350,231,18,8
350,231,18,8
350,231,18,8
350,231,18,8
350,231,18,8
343,230,18,10
343,230,15,10
343,231,17,8
341,231,20,9
341,231,20,10
341,232,20,9
341,232,20,9
341,232,20,9
341,232,20,9
341,232,20,9
341,232,20,9
341,232,20,9
341,232,20,9
341,232,20,9
341,232,20,9
341,232,20,9
341,232,20,9
341,232,20,9
341,232,20,9
341,232,20,9
341,232,20,9
341,232,20,9
341,232,20,9
341,232,20,9
341,232,20,9
350,229,17,10
345,232,19,11
346,225,20,13
346,225,20,13
346,225,20,13
345,217,20,16
342,216,16,18
341,215,14,17
341,215,15,18
340,215,14,18
339,215,15,18
339,216,14,17
339,216,13,17
338,215,15,18
339,216,16,17
339,216,15,14
339,217,13,12
339,217,13,11
340,217,13,11
341,217,11,10
340,216,12,12
342,217,11,9
351,236,12,10
351,236,12,10
349,234,13,11
347,232,16,11
346,229,18,13
345,229,18,13
343,228,19,15
341,224,21,18
337,218,21,21
335,216,22,25
337,214,20,29
336,209,20,34
338,210,16,29
338,211,14,31
339,213,9,27
338,213,8,27
338,213,8,27
351,213,11,25
347,212,14,25
347,212,14,25
341,211,15,27
338,217,17,33
333,213,18,37
347,211,21,40
338,201,25,44
325,202,31,50
320,193,40,55
319,192,41,66
317,191,45,82
310,179,50,95
304,163,55,112
302,168,58,109
303,166,58,106
303,162,57,112
301,154,60,121
299,154,64,125
299,148,64,128
300,147,61,133
304,143,57,132
306,148,58,124
304,157,61,118
307,158,58,115
307,163,59,110
313,153,50,113
309,155,58,118
310,147,58,122
311,151,57,121
311,151,57,120
313,149,54,124
313,152,55,120
312,154,55,120
312,153,55,122
313,154,56,120
314,154,53,123
311,151,58,126
313,157,59,118
314,151,55,124
315,154,57,123
314,156,60,122
318,159,56,118
321,160,54,119
323,159,54,117
324,147,56,126
329,149,50,131
330,145,53,126
330,161,56,113
331,167,58,105
339,174,51,95
342,175,48,95
343,171,50,95
345,170,50,95
345,168,53,97
349,169,49,98
347,166,55,95
348,170,55,93
349,169,56,91
351,171,54,94
351,172,56,91
353,170,55,92
353,167,56,96
353,172,56,92
355,171,53,89
354,173,57,91
353,167,57,96
354,171,57,93
354,164,55,100
357,163,54,100
357,165,53,98
359,166,53,98
363,169,51,95
362,166,53,97
364,164,53,98
365,166,52,96
366,162,52,96
366,160,54,100
366,162,52,96
365,158,53,97
364,156,53,99
362,158,53,97
363,151,52,99
358,153,53,96
358,153,49,95
355,152,48,98
351,153,51,93
347,161,50,88
344,159,49,89
342,162,50,91
339,164,48,90
338,161,45,88
341,167,40,89
339,168,42,88
337,169,42,87
334,171,44,86
333,177,42,79
327,179,46,76
326,177,45,78
323,178,47,75
323,176,45,75
324,176,41,77
320,178,42,72
320,178,41,73
319,180,39,72
318,181,40,73
317,180,40,71
311,184,46,69
314,183,43,70
315,182,41,69
316,184,42,68
315,182,44,70
317,185,45,67
321,185,41,66
331,182,37,68
338,182,33,67
346,182,29,68
341,186,39,66
345,187,41,65
349,186,42,66
355,191,40,64
361,185,35,70
366,183,30,68
371,183,31,68
378,180,31,71
381,177,32,75
387,177,31,75
392,176,26,77
392,176,26,77
392,176,26,77
392,176,26,77
392,176,26,77
392,176,26,77
290,190,28,68
285,120,34,75
287,118,40,76
299,112,36,79
308,170,36,76
312,175,40,73
328,173,31,74
333,173,34,75
333,182,29,66
333,190,27,58
332,192,27,55
326,192,33,52
332,192,29,55
331,193,28,53
329,192,32,54
331,192,28,54
330,192,30,56
331,192,30,56
327,193,32,54
335,192,25,55
330,193,30,54
325,192,34,53
337,192,33,57
331,193,39,54
334,193,42,54
334,194,41,54
328,193,48,54
327,195,49,51
328,194,48,53
330,194,47,53
327,194,49,52
329,195,37,52
327,193,33,52
331,193,28,53
330,193,30,54
325,191,35,54
335,193,41,55
331,193,45,54
331,194,45,53
329,193,47,54
332,194,45,52
328,194,48,54
328,194,38,52
326,193,35,54
334,193,41,53
330,194,47,51
327,194,49,52
332,194,45,52
335,194,43,51
330,193,45,54
333,194,44,55
333,193,43,54
335,191,38,57
334,193,42,55
336,193,41,54
332,193,43,55
328,193,48,54
331,193,46,55
330,194,46,53
334,193,43,52
332,195,44,52
328,192,48,57
330,194,48,52
333,193,43,53
335,194,41,54
330,193,46,55
327,194,49,53
333,194,43,52
327,193,49,55
329,194,48,52
333,195,43,54
334,193,41,53
329,193,42,53
328,193,37,54
325,194,35,55
337,195,40,52
333,194,42,53
329,193,46,54
331,193,40,56
332,192,34,55
328,193,32,54
334,193,41,53
329,191,42,56
326,192,34,51
333,191,36,54
331,193,28,50
325,192,35,51
333,192,36,48
330,192,32,52
328,192,33,48
334,192,30,45
334,199,26,45
333,192,25,51
331,190,24,47
334,193,23,51
334,194,21,54
335,194,17,51
332,193,17,43
332,193,17,43
332,193,17,43
332,193,17,43
332,193,17,43
332,193,17,43
332,193,17,43
332,193,17,43
332,193,17,43
332,193,17,43
332,193,17,43
332,193,17,43
332,193,17,43
332,193,17,43
332,193,17,43
332,193,17,43
332,193,17,43
332,193,17,43
332,193,17,43
332,193,17,43
332,193,17,43
332,193,17,43
332,193,17,43
332,193,17,43
332,193,17,43
332,193,17,43
332,193,17,43
332,193,17,43
332,193,17,43
332,193,17,43
332,193,17,43
332,193,17,43
332,193,17,43
332,193,17,43
332,193,17,43
332,193,17,43
332,193,17,43
352,245,20,46
352,245,20,46
352,245,20,46
352,245,20,46
350,197,26,46
342,194,23,54
337,193,22,54
332,193,26,53
327,192,32,56
337,195,38,51
334,194,41,55
331,194,39,54
333,193,38,53
333,194,37,54
334,192,37,57
334,193,36,56
333,194,25,56
328,193,31,54
335,194,25,52
331,193,28,56
327,192,33,56
333,194,37,52
333,193,42,54
336,193,41,56
328,194,47,54
333,193,43,56
334,196,42,51
337,196,39,51
324,193,35,54
337,194,34,53
336,192,29,55
330,192,32,56
332,192,28,54
328,193,31,54
337,194,22,54
334,193,25,55
329,192,32,56
324,193,35,52
335,195,30,51
329,193,30,55
331,193,27,53
329,192,30,55
329,193,30,53
330,193,30,55
324,191,36,56
335,193,35,53
335,193,35,52
333,193,42,51
334,192,42,56
329,194,47,52
334,194,42,55
333,194,43,56
330,194,45,53
330,193,47,55
334,194,43,55
330,194,44,53
331,194,45,53
333,194,43,53
333,194,43,54
334,193,43,56
332,193,42,55
334,195,37,52
331,193,29,53
329,193,31,56
325,192,34,53
338,194,28,54
330,193,29,55
331,192,29,57
326,192,33,53
335,197,24,51
330,193,29,54
329,193,31,56
328,192,30,56
329,193,31,53
331,193,29,53
327,192,33,56
327,193,31,54
329,192,30,56
327,191,31,56
328,193,31,55
329,191,30,57
332,192,29,56
328,193,31,53
328,192,31,55
328,192,31,53
328,193,31,53
329,193,31,54
327,191,31,55
334,191,31,58
329,192,32,54
331,193,28,55
329,192,31,56
326,192,33,55
329,193,30,54
328,193,32,55
330,192,30,57
328,192,32,57
329,193,30,53
326,192,33,54
328,192,33,57
331,192,28,53
330,193,29,54
328,191,31,57
330,193,30,56
327,192,33,55
329,193,31,54
330,192,29,57
330,192,29,56
332,192,29,57
325,193,35,54
327,193,31,52
327,193,34,54
328,192,32,51
333,193,27,57
328,193,32,54
328,192,31,54
330,194,31,56
328,191,32,58
328,193,32,56
327,193,33,55
327,192,33,55
327,193,33,54
327,193,33,55
325,193,35,54
327,194,32,54
329,194,31,55
323,192,37,53
328,193,31,56
328,193,32,54
326,193,34,53
328,194,32,54
329,193,30,57
329,193,31,55
326,193,35,54
325,194,34,53
325,192,35,57
329,194,30,55
328,192,32,56
329,192,33,56
330,192,31,56
328,193,32,56
325,194,33,54
327,193,33,52
325,193,34,53
328,194,33,53
325,194,36,53
328,193,33,54
329,193,31,55
332,191,28,58
337,192,22,57
336,192,23,59
340,194,21,56
345,192,23,58
350,190,23,59
350,190,23,59
350,190,23,59
350,190,23,59
350,190,23,59
350,190,23,59
350,190,23,59
350,190,23,59
350,190,23,59
350,190,23,59
350,190,23,59
350,190,23,59
284,119,31,67
285,120,39,70
290,117,44,72
306,178,42,66
309,177,39,69
320,189,35,59
332,190,28,57
330,193,29,53
328,192,33,54
331,193,28,53
330,192,31,54
330,193,29,54
331,193,29,55
327,191,33,57
329,192,32,54
330,191,31,54
328,193,31,56
332,192,28,55
327,193,34,54
327,192,34,55
328,193,32,54
330,193,30,53
326,190,34,58
328,193,31,55
331,192,29,56
333,192,27,55
330,193,29,53
328,192,31,55
330,193,28,53
331,193,29,54
326,192,34,55
331,192,28,55
334,191,27,56
331,193,28,55
327,193,32,54
329,193,32,54
329,193,30,52
335,192,25,55
331,192,30,55
328,193,32,55
329,193,30,54
331,193,29,54
328,193,31,52
330,193,31,54
325,194,35,52
328,193,31,54
328,192,33,54
327,192,33,54
326,192,34,55
327,193,33,55
329,192,31,54
327,193,32,53
328,193,33,54
327,192,32,54
327,193,34,54
327,193,33,53
328,194,32,51
332,192,28,53
330,191,29,54
330,193,30,55
329,192,30,55
325,192,34,55
328,193,32,52
330,193,28,51
331,194,29,52
329,192,30,56
330,193,29,54
330,192,28,53
328,193,30,53
331,193,28,52
326,192,32,54
326,193,33,52
330,194,28,52
330,191,30,57
332,192,28,55
327,193,32,54
327,192,33,51
327,192,31,49
328,191,27,46
322,193,25,46
322,193,25,46
347,214,29,39
333,218,27,32
333,216,27,33
333,212,28,36
335,208,27,39
337,207,24,36
337,209,20,33
337,213,18,31
336,216,15,29
321,203,19,30
321,203,19,30
306,200,20,35
306,200,20,35
306,200,20,35
306,200,20,35
306,200,20,35
306,200,20,35
256,193,17,34
256,193,17,34
256,193,17,34
256,193,17,34
256,193,17,34
256,193,17,34
256,193,17,34
256,193,17,34
256,193,17,34
256,193,17,34
256,193,17,34
256,193,17,34
256,193,17,34
256,193,17,34
256,193,17,34
256,193,17,34
256,193,17,34
256,193,17,34
290,188,20,40
337,207,20,41
338,206,19,41
337,207,20,38
338,208,18,36
338,209,18,33
338,208,18,35
338,208,17,34
338,208,18,34
338,209,17,33
338,208,19,35
337,208,17,35
338,208,16,34
337,210,19,34
338,208,17,37
338,208,17,34
338,208,17,35
338,209,17,32
338,208,18,34
338,208,17,34
338,209,17,34
338,208,17,36
338,209,18,33
338,209,17,33
338,208,17,34
339,209,16,32
338,209,19,35
338,209,17,34
338,209,16,32
336,209,18,33
338,208,16,35
338,208,17,36
338,208,20,39
337,209,20,38
338,207,20,41
337,209,19,39
337,207,19,40
338,208,18,36
338,207,18,37
337,208,20,39
338,207,21,41
337,207,21,41
337,208,20,39
337,208,19,39
339,207,18,39
338,208,18,38
338,209,18,37
338,209,18,37
338,208,19,39
338,207,21,40
337,207,20,39
338,209,17,35
338,208,17,36
337,207,20,41
338,207,20,41
337,209,21,40
338,207,21,41
337,206,21,43
338,208,20,40
338,208,20,40
338,209,19,38
337,208,21,39
337,208,20,41
337,208,21,41
338,209,20,39
337,207,21,40
338,208,17,34
338,210,20,35
337,209,19,36
338,210,20,35
338,209,20,38
338,207,19,41
338,207,18,41
338,207,19,41
337,208,20,41
337,207,21,41
338,207,20,42
337,208,20,41
338,208,22,42
337,208,22,42
337,208,21,41
338,208,23,39
337,207,21,42
337,207,21,42
337,208,20,40
337,207,20,41
337,207,21,42
337,207,20,42
336,208,22,41
337,208,22,41
338,207,20,40
338,207,19,42
336,207,22,42
338,207,20,42
336,208,23,42
338,208,23,42
338,208,23,42
338,208,23,42
336,219,23,36
334,216,26,33
338,210,21,36
337,207,20,39
338,207,19,37
338,207,18,36
337,207,20,38
338,207,19,39
337,207,20,37
337,209,19,35
337,208,21,40
337,207,22,41
338,208,22,37
336,211,22,38
336,212,24,35
337,214,22,33
335,215,24,33
333,215,26,35
336,214,23,35
334,214,25,34
337,213,22,35
338,211,21,37
337,211,22,38
336,211,24,38
337,214,22,34
337,213,21,35
339,212,20,35
338,214,21,35
338,218,21,30
336,217,23,31
335,212,24,36
337,213,23,34
337,210,21,37
337,208,21,39
335,212,24,37
337,215,22,35
336,217,23,31
337,215,21,32
336,212,25,35
338,207,20,38
337,206,20,39
337,207,20,38
338,207,18,38
337,206,20,41
337,207,23,40
338,207,19,37
337,207,19,37
337,207,21,39
337,207,19,38
338,208,18,36
337,207,21,39
336,207,22,40
337,207,23,39
336,208,23,40
332,208,27,40
332,210,29,39
332,213,28,37
333,215,26,35
332,216,27,33
332,217,28,32
332,218,28,31
332,219,28,31
331,220,28,32
331,220,28,32
331,220,28,32
331,220,28,32
332,218,29,33
333,215,26,34
335,212,23,37
336,209,23,39
335,208,25,37
335,208,24,38
334,208,25,39
334,206,26,42
331,198,29,49
330,194,31,54
331,194,29,56
331,193,30,56
330,194,30,56
331,193,28,55
332,194,28,56
328,193,32,54
330,193,29,58
330,193,30,59
330,193,30,62
327,193,32,58
329,198,31,54
325,200,34,59
324,191,34,61
324,193,34,61
325,195,33,61
324,198,34,58
326,196,32,59
322,208,37,46
322,208,37,46
322,208,37,46
323,191,37,45
323,191,37,45
323,191,37,45
323,191,37,45
