274,214,77,125
277,210,70,127
273,210,72,128
278,214,70,125
275,210,73,129
274,216,72,122
275,222,72,115
274,227,78,109
274,231,76,104
276,236,69,100
273,246,77,87
271,243,78,91
273,242,77,92
271,243,77,93
274,241,78,93
272,242,77,91
274,243,78,91
272,243,80,92
272,245,78,89
274,244,77,89
272,243,75,89
277,242,74,93
274,244,79,91
274,239,75,94
273,242,79,93
273,246,77,88
275,243,80,91
274,247,81,89
275,247,87,89
275,245,93,94
273,239,100,101
271,238,103,103
274,233,110,104
282,226,114,109
291,213,116,122
305,203,108,124
308,207,109,129
316,211,105,115
325,200,100,121
331,199,97,113
335,193,91,111
337,191,90,113
337,186,87,110
337,179,83,107
339,170,77,107
246,192,77,112
242,190,86,115
248,186,85,118
253,190,82,111
255,192,86,112
254,190,95,113
254,199,100,107
256,201,92,104
258,201,93,108
262,201,87,107
268,202,81,107
269,203,79,107
271,204,74,106
276,204,70,107
276,204,68,109
271,198,73,111
273,195,74,115
273,203,73,108
272,200,71,109
273,197,72,109
273,189,70,117
273,183,69,124
269,189,75,120
271,181,74,125
273,186,70,121
272,187,69,121
274,191,69,119
272,185,71,123
274,192,67,117
272,192,71,115
273,187,72,122
272,181,75,126
273,186,73,125
273,190,68,116
272,191,69,117
275,203,65,105
275,204,67,105
275,202,67,105
274,211,71,98
277,207,78,102
277,211,76,99
280,214,81,94
286,220,84,90
288,219,86,95
292,224,86,90
300,226,86,92
302,229,85,88
303,219,82,100
303,214,80,109
303,218,77,110
302,217,76,112
305,221,73,106
303,218,75,112
302,217,75,112
302,222,77,111
302,221,76,112
301,222,77,111
298,218,77,113
303,216,76,116
302,207,71,126
305,213,71,121
299,213,76,120
302,212,80,123
303,216,75,118
298,211,73,118
301,219,76,116
299,209,72,119
300,214,76,120
302,208,72,125
299,205,76,131
301,209,77,124
300,204,74,127
303,209,72,126
298,208,77,125
303,218,73,115
297,219,74,111
299,221,77,112
300,221,78,112
302,217,78,115
301,212,80,121
301,215,75,116
299,209,81,124
305,200,70,134
297,204,82,129
294,201,84,130
290,199,87,134
290,191,91,139
291,195,92,139
291,201,88,127
289,200,92,137
290,193,86,139
289,184,90,147
290,183,89,150
291,187,90,146
291,182,89,147
290,185,88,147
287,192,93,142
291,188,88,142
290,185,88,145
288,185,88,148
288,183,90,149
290,177,88,158
295,167,83,162
291,179,88,158
287,176,92,160
285,170,90,160
291,171,86,162
288,176,94,160
293,171,84,162
289,184,91,155
289,182,90,152
290,195,88,140
291,197,85,136
289,196,90,138
294,195,80,138
294,198,85,138
291,193,86,140
291,189,88,145
294,181,84,152
300,183,74,153
302,172,77,162
303,159,71,171
302,176,78,156
301,183,80,154
303,178,78,155
301,178,78,155
301,182,83,152
300,184,80,149
301,206,80,128
301,212,76,120
302,211,80,121
300,213,77,119
304,213,74,119
301,208,73,125
300,212,77,123
301,211,76,122
302,214,74,119
295,214,84,119
298,203,80,131
299,206,78,130
300,206,74,127
302,209,75,123
298,214,76,114
299,211,80,120
294,206,83,124
303,208,76,126
295,197,83,136
298,198,81,140
296,198,82,133
294,200,84,135
297,203,80,128
300,210,78,125
299,210,76,121
299,205,80,126
303,208,78,123
292,197,86,134
297,202,82,133
303,205,76,129
294,205,84,130
301,206,79,125
295,196,83,137
296,200,82,132
294,206,82,125
292,190,88,138
301,204,79,132
297,209,84,126
299,215,78,117
298,209,83,121
298,203,80,130
302,212,80,122
297,208,79,125
300,216,79,116
303,215,71,117
295,206,83,125
298,201,80,131
292,192,88,141
297,200,80,132
294,197,84,134
294,203,84,130
297,208,80,125
303,209,74,126
298,202,82,131
301,208,77,127
296,209,79,123
299,201,80,132
295,204,86,128
290,197,87,136
293,196,89,136
289,189,89,143
301,194,80,136
294,194,83,138
298,197,82,137
290,194,87,138
297,197,85,133
299,198,78,136
293,188,87,143
295,190,80,145
292,174,87,158
296,188,82,153
296,185,81,150
298,184,80,151
293,179,88,158
296,179,84,153
294,174,81,164
297,173,84,163
295,181,85,158
293,183,81,150
290,180,90,158
289,178,87,149
296,195,82,139
300,203,80,133
292,194,88,139
294,201,85,133
298,210,85,127
294,194,85,134
297,200,78,134
291,199,89,134
291,199,89,136
294,195,87,134
295,196,84,138
297,196,82,138
294,196,85,133
290,193,88,138
298,195,82,141
297,203,81,129
302,205,79,130
292,207,86,126
293,203,89,132
294,200,84,132
295,201,83,132
292,196,86,138
297,197,82,140
299,199,78,132
300,203,78,131
292,189,86,142
293,195,88,141
293,192,83,141
290,193,94,140
290,191,92,138
295,205,77,125
297,200,84,132
293,207,83,127
302,210,79,123
299,210,78,123
298,211,78,122
304,207,75,128
300,200,78,134
296,202,86,130
299,198,80,134
296,199,83,136
292,193,87,141
296,199,78,133
296,198,81,137
293,197,85,137
288,194,91,139
295,203,79,130
297,205,81,128
296,209,76,123
297,200,79,132
296,202,85,131
298,206,76,124
299,208,78,125
301,207,74,126
302,209,79,125
301,213,78,119
300,208,74,125
299,208,77,125
306,213,71,122
301,211,70,122
303,215,71,118
301,213,70,117
302,216,76,116
304,213,73,121
305,207,72,126
303,215,73,117
302,211,76,122
304,206,71,128
304,208,75,125
301,208,72,123
302,213,73,121
302,207,77,127
304,213,75,120
301,214,76,118
301,217,81,117
298,211,82,122
297,206,83,127
305,210,74,123
295,213,82,119
303,219,78,114
300,216,71,115
302,227,72,105
299,238,77,95
301,240,80,90
297,242,81,89
295,223,82,109
300,209,78,122
299,211,75,124
300,212,81,118
301,216,75,113
300,214,78,117
300,212,75,122
296,224,83,106
302,214,82,116
296,206,79,127
301,206,78,130
303,207,73,128
299,215,78,117
299,216,73,113
304,216,75,118
303,214,71,118
302,218,71,111
298,217,84,117
301,212,73,117
301,217,76,118
296,207,79,120
296,204,83,126
298,209,83,122
297,205,79,127
301,204,82,129
299,210,76,123
304,213,76,120
296,205,86,129
296,209,82,122
292,208,92,127
302,210,81,117
297,203,80,127
298,200,83,131
295,204,84,128
299,200,83,131
293,201,85,132
295,209,78,119
296,203,86,127
297,203,78,132
296,203,84,132
299,201,79,131
302,202,77,131
302,206,73,126
300,204,77,129
294,200,82,131
290,198,91,132
288,200,93,133
285,197,94,133
296,205,87,127
299,199,80,133
295,205,79,128
299,205,73,127
299,210,72,122
298,200,80,125
303,209,79,120
303,201,94,121
299,204,115,99
310,209,121,82
310,209,121,82
377,221,100,94
394,216,97,98
382,190,108,114
383,189,99,101
262,190,113,96
255,187,120,98
247,189,129,99
266,184,110,101
262,190,114,91
261,188,113,96
285,181,90,100
277,186,102,99
280,179,94,103
281,188,93,94
365,120,77,95
368,112,72,102
364,104,79,109
358,103,88,106
269,190,106,93
272,190,102,92
271,189,104,94
266,190,109,94
261,190,114,96
252,186,122,99
251,190,123,95
256,188,119,97
249,191,125,95
255,185,120,101
249,191,127,94
262,186,112,99
261,189,113,95
254,186,121,97
262,181,114,104
246,182,127,104
252,185,123,101
262,181,112,104
253,190,122,96
262,187,113,97
260,187,116,97
251,191,126,94
265,188,112,97
258,186,120,99
257,186,120,97
252,188,123,96
265,190,111,96
269,189,106,94
265,188,109,95
260,189,111,95
253,191,115,94
270,184,132,106
268,184,140,108
267,191,139,100
292,180,167,110
278,178,177,121
264,175,177,131
270,185,169,123
255,190,175,125
254,198,169,127
249,192,159,137
257,194,159,138
261,191,137,137
276,190,122,140
282,186,97,143
287,180,81,150
287,184,78,146
283,190,80,141
282,189,82,142
279,192,84,136
276,194,87,134
275,199,82,127
274,188,90,136
272,183,95,138
267,177,107,147
264,180,102,144
259,182,112,138
260,174,118,145
253,186,115,135
257,186,118,139
251,183,117,144
253,186,112,139
251,193,111,131
252,194,107,128
251,196,103,124
253,192,91,129
247,193,98,131
248,192,96,132
252,195,79,127
254,201,76,121
255,196,70,127
255,202,77,118
250,203,80,116
254,207,76,114
255,209,73,112
253,204,71,118
252,200,73,123
249,197,80,126
250,205,78,117
243,191,87,130
248,186,83,135
248,197,83,124
259,198,74,123
259,203,71,119
260,199,66,122
258,191,70,131
260,197,68,125
260,201,71,121
257,195,77,124
258,199,72,120
259,199,71,121
260,189,69,133
258,176,71,146
259,193,71,135
258,192,66,129
257,197,73,127
255,195,73,124
254,190,76,134
254,200,74,123
254,199,76,122
256,193,74,128
255,199,77,126
254,196,77,126
256,200,73,121
255,195,74,126
256,196,70,125
255,199,74,119
257,203,71,119
256,198,72,121
254,198,72,121
257,204,69,118
257,197,73,124
256,200,72,121
256,191,69,130
258,196,71,131
257,198,76,123
255,189,72,134
258,201,69,125
256,196,70,125
259,198,67,123
254,200,71,120
259,198,67,124
256,196,69,124
258,199,68,124
254,200,72,120
257,199,70,122
258,198,70,123
261,204,65,117
258,201,71,121
261,201,67,123
258,206,74,115
261,207,66,115
257,202,71,120
260,196,67,126
259,203,68,118
257,193,73,127
260,201,73,124
259,187,69,135
256,196,71,126
259,200,72,124
260,195,68,126
257,206,74,116
258,206,68,115
260,205,70,116
261,207,67,113
258,199,72,123
261,201,67,120
259,197,72,127
260,195,70,128
261,194,68,128
257,195,71,124
261,195,69,128
257,191,72,131
260,200,66,120
260,195,65,126
260,194,67,128
257,194,72,129
258,194,68,128
260,192,66,130
260,191,69,129
259,202,68,120
259,196,70,127
257,195,68,127
259,208,72,113
257,205,69,115
260,199,70,122
258,197,70,124
260,200,68,123
260,195,71,129
257,193,70,131
261,199,66,123
260,196,69,127
263,195,64,129
255,196,70,124
258,202,66,118
261,197,71,125
258,198,67,124
261,203,69,119
256,199,74,123
256,195,71,127
258,190,70,133
259,193,69,128
259,195,68,126
261,198,71,127
259,196,73,127
258,190,68,130
259,198,69,126
261,202,67,119
261,195,66,127
259,201,71,120
259,203,69,119
256,203,73,117
259,203,68,117
262,198,68,126
260,205,69,118
261,193,67,130
260,190,69,134
258,199,73,122
263,201,65,121
259,189,69,133
260,197,69,127
259,194,69,130
261,201,65,121
260,204,69,118
259,203,64,120
261,202,64,120
261,206,65,114
260,204,68,116
261,201,64,119
258,202,68,118
260,201,68,121
258,203,70,118
260,202,69,120
260,205,70,117
257,203,69,116
258,204,74,118
258,203,72,117
260,204,68,117
261,196,67,124
257,202,75,119
259,205,73,118
256,198,74,123
261,200,68,125
259,206,69,116
259,212,71,109
259,203,70,120
260,192,67,132
257,191,70,131
259,190,68,132
256,202,74,119
259,196,70,127
260,197,65,124
262,189,67,132
258,186,67,140
260,177,71,147
259,179,70,146
260,177,70,143
257,180,68,143
260,184,64,136
261,194,71,133
258,192,72,130
258,193,69,126
259,203,69,120
261,206,73,115
262,203,77,116
263,197,85,120
268,204,86,107
267,201,95,105
275,194,94,111
290,189,87,113
298,192,85,109
300,194,93,108
295,199,100,108
293,185,109,122
289,171,124,138
296,172,123,131
296,171,126,140
301,169,122,140
306,177,118,131
221,186,90,146
226,198,72,137
329,184,87,122
327,180,90,117
222,207,82,130
222,205,76,131
224,207,74,134
223,204,70,137
222,211,75,132
222,216,78,127
222,214,79,131
224,214,70,134
222,214,79,134
220,215,74,133
223,212,68,134
221,213,73,133
221,214,69,132
221,214,75,130
221,213,74,133
222,214,68,131
222,214,71,131
221,216,66,131
221,213,65,134
223,218,64,127
224,217,60,130
223,217,63,130
223,215,63,131
222,216,62,129
223,214,62,133
221,215,64,130
223,214,63,132
221,215,65,131
222,214,64,132
222,214,64,131
223,214,64,130
221,215,66,132
221,214,67,133
221,214,69,134
222,214,69,131
221,216,71,129
221,215,70,130
221,215,68,132
221,213,70,132
220,215,70,130
220,213,68,133
223,212,65,133
222,213,65,134
221,215,69,129
221,216,77,129
220,214,79,131
220,214,90,131
221,214,74,132
220,213,86,133
220,216,76,129
220,216,75,129
220,216,75,129
220,214,79,131
220,214,73,133
220,213,76,132
221,215,71,132
220,215,77,130
219,216,80,129
221,215,78,130
222,216,71,130
221,214,77,132
221,215,71,130
222,216,73,127
221,213,75,132
222,216,70,131
221,214,76,132
220,217,79,128
222,218,72,129
221,214,71,132
221,213,72,133
221,215,73,130
221,215,72,129
220,216,78,128
222,214,71,133
222,215,71,130
222,215,70,127
223,214,68,130
223,215,71,128
223,215,70,130
222,214,72,130
221,217,73,128
221,215,71,129
221,213,75,134
221,215,69,132
222,213,69,132
222,216,71,127
221,217,72,130
221,215,70,129
222,216,69,131
222,215,70,128
222,216,68,131
221,216,71,129
222,219,75,126
223,223,75,118
223,219,69,129
223,216,68,129
223,217,66,129
223,220,65,126
222,217,70,128
222,221,68,125
221,218,73,127
223,217,67,128
223,218,69,128
224,216,65,130
222,223,66,122
223,218,66,128
222,219,67,125
222,217,69,128
222,219,67,125
220,217,72,127
222,218,67,127
222,216,66,129
222,217,67,127
223,216,65,129
222,214,64,131
222,213,62,134
223,215,64,130
224,213,63,132
223,215,63,129
223,213,66,131
222,217,67,128
221,216,68,127
221,219,67,125
221,219,63,129
223,218,61,129
223,217,62,129
224,217,61,130
220,216,64,132
219,215,64,131
223,216,61,126
225,216,64,133
223,215,64,132
223,217,64,129
221,216,67,129
219,216,69,128
220,215,68,130
222,216,66,130
222,215,66,130
223,214,65,132
222,215,67,131
222,216,67,132
223,218,64,130
225,225,66,120
228,221,64,124
227,219,66,126
226,229,67,115
226,223,64,123
222,226,74,116
220,232,76,109
223,234,95,113
234,233,99,113
235,237,90,110
242,235,83,115
257,244,96,107
268,239,93,118
279,246,87,112
279,249,77,106
287,249,85,107
287,251,76,106
291,253,73,105
291,251,77,105
293,250,73,105
296,256,71,99
294,255,76,99
292,258,79,96
296,249,73,103
296,243,75,109
296,243,76,108
297,243,73,110
299,240,70,112
297,242,75,111
297,240,74,111
298,239,69,111
299,239,68,114
297,242,72,110
297,243,72,109
297,243,74,108
297,244,72,106
298,237,76,114
300,236,69,115
299,234,73,118
296,238,76,113
295,236,79,116
298,236,74,117
298,236,73,116
297,235,74,117
299,233,71,118
299,234,72,117
295,236,76,115
296,236,77,116
296,235,76,116
296,235,77,117
298,235,76,116
296,235,79,115
296,234,79,119
298,234,76,118
297,234,77,116
297,234,76,119
297,235,77,117
298,235,76,119
298,235,76,118
295,235,81,117
299,235,77,115
298,234,74,117
299,236,75,114
297,236,76,114
297,234,76,119
298,235,77,118
298,235,75,117
298,235,77,119
298,235,79,116
297,236,80,118
298,235,75,117
298,235,77,115
297,234,80,119
297,234,77,120
299,234,74,119
298,236,77,118
297,235,77,118
299,236,79,114
297,234,83,118
298,228,81,125
296,224,80,129
296,229,81,123
296,232,79,121
299,238,78,114
297,239,81,115
297,244,78,110
298,247,74,105
299,247,75,105
301,246,72,107
299,248,74,103
302,246,70,106
300,242,74,109
300,238,73,115
302,233,74,117
302,229,75,124
303,232,72,120
303,231,74,122
303,233,74,120
304,232,71,118
303,233,73,121
303,232,73,121
301,232,75,119
303,233,74,117
302,233,72,118
301,236,77,117
303,243,73,109
300,251,69,99
299,246,66,106
300,241,67,112
298,240,72,112
300,245,82,108
302,240,83,107
308,223,84,120
320,216,81,118
250,199,62,115
337,198,68,117
249,200,64,110
252,195,60,118
252,194,60,119
251,191,58,123
252,193,59,122
250,194,59,119
252,195,61,118
250,195,61,119
251,195,61,119
251,193,64,120
249,190,65,125
251,195,67,118
249,189,93,122
247,181,93,132
251,178,86,135
250,180,90,133
247,176,90,136
248,172,96,142
246,174,97,139
248,180,92,131
248,182,88,129
250,185,85,128
250,190,84,120
249,193,77,120
251,195,75,116
250,196,81,116
245,190,89,121
246,188,85,125
245,192,89,122
242,191,91,125
232,198,93,115
232,198,101,117
230,195,103,122
226,198,107,119
221,205,106,113
223,210,98,116
232,218,92,115
234,222,91,114
244,216,86,125
261,218,73,129
279,221,66,131
288,226,63,127
291,227,63,128
296,230,71,124
306,231,67,123
310,232,71,122
316,225,68,128
318,222,66,132
323,219,63,132
329,221,62,124
333,220,63,119
337,217,61,115
338,216,63,117
338,211,64,115
340,204,65,118
340,201,65,112
339,198,64,112
339,194,61,116
338,189,56,115
332,197,58,104
324,197,61,102
255,190,59,111
254,186,61,115
257,182,59,122
254,187,69,114
253,187,68,113
252,186,69,116
256,182,65,122
254,180,67,122
254,181,66,122
257,183,60,120
256,186,61,117
254,189,65,113
255,185,74,114
253,178,102,121
251,176,104,120
253,173,110,125
252,174,107,122
249,172,109,127
254,168,96,134
252,184,92,116
254,178,89,122
254,186,92,116
254,197,90,105
255,189,85,112
252,182,76,121
251,189,92,113
252,192,93,110
251,191,95,111
251,190,97,112
253,191,96,109
254,186,94,118
256,193,91,111
257,189,91,119
252,190,97,118
252,195,95,110
256,191,89,124
256,201,80,118
255,205,72,121
254,211,73,121
256,213,66,125
255,217,67,123
253,220,69,123
253,218,69,123
254,217,69,127
254,218,65,123
253,218,69,124
252,216,73,129
249,216,76,126
247,214,93,120
245,212,94,125
245,206,86,136
243,208,79,133
243,210,78,132
244,213,78,130
245,215,73,126
245,215,69,125
245,213,73,126
245,216,70,125
244,207,75,135
244,212,73,134
245,215,71,126
244,213,71,127
245,214,65,127
246,211,65,132
246,207,65,137
245,213,67,130
245,212,65,130
245,211,67,132
244,214,66,130
244,215,68,127
245,212,65,129
245,215,68,127
246,213,67,130
246,214,64,129
247,212,63,130
246,217,64,125
245,213,67,130
244,214,66,129
245,214,75,126
243,217,94,124
245,214,98,126
243,212,87,126
245,211,84,129
247,215,73,128
243,212,88,130
243,214,92,125
245,213,93,126
244,206,95,135
244,204,90,136
245,202,92,139
243,206,90,132
242,204,92,138
242,201,94,139
245,200,91,140
244,201,93,140
245,191,90,153
244,169,92,173
246,158,89,182
244,157,91,186
245,148,95,195
245,163,95,180
245,152,94,192
246,153,92,189
245,155,90,186
246,145,92,199
246,144,91,198
245,149,91,193
245,144,92,197
246,146,92,196
245,147,95,196
246,140,92,199
244,153,96,188
247,145,92,198
245,133,95,209
245,153,94,190
247,137,93,207
247,125,92,219
245,138,91,209
245,136,94,208
245,141,92,203
245,137,95,204
245,150,95,195
246,151,93,190
244,142,92,203
246,143,94,199
246,143,92,200
245,147,95,195
244,150,94,192
244,151,94,191
244,152,93,191
245,155,93,188
245,157,95,185
244,160,98,177
245,151,96,189
242,138,98,198
243,130,97,213
241,133,98,207
244,131,99,211
241,162,107,180
243,170,98,170
243,171,99,166
244,168,95,177
244,164,95,175
244,164,94,178
245,167,103,171
243,163,109,180
244,163,102,176
243,154,104,187
245,155,99,187
243,160,98,184
242,160,98,185
242,157,94,185
245,154,90,187
242,163,91,180
243,165,92,177
242,162,91,179
245,158,88,185
243,160,88,182
242,154,89,187
243,153,85,190
245,152,85,195
245,151,84,192
245,154,80,193
245,162,81,180
245,160,83,182
245,155,88,187
245,158,83,187
246,155,83,187
246,157,80,186
246,158,81,188
246,144,92,199
244,150,92,192
245,154,91,191
245,142,93,197
246,150,93,195
246,125,98,215
244,114,104,230
247,119,101,226
246,107,102,233
248,98,98,239
247,119,97,223
245,129,99,214
244,139,100,208
248,133,96,214
247,134,98,210
247,150,98,196
244,153,97,190
244,143,95,194
246,146,98,198
243,152,100,186
243,147,99,197
245,155,97,187
244,158,94,182
245,149,93,190
246,155,91,188
245,143,92,197
244,147,93,197
240,145,100,199
237,160,101,175
225,168,111,163
224,171,109,163
219,182,114,151
214,178,121,158
206,202,127,134
202,207,123,130
198,220,113,122
199,184,133,133
195,189,139,148
209,161,134,144
207,155,137,163
212,166,127,145
228,163,114,135
193,188,140,147
191,179,147,148
190,186,143,143
190,198,149,130
171,197,158,132
189,199,139,128
191,196,136,129
190,203,135,123
190,201,134,126
190,204,132,126
192,202,132,125
191,201,134,125
190,202,136,123
191,198,139,128
190,202,133,125
189,204,140,121
189,202,139,125
191,203,134,124
191,206,128,118
191,205,132,124
189,205,120,123
190,196,137,132
190,202,127,125
188,214,105,115
193,211,78,122
194,208,72,124
195,214,66,119
193,208,65,124
194,205,69,127
193,211,67,122
193,211,70,122
193,215,68,118
194,211,64,123
194,209,68,124
194,208,66,126
193,214,68,120
194,217,67,116
193,217,68,117
194,211,68,124
193,206,68,126
193,211,68,122
193,211,68,123
192,209,68,123
194,212,68,121
192,208,67,125
194,211,67,123
193,210,66,124
194,215,68,116
195,213,67,118
194,207,67,127
193,209,69,123
193,209,66,126
194,212,69,121
194,211,68,123
194,208,67,125
193,208,70,122
195,207,68,126
193,210,68,123
193,211,70,122
192,211,66,125
194,209,67,124
194,206,68,125
192,206,68,126
193,209,68,123
194,214,66,120
192,211,68,122
194,211,67,122
193,207,68,127
193,207,70,125
192,211,68,123
193,208,70,126
192,215,69,120
194,207,67,125
194,209,65,124
195,214,69,119
196,209,65,124
193,212,66,122
194,211,67,121
193,214,66,119
193,210,67,125
193,214,67,120
193,211,67,122
194,206,63,128
193,208,68,123
194,209,65,125
193,207,68,126
192,209,66,124
194,208,67,124
193,205,67,125
194,209,66,114
194,205,65,121
195,206,67,124
194,209,69,124
193,207,70,122
189,209,79,117
184,199,78,128
184,198,71,126
183,212,68,107
184,194,61,117
181,189,64,119
179,185,66,119
179,181,65,122
180,179,61,123
179,175,64,119
179,173,61,119
179,174,60,110
180,179,62,104
180,181,59,104
181,181,60,107
180,181,60,112
181,183,60,111
180,179,63,116
179,175,62,120
180,176,62,118
179,174,61,121
182,175,61,123
179,178,61,117
182,173,61,122
180,175,62,122
181,173,59,123
179,178,61,118
183,177,59,119
182,170,60,125
178,175,64,120
181,180,60,115
181,177,60,118
180,172,59,123
180,175,62,120
180,178,61,118
180,176,63,118
180,173,63,122
179,177,62,117
180,178,62,116
179,176,62,119
181,172,62,122
180,175,61,119
180,176,61,118
180,176,60,120
179,173,63,122
180,170,62,127
179,173,62,122
182,174,59,121
179,177,62,119
180,175,63,121
179,173,64,121
178,175,62,120
180,182,62,112
180,178,62,118
181,174,61,121
180,172,60,124
180,174,62,122
180,172,62,123
179,172,64,124
180,175,62,121
178,170,61,126
181,173,59,122
179,175,63,120
179,178,62,117
179,173,62,123
180,176,63,119
179,178,62,115
179,174,63,121
179,171,63,123
178,177,63,117
181,174,61,120
180,174,62,121
180,177,61,118
180,173,62,121
180,175,61,118
181,177,61,118
181,172,59,124
179,174,64,120
179,178,62,116
181,175,63,121
180,175,59,120
178,176,62,118
180,176,61,119
180,172,61,123
179,174,62,120
180,175,62,120
180,174,60,120
181,178,58,118
181,177,59,117
181,176,59,118
182,174,59,120
183,174,54,121
183,175,56,120
182,177,58,117
181,178,60,114
181,177,60,117
179,175,61,119
181,173,60,120
178,173,62,119
181,175,62,118
180,171,59,124
179,174,63,119
179,176,62,116
182,179,59,113
182,180,59,115
180,176,61,119
180,176,63,117
180,175,59,120
179,174,62,119
180,180,59,114
181,179,61,115
179,176,64,118
179,177,61,117
181,174,63,118
181,178,58,114
182,177,61,117
182,177,61,118
182,177,59,118
181,174,59,120
181,174,61,120
181,175,59,119
182,173,60,122
181,175,59,118
179,176,62,118
180,172,64,121
180,172,63,124
178,176,62,118
181,174,62,118
180,173,60,119
180,177,61,116
178,179,63,115
178,177,65,118
182,174,58,121
181,179,60,115
180,176,60,119
180,176,63,119
180,174,60,119
178,176,65,117
177,183,65,111
178,179,63,114
182,175,60,120
179,177,63,117
180,175,63,120
179,174,62,120
181,176,61,118
180,174,60,121
181,171,60,123
179,177,64,116
179,174,63,121
179,176,61,120
181,178,61,117
180,176,61,119
180,175,58,120
180,176,61,119
180,175,59,120
181,178,59,116
181,174,61,121
180,171,62,123
178,178,61,117
180,178,58,117
181,176,60,119
180,177,60,118
180,177,57,118
179,176,60,119
182,177,59,117
180,183,60,112
180,180,60,113
179,180,61,113
181,183,58,112
180,178,58,117
180,175,60,120
179,178,60,118
180,182,57,113
181,182,62,111
180,184,61,111
180,178,59,118
180,178,61,116
180,176,61,120
180,175,61,122
181,179,61,118
180,180,61,115
182,177,57,118
180,176,60,121
181,170,59,128
181,175,60,121
180,175,59,122
180,176,61,122
181,180,60,116
182,177,60,120
180,181,60,114
179,178,62,119
179,178,61,119
182,174,61,123
180,175,59,120
181,173,60,125
180,177,61,119
182,178,59,119
179,179,58,116
182,177,58,117
182,177,59,120
180,175,62,122
181,176,63,120
181,181,60,115
179,177,63,117
180,176,61,119
182,171,58,125
179,175,61,122
180,177,62,119
181,176,60,121
179,177,60,120
182,176,60,121
180,177,62,118
179,184,61,111
178,178,60,118
183,179,59,119
180,182,59,111
179,181,61,111
181,181,60,113
180,181,61,112
179,179,62,116
180,177,60,118
181,176,61,120
179,180,60,116
182,179,60,116
182,177,58,118
180,178,61,118
178,180,62,115
181,176,59,121
181,175,61,121
179,178,61,117
179,176,63,118
180,178,62,117
181,176,62,118
179,177,61,118
182,183,60,111
178,182,58,111
181,181,62,112
181,179,60,116
182,173,59,123
181,173,62,121
179,178,59,117
182,179,61,116
181,177,60,119
179,177,61,119
179,180,61,116
181,179,61,117
180,179,62,114
180,179,62,114
179,177,62,118
182,174,61,122
178,174,60,121
180,183,58,113
179,179,60,115
183,177,57,119
180,178,61,118
182,177,61,119
178,179,60,116
183,181,58,115
182,178,60,117
182,178,61,119
179,179,60,115
180,180,59,117
181,177,60,119
180,179,61,118
180,177,62,117
181,178,60,118
180,178,61,117
181,178,61,119
181,178,59,117
182,173,61,122
180,175,59,120
181,178,60,116
180,178,63,117
181,176,60,121
180,176,59,121
182,177,60,120
179,175,63,119
179,180,62,117
179,179,62,115
182,176,61,119
180,175,60,122
182,177,60,118
180,175,63,120
180,177,59,119
179,174,60,123
181,173,61,125
180,178,60,119
181,175,61,124
179,175,59,122
181,173,59,123
181,177,59,119
181,182,60,114
180,176,60,122
181,183,59,112
181,187,60,109
181,181,60,115
180,177,58,119
182,176,60,121
180,178,60,117
180,178,59,119
181,177,59,117
181,180,60,116
179,180,62,116
179,184,61,112
181,180,60,117
180,178,60,118
182,174,58,123
180,176,59,121
181,179,60,117
181,174,60,120
180,176,61,120
180,173,60,123
181,175,60,122
180,174,60,122
181,175,60,123
181,177,59,119
180,173,60,122
180,176,62,119
179,177,62,119
180,178,61,118
180,178,62,120
180,176,61,119
179,178,61,118
181,178,60,120
180,176,61,120
182,176,59,121
180,176,61,120
180,180,62,115
181,176,61,119
181,173,57,123
182,175,59,122
178,175,59,121
182,180,60,115
181,176,59,120
181,176,59,119
181,181,60,115
181,179,59,116
181,177,59,118
180,176,61,121
181,175,61,121
180,174,62,122
179,173,61,123
180,176,61,121
179,177,62,120
181,176,61,120
180,179,59,119
181,182,61,113
181,179,61,119
180,176,61,120
181,177,61,119
181,177,60,120
181,178,61,119
182,178,61,118
179,176,60,119
179,177,61,120
181,182,61,116
180,180,62,117
179,176,60,121
182,177,60,122
182,174,59,121
178,172,58,127
181,184,59,111
181,177,58,119
180,174,61,119
180,178,61,118
181,175,60,122
180,176,60,119
180,174,60,122
181,174,62,122
181,176,58,120
181,173,61,122
180,174,60,124
181,174,62,122
180,178,61,118
180,175,62,117
179,176,64,118
179,173,61,125
180,174,60,122
180,176,61,121
180,174,60,125
181,176,59,122
181,176,60,121
181,179,59,119
181,178,58,118
181,176,59,121
180,176,60,118
180,177,60,120
180,179,61,116
180,178,60,119
180,178,61,119
182,176,60,121
179,176,61,123
181,178,59,120
181,175,59,122
181,175,60,124
180,173,61,125
179,175,61,121
181,177,61,121
181,175,60,122
182,172,59,127
180,176,60,120
182,174,59,124
181,176,58,121
182,177,59,119
181,175,61,122
179,180,61,117
182,175,59,122
179,172,59,126
182,178,59,119
181,175,60,123
179,180,60,117
182,184,59,111
181,177,60,120
181,175,60,123
179,177,61,120
182,177,59,121
181,178,58,120
181,178,59,119
180,174,60,124
180,178,63,118
180,179,59,120
181,177,60,121
180,180,60,117
181,182,60,115
180,181,62,116
180,176,61,123
180,177,61,121
181,178,61,119
180,178,60,118
180,183,60,113
182,178,57,117
182,177,59,118
180,178,61,119
182,176,60,120
179,175,62,121
181,175,60,122
179,175,62,122
182,181,61,114
181,175,60,121
179,177,62,118
180,175,60,121
181,171,60,129
178,175,61,122
183,177,58,121
181,176,60,122
181,176,59,121
180,174,58,124
181,176,59,121
180,176,61,122
180,177,62,119
180,177,59,120
181,177,60,118
180,176,60,121
182,178,58,117
181,178,60,118
180,176,61,121
181,175,60,123
179,174,59,123
182,174,59,122
180,171,60,125
180,172,60,124
181,174,57,122
181,176,61,119
182,175,58,121
182,173,58,123
180,175,60,119
180,172,59,124
182,173,58,122
181,171,58,124
180,175,60,120
181,174,59,123
179,175,59,120
180,174,61,122
180,176,60,121
181,174,60,123
181,173,59,124
181,174,59,121
180,175,59,121
181,180,60,116
181,174,60,120
180,170,59,126
179,172,60,123
180,174,61,122
179,172,59,125
182,172,59,125
181,173,58,123
181,174,60,124
181,174,58,122
183,172,56,123
181,173,60,125
180,177,58,118
181,173,60,123
180,171,59,125
181,173,60,123
182,169,58,130
182,171,58,128
180,170,59,127
182,175,59,120
181,170,58,128
181,171,57,127
180,173,58,122
181,176,60,119
179,177,61,118
180,173,62,124
181,169,59,126
182,174,58,122
180,175,63,121
180,172,62,122
179,175,63,120
181,178,60,118
180,178,59,115
182,175,61,121
180,174,62,123
181,176,58,120
180,176,62,119
181,178,59,117
180,177,61,119
180,176,60,118
180,176,60,119
180,177,60,119
180,179,61,116
180,176,61,118
181,178,59,119
179,178,59,118
180,176,60,119
180,180,59,113
182,177,60,117
179,175,59,122
184,173,57,123
182,178,60,117
180,177,60,118
181,175,61,121
181,176,60,122
178,171,60,125
181,175,59,120
180,175,62,120
181,175,62,119
178,172,61,124
183,176,58,119
182,172,59,123
179,174,60,120
182,176,60,119
179,170,60,125
181,172,61,124
178,168,62,128
181,172,61,124
179,169,60,126
181,171,60,124
180,172,61,123
179,173,61,121
181,171,61,124
179,172,58,123
181,176,60,119
181,174,61,121
180,178,62,116
180,177,62,118
180,173,63,123
180,170,62,126
180,176,61,120
180,173,63,121
180,180,64,114
181,177,66,115
180,173,60,124
179,170,63,125
179,169,63,127
182,174,61,123
179,171,59,126
181,174,61,121
180,176,60,120
181,172,59,124
180,172,60,123
180,170,61,126
179,175,63,122
180,172,60,122
180,172,62,122
178,172,62,123
181,172,61,124
179,172,62,125
181,174,61,121
178,170,62,125
180,173,62,123
179,175,62,120
180,171,62,124
178,173,62,122
181,177,62,118
179,174,62,122
180,175,61,121
181,182,61,113
179,182,61,112
179,180,62,114
178,176,63,119
181,178,61,117
180,178,61,116
180,179,63,115
180,177,61,117
179,176,63,118
181,176,62,119
179,172,62,124
179,179,62,118
179,176,62,120
179,175,62,122
181,173,59,123
180,173,61,122
179,173,63,121
179,175,62,119
179,174,62,121
180,173,62,122
180,174,58,121
181,174,61,121
179,174,62,121
179,178,62,118
180,179,61,117
179,172,63,124
180,180,61,117
180,178,62,118
181,174,60,122
181,172,60,124
180,172,60,124
179,174,64,121
178,176,61,119
180,177,61,118
179,176,60,119
181,175,61,120
179,175,62,122
181,176,62,118
180,176,57,120
180,173,62,124
179,175,61,121
180,175,62,120
180,175,61,118
181,179,62,115
180,177,61,117
180,176,62,120
179,176,64,118
179,179,63,117
180,186,62,110
181,192,61,103
182,188,58,106
181,183,60,112
178,184,64,111
177,181,66,111
178,188,64,106
179,193,67,101
183,195,63,101
183,192,72,107
188,188,77,119
188,187,84,123
199,189,80,130
205,212,86,114
226,211,76,131
236,226,75,124
240,218,70,136
247,221,71,138
253,231,69,129
251,234,71,119
252,226,74,130
252,223,71,129
255,220,67,132
254,225,74,126
257,224,71,129
259,226,70,128
258,233,68,119
258,236,69,119
259,229,68,126
260,225,72,127
257,227,72,127
257,226,74,126
258,222,74,133
256,226,72,127
259,225,71,132
257,224,74,128
257,229,75,125
256,227,72,127
259,220,70,135
257,225,74,130
260,224,71,131
257,223,73,130
257,225,72,129
258,223,73,132
257,226,77,126
257,225,72,128
259,225,69,131
259,216,70,137
259,218,68,139
257,211,70,147
257,198,72,157
248,193,77,161
246,187,84,167
253,215,76,138
257,222,71,136
257,221,73,137
252,214,76,141
257,211,67,144
250,234,68,119
259,235,66,122
260,224,66,130
257,236,69,120
261,249,65,106
258,252,69,103
255,257,73,97
258,257,71,97
257,257,69,98
257,231,69,121
255,242,68,112
258,251,71,104
255,254,68,99
257,251,68,103
255,245,71,108
256,247,68,108
256,248,72,107
258,256,69,98
252,253,74,100
256,248,75,106
256,250,69,105
258,255,71,98
255,256,73,98
257,256,74,97
253,255,69,98
258,254,69,101
257,256,67,98
259,253,71,101
256,241,69,114
257,243,70,112
260,231,67,123
258,223,67,130
257,225,68,130
258,230,70,126
259,238,68,117
259,249,70,105
256,250,71,102
256,246,71,107
256,243,66,111
258,237,70,118
261,234,66,121
258,244,67,112
260,240,69,115
258,246,67,106
256,246,72,109
256,244,66,111
257,246,70,109
256,251,72,103
258,256,66,97
258,250,68,104
259,243,66,110
261,232,65,123
259,230,67,126
259,233,70,122
257,229,72,124
256,226,71,128
260,224,71,133
257,227,71,128
257,225,69,128
260,226,67,131
259,223,68,133
259,227,73,129
260,226,69,130
258,225,70,132
256,223,70,129
258,227,71,129
259,228,66,127
259,227,73,129
260,226,70,128
257,227,70,128
259,222,71,135
259,226,70,131
258,225,69,130
259,225,69,129
259,222,70,134
260,220,70,137
258,224,71,132
255,217,72,137
258,214,72,141
255,217,74,139
255,222,73,135
258,221,76,133
259,221,71,135
256,223,73,132
255,221,70,130
260,221,69,134
257,225,69,130
260,221,68,135
257,213,72,143
256,222,70,133
258,223,70,133
255,227,71,127
258,230,71,124
258,227,67,127
258,222,68,134
258,226,70,129
259,225,71,132
256,229,69,121
258,223,67,131
259,226,69,128
259,228,69,127
256,226,70,130
259,222,74,135
258,226,74,128
261,227,69,128
256,226,70,128
259,223,71,134
259,230,72,123
255,227,75,128
255,230,70,123
258,230,71,126
256,224,71,130
259,229,71,129
253,230,74,122
258,227,72,128
257,226,72,128
257,227,69,129
257,224,74,131
256,225,71,129
254,225,75,128
254,227,75,127
260,230,72,124
257,226,71,128
257,229,72,126
259,228,72,124
255,224,73,131
259,227,69,129
257,225,72,130
258,227,72,128
258,229,70,126
256,225,71,127
257,231,71,125
258,231,70,123
257,228,70,127
256,226,71,126
259,219,74,132
262,219,76,132
271,222,75,124
280,227,77,116
288,225,80,109
300,224,81,113
306,214,86,119
315,202,85,126
322,197,90,126
328,198,95,127
336,195,97,130
345,199,97,124
352,201,99,118
358,203,101,115
362,202,99,112
365,203,100,110
368,202,103,108
372,206,100,100
373,205,97,97
373,200,95,99
374,191,99,106
379,185,96,107
380,178,100,104
387,171,97,100
394,175,93,88
402,164,89,90
415,163,80,90
419,158,80,91
421,156,80,86
422,158,82,82
425,161,82,81
418,164,88,80
415,168,91,78
414,172,88,78
403,177,90,72
391,186,98,65
378,191,107,62
364,193,119,65
352,201,131,59
363,206,116,58
380,212,100,72
375,218,102,76
375,218,102,76
359,259,111,68
359,259,111,68
359,259,111,68
359,259,111,68
359,259,111,68
359,259,111,68
359,259,111,68
359,259,111,68
359,259,111,68
359,259,111,68
359,259,111,68
303,266,103,72
293,273,102,60
296,273,96,59
296,275,86,55
290,273,85,55
287,270,82,54
274,270,88,52
285,271,76,50
285,271,76,50
283,263,70,51
283,261,70,49
268,255,82,53
267,256,83,53
267,251,84,55
267,254,82,51
263,252,88,52
263,256,87,50
265,259,86,48
265,254,85,51
266,255,84,49
264,251,85,53
265,254,85,50
266,257,83,47
267,252,82,50
265,257,86,50
267,255,82,50
267,250,83,56
264,255,87,51
263,252,87,51
264,251,84,53
262,255,87,54
265,251,82,54
264,253,83,55
263,253,84,55
260,254,84,56
257,255,83,56
257,255,84,55
256,257,84,54
255,258,78,55
256,258,79,58
255,261,86,58
256,263,90,56
258,265,87,52
258,268,87,49
261,267,90,54
265,272,85,49
268,269,84,46
273,265,80,49
273,262,87,50
276,258,89,50
279,253,89,49
282,249,89,45
282,247,87,47
287,236,91,48
291,221,102,51
299,207,99,52
299,191,106,62
306,190,105,60
303,181,112,74
291,176,125,82
331,159,105,77
342,152,102,74
304,104,96,77
317,100,95,77
376,134,89,91
380,136,88,91
378,144,89,84
370,151,96,82
370,146,94,98
335,167,122,83
325,162,127,93
296,155,145,108
289,155,148,116
284,153,145,122
283,153,138,125
275,158,136,133
263,195,149,103
277,212,133,86
275,217,137,77
280,227,135,61
285,227,132,56
292,227,131,55
292,223,136,57
296,222,135,58
307,213,127,70
296,211,134,79
290,205,141,90
288,207,141,93
289,203,129,107
288,205,118,113
292,207,104,123
291,211,94,127
284,207,86,127
276,206,84,125
266,208,76,123
260,219,71,107
256,222,67,104
253,222,66,109
248,216,65,116
244,227,60,108
238,230,61,107
235,222,65,110
237,238,58,98
237,233,58,102
234,228,60,108
232,225,62,110
234,238,60,97
235,240,58,96
236,241,57,95
234,240,57,96
237,232,55,105
234,215,62,117
234,210,59,126
233,211,65,123
234,209,63,125
233,209,63,125
233,209,64,125
234,212,62,126
234,210,62,125
234,205,61,131
233,208,63,127
234,208,63,128
236,212,62,127
234,210,62,128
233,211,63,125
234,213,62,123
234,210,62,126
235,207,60,127
234,207,62,127
236,204,62,133
234,211,62,124
234,206,61,130
233,208,63,127
233,211,64,124
235,207,60,128
235,207,62,128
234,210,63,124
233,213,63,123
234,212,62,124
233,207,63,128
237,206,60,132
235,209,62,128
232,210,63,126
234,207,62,129
234,206,63,131
234,203,61,134
235,210,60,125
233,208,63,127
235,207,60,128
234,206,62,127
235,207,62,128
232,208,65,127
233,213,63,121
234,209,63,125
234,207,63,130
235,210,61,126
234,209,60,126
235,207,61,128
233,208,63,126
234,206,62,128
233,207,63,127
234,208,61,125
234,208,61,125
234,208,64,127
233,211,63,125
234,210,61,125
234,210,63,124
234,208,62,127
233,207,63,126
234,212,62,122
234,211,61,125
235,209,60,125
235,208,60,126
235,208,63,126
235,211,61,124
235,208,62,127
235,206,59,127
235,208,60,126
233,208,62,127
235,213,60,121
234,210,60,125
234,207,61,126
233,209,61,125
234,209,59,125
235,208,59,126
235,211,60,122
235,209,61,125
234,210,60,123
234,210,60,123
235,210,61,124
234,210,61,124
234,208,60,126
235,206,60,130
233,211,63,122
234,209,61,124
234,206,60,126
233,210,61,124
234,209,61,124
234,208,61,125
233,209,63,125
233,212,66,122
234,208,61,126
233,209,64,128
233,208,65,127
235,209,62,127
234,208,61,129
235,212,61,125
235,207,59,129
236,206,62,132
233,211,63,125
235,209,61,127
236,207,60,130
234,209,62,127
234,205,63,133
235,212,62,124
234,207,62,128
234,211,62,125
235,210,62,125
235,212,60,124
234,211,62,125
233,209,64,128
234,210,64,126
234,214,62,122
235,211,61,124
235,206,62,130
236,206,61,132
234,213,62,124
235,209,63,127
234,210,61,126
235,210,61,126
