369,261,48,41
369,262,47,38
367,263,50,37
365,261,51,40
361,261,51,39
357,259,49,42
352,257,49,44
345,252,48,50
344,248,40,49
338,243,38,43
337,239,37,37
335,230,39,39
330,219,43,42
325,208,46,46
324,206,52,45
326,205,53,43
329,203,52,45
334,205,54,40
338,205,56,38
344,193,51,47
345,188,53,52
348,184,51,51
350,183,48,52
351,183,46,53
353,186,43,52
354,193,44,50
356,198,45,50
357,205,47,49
360,210,48,50
362,213,50,53
365,218,49,57
370,226,49,55
375,232,47,53
381,238,46,48
383,240,45,48
383,240,46,51
382,240,46,53
380,242,53,51
376,242,58,55
379,243,53,55
384,244,52,53
385,249,50,47
384,250,52,46
385,251,51,45
387,253,49,42
385,250,52,46
387,253,49,44
388,254,50,44
388,255,50,44
389,256,49,44
390,258,48,42
393,259,49,40
395,260,47,39
394,262,48,38
395,262,47,38
395,262,48,37
394,261,48,39
394,262,49,38
395,262,47,38
395,262,46,38
392,262,45,37
389,261,47,39
387,261,46,40
383,250,46,44
384,234,43,52
386,224,47,52
391,216,49,50
394,204,54,45
407,193,49,48
412,182,49,49
416,172,50,48
420,166,49,47
422,163,46,47
420,160,46,46
418,157,46,45
418,155,43,45
418,151,43,46
414,148,48,47
407,145,55,49
410,145,52,48
407,146,53,46
403,147,55,46
402,149,53,46
397,150,53,48
394,152,52,46
388,153,51,48
379,154,54,47
373,154,54,47
365,153,52,47
358,153,53,48
351,154,53,48
346,155,54,49
343,155,51,49
341,156,53,49
339,158,55,48
343,161,52,47
344,163,52,46
347,163,52,49
354,164,46,48
363,166,42,46
369,165,49,44
376,166,48,44
388,166,50,49
398,169,54,51
416,173,50,51
427,186,55,46
442,194,58,48
469,199,60,48
486,204,64,43
517,207,64,41
540,200,64,45
544,200,67,42
563,196,66,43
572,195,60,43
594,189,45,43
608,186,41,39
608,186,41,39
608,186,41,39
608,186,41,39
608,186,41,39
608,186,41,39
608,186,41,39
608,186,41,39
608,186,41,39
608,186,41,39
608,186,41,39
608,186,41,39
608,186,41,39
608,186,41,39
608,186,41,39
608,186,41,39
608,186,41,39
612,193,39,43
601,199,36,41
579,202,41,39
542,200,46,42
516,198,50,44
482,194,61,47
450,188,63,47
431,185,54,40
409,177,54,41
382,169,58,41
368,160,52,41
355,158,47,40
339,150,50,45
328,144,45,47
320,141,47,43
321,140,45,45
318,137,53,50
320,139,56,49
325,138,56,50
335,139,53,51
349,141,50,48
363,143,50,47
380,145,47,46
400,150,48,43
417,153,54,42
433,155,58,44
452,156,63,45
473,159,64,44
490,158,69,50
513,159,68,51
536,161,67,52
558,161,65,50
578,158,60,51
594,160,49,51
602,165,42,48
612,167,36,45
617,167,31,41
617,167,31,41
617,167,31,41
617,167,31,41
617,167,31,41
617,167,31,41
617,167,31,41
615,188,31,49
608,189,32,55
598,194,39,51
586,201,47,47
569,208,55,45
538,213,61,46
515,215,71,50
495,220,74,51
474,223,75,52
454,226,77,54
436,231,75,49
423,235,68,49
411,236,56,45
397,236,53,48
382,238,55,48
371,237,51,51
361,238,52,50
356,240,47,48
349,240,44,49
342,243,48,48
337,243,50,48
335,239,48,55
332,237,52,54
334,237,52,50
336,238,52,47
340,237,50,46
345,236,49,45
352,235,47,47
363,232,42,45
373,231,44,45
384,231,46,43
392,230,51,42
401,230,56,43
411,232,59,40
423,232,61,42
435,231,59,42
450,231,59,44
461,230,61,47
475,231,55,46
489,230,54,46
501,229,53,43
507,227,58,44
511,228,63,43
512,223,72,50
517,223,73,54
519,219,75,56
523,220,72,58
524,222,67,52
523,226,66,49
523,229,56,44
521,232,52,45
511,234,56,47
506,235,54,47
494,235,59,50
483,235,61,48
472,234,65,48
465,233,62,43
453,235,62,43
451,236,61,44
446,235,60,46
444,236,59,45
436,237,57,47
428,236,55,50
424,235,51,48
421,235,47,48
415,232,44,47
415,231,39,46
410,228,42,45
407,224,46,46
403,222,48,46
397,221,55,47
395,219,57,46
396,218,55,46
400,218,55,45
402,219,55,44
406,218,53,46
414,217,49,48
424,218,45,51
433,220,47,50
439,226,50,47
446,229,54,48
454,234,57,47
459,239,64,46
470,244,63,45
476,245,68,46
486,245,67,50
494,244,65,49
502,245,62,49
513,245,51,45
519,243,54,45
518,240,60,44
517,238,65,47
515,237,69,48
513,233,71,52
510,231,73,49
511,233,66,45
508,232,63,44
505,230,60,42
499,228,59,41
499,227,51,40
493,223,47,40
491,217,40,45
486,215,40,41
475,213,48,39
469,207,51,40
465,206,51,39
460,203,53,41
456,201,55,43
454,199,54,44
451,201,54,42
453,201,50,41
452,201,48,40
456,200,44,41
461,201,38,39
461,200,40,41
464,199,43,41
465,199,45,39
466,201,49,38
467,203,52,38
471,205,51,37
473,207,54,37
476,207,54,40
481,208,53,40
485,209,51,41
490,210,49,44
496,211,45,44
501,213,45,45
504,215,47,46
505,215,54,46
505,213,57,50
502,209,62,56
500,204,69,60
498,201,72,60
496,200,71,60
494,199,69,58
493,198,65,56
488,196,64,59
484,194,61,59
483,193,52,55
478,192,52,54
472,191,52,51
463,190,56,46
456,185,57,45
452,180,56,43
448,176,56,41
444,173,55,37
441,165,54,40
438,159,54,39
438,158,47,36
436,156,45,34
435,156,40,33
434,157,37,32
432,156,35,36
431,156,32,35
427,155,31,36
423,156,33,35
419,158,33,33
413,159,37,32
409,159,36,32
405,160,35,32
400,160,35,34
397,160,33,35
393,162,32,34
388,162,31,34
388,162,31,34
388,162,31,34
388,162,31,34
388,162,31,34
388,162,31,34
388,162,31,34
388,162,31,34
388,162,31,34
388,162,31,34
388,162,31,34
388,162,31,34
364,135,29,38
362,135,34,34
365,134,34,35
369,130,34,39
369,127,40,42
372,126,43,40
372,125,46,40
379,120,48,38
385,112,49,41
393,104,53,45
403,100,55,42
413,97,59,41
426,92,57,42
440,84,54,48
450,77,56,55
460,75,57,58
471,75,63,59
481,77,67,60
492,82,71,58
504,89,73,56
512,92,75,58
519,88,69,64
527,82,61,66
525,77,60,67
522,73,65,67
515,73,70,60
511,75,71,59
504,77,69,60
501,81,64,61
497,85,56,57
487,91,52,52
472,97,55,50
460,106,56,46
448,113,60,42
439,118,55,43
432,122,52,42
425,129,46,41
415,133,42,40
405,135,45,39
396,137,47,38
388,140,47,34
385,141,44,34
382,142,40,33
378,141,37,32
376,141,31,31
375,140,32,30
372,140,34,29
370,138,39,30
372,135,39,32
374,133,40,31
376,133,38,29
381,134,35,30
384,135,34,34
386,135,38,37
390,138,41,39
395,141,46,38
400,146,50,38
410,148,50,39
418,147,52,40
429,145,54,44
442,143,53,45
454,137,53,48
466,131,52,48
476,124,53,47
486,113,63,51
496,102,72,55
505,87,78,62
516,77,80,64
525,71,77,60
533,63,79,68
538,53,78,72
541,54,74,75
538,55,75,74
534,61,79,74
528,70,91,73
524,76,89,75
515,84,84,71
510,87,75,72
498,97,68,61
485,103,63,57
471,107,62,57
456,113,66,54
444,117,65,54
435,123,61,51
428,129,52,44
419,132,45,42
410,137,44,38
401,138,45,36
393,140,47,34
386,139,48,34
382,139,47,34
379,139,45,34
380,136,38,38
377,137,37,36
376,136,35,35
373,136,38,34
374,136,38,34
373,136,40,36
375,136,39,36
377,137,38,37
381,138,35,39
386,141,32,37
388,143,34,36
391,147,36,34
394,149,40,33
398,150,45,35
403,150,49,36
410,150,51,38
417,147,55,41
426,144,54,43
439,138,52,47
449,133,51,47
456,126,54,50
461,114,63,60
468,101,75,69
477,91,79,74
485,84,81,71
492,77,83,72
498,68,83,73
507,64,74,74
509,61,70,75
504,61,72,80
498,63,78,81
491,67,81,82
484,76,83,76
477,83,80,77
477,89,76,68
471,95,74,70
470,99,70,65
463,110,65,58
451,120,58,54
440,132,58,51
427,141,59,49
417,148,61,45
411,152,56,41
407,154,50,38
402,152,46,35
396,149,42,37
397,144,35,40
391,142,38,38
387,139,38,38
384,136,39,36
382,134,40,32
381,131,38,32
382,131,35,32
383,131,31,33
383,134,29,32
382,137,32,30
384,141,33,28
383,142,37,30
385,145,39,30
387,146,40,30
390,147,42,32
395,149,41,34
403,149,39,38
409,149,36,39
416,149,36,37
421,149,39,38
426,147,48,41
432,145,53,43
439,143,58,43
448,140,58,46
456,136,60,51
467,134,56,51
477,131,51,52
482,127,51,53
484,125,55,53
480,119,63,59
478,116,70,60
474,117,72,56
470,120,73,52
463,120,72,55
455,122,70,55
447,125,65,54
432,127,61,57
417,131,63,56
402,137,62,54
384,140,69,55
372,143,67,55
357,148,62,50
345,154,55,43
336,154,46,42
320,152,47,43
308,148,44,43
295,145,46,41
287,136,48,45
279,129,51,45
275,118,49,48
269,108,48,53
265,98,44,52
260,91,48,49
258,84,50,48
261,80,47,47
263,75,44,45
263,73,47,48
264,74,49,50
274,77,45,46
283,82,45,45
294,87,41,39
303,92,47,37
317,97,49,39
334,103,47,42
358,107,43,41
376,108,43,39
394,109,43,40
413,108,51,42
435,107,57,42
459,106,55,38
485,105,47,38
505,105,44,33
521,103,50,37
542,103,59,37
558,100,60,41
579,100,54,40
594,99,45,41
603,98,40,43
611,98,31,44
617,102,25,40
624,104,26,36
624,104,26,36
620,113,22,42
617,118,24,44
613,120,26,46
606,124,33,50
591,133,44,47
574,138,56,49
558,145,65,48
540,152,65,48
517,158,61,47
492,163,62,46
464,166,69,44
441,168,65,46
419,166,63,48
395,164,60,47
369,163,66,45
348,158,66,47
334,153,59,45
316,147,53,46
300,142,52,45
287,134,55,46
279,131,56,45
277,128,47,45
267,126,46,48
265,126,47,47
264,125,47,49
264,129,47,49
265,132,49,50
267,130,49,53
270,132,49,50
273,133,49,49
281,133,60,53
287,135,60,54
299,142,70,48
313,141,62,52
334,148,60,45
351,151,60,45
381,154,50,43
403,155,46,41
423,155,48,41
441,156,53,39
460,156,56,42
480,156,62,40
499,156,65,40
516,153,67,43
535,149,65,44
550,149,65,43
565,145,65,47
576,141,61,49
583,137,55,53
592,136,45,53
594,135,41,57
589,137,49,55
584,140,54,57
578,144,59,56
571,151,64,54
558,157,69,54
549,162,61,53
529,168,59,51
507,174,57,49
483,175,61,46
459,174,58,44
433,170,60,44
409,161,58,44
386,151,55,44
372,140,45,47
346,125,48,50
324,115,49,57
303,104,50,46
284,94,48,45
270,86,46,48
257,81,50,46
247,77,48,46
239,74,45,46
231,72,44,49
222,75,44,46
218,79,45,44
216,83,45,45
216,91,46,43
217,100,45,38
221,110,42,33
226,120,41,41
226,120,41,41
226,120,41,41
226,120,41,41
226,120,41,41
226,120,41,41
226,120,41,41
226,120,41,41
226,120,41,41
226,120,41,41
226,120,41,41
226,120,41,41
226,120,41,41
226,120,41,41
226,120,41,41
226,120,41,41
226,120,41,41
226,120,41,41
226,120,41,41
226,120,41,41
226,120,41,41
226,120,41,41
226,120,41,41
226,120,41,41
226,120,41,41
226,120,41,41
226,120,41,41
226,120,41,41
226,120,41,41
226,120,41,41
226,120,41,41
226,120,41,41
226,120,41,41
226,120,41,41
226,120,41,41
226,120,41,41
226,120,41,41
226,120,41,41
226,120,41,41
226,120,41,41
316,34,41,41
302,31,51,49
283,35,50,54
264,41,51,52
252,48,53,51
239,57,55,48
236,66,51,46
233,75,49,43
233,84,45,42
236,91,42,41
243,98,36,42
250,104,30,37
256,111,30,33
263,115,31,30
271,119,30,27
280,123,28,23
280,123,28,23
280,123,28,23
280,123,28,23
280,123,28,23
280,123,28,23
280,123,28,23
280,123,28,23
280,123,28,23
280,123,28,23
280,123,28,23
280,123,28,23
280,123,28,23
280,123,28,23
320,143,36,27
320,143,36,27
320,143,36,27
319,142,41,33
397,143,46,30
419,142,39,30
420,141,38,30
420,138,34,32
417,135,32,32
409,131,34,34
399,127,38,36
387,119,43,40
375,112,44,42
361,105,48,42
347,99,50,42
333,93,48,45
321,89,56,44
311,84,42,45
295,80,43,44
281,79,43,44
271,79,44,40
262,78,45,39
255,78,49,41
253,80,46,41
251,82,45,43
252,87,43,43
255,92,40,41
261,98,35,38
269,102,31,36
274,106,32,34
281,111,30,31
324,136,33,35
326,132,35,40
321,127,42,49
321,127,42,49
321,127,42,49
321,127,42,49
321,127,42,49
359,135,37,38
369,137,34,29
387,138,26,27
394,138,28,27
401,139,30,24
407,137,32,26
413,138,33,25
419,137,34,26
423,136,33,27
425,135,35,27
426,135,37,29
431,136,35,27
431,136,33,27
430,136,30,27
426,135,30,29
419,132,33,31
411,131,34,31
404,131,34,32
392,130,36,35
381,126,37,36
376,122,33,38
372,115,36,43
369,112,43,43
371,105,37,47
366,102,43,48
364,100,43,50
362,99,40,46
355,96,45,49
356,97,40,47
357,95,37,46
356,93,38,46
356,92,39,48
354,94,43,46
355,95,44,46
356,97,44,45
359,100,38,44
365,101,33,43
367,101,35,43
367,99,39,40
368,98,36,34
371,95,32,32
373,92,29,31
371,87,32,33
369,87,36,28
368,84,38,30
371,82,34,30
372,82,31,30
374,82,27,29
372,83,32,29
371,84,36,29
372,86,35,32
373,89,32,30
375,92,28,29
375,94,30,27
373,95,34,28
372,95,36,29
375,96,31,27
378,95,28,30
379,94,29,30
379,94,34,32
379,93,36,33
381,94,35,32
385,96,32,32
388,97,33,34
389,97,39,36
389,98,45,36
393,98,44,40
398,102,41,37
406,104,39,38
410,106,43,38
410,106,50,44
414,107,49,48
419,111,45,48
426,115,41,52
425,121,51,51
422,125,55,51
422,127,55,53
423,133,49,52
425,137,44,50
420,141,48,49
414,143,52,50
410,147,51,48
407,151,46,47
403,152,46,46
400,155,44,44
399,156,44,42
395,159,44,40
390,160,47,38
383,160,49,37
376,159,49,36
373,159,43,35
369,159,38,34
366,155,36,36
357,153,41,37
353,152,41,39
350,153,37,38
347,153,34,36
347,152,31,36
345,151,32,34
343,148,35,35
342,146,35,34
341,141,37,33
343,136,36,35
347,133,34,34
353,128,31,37
357,127,34,33
359,126,38,32
361,123,41,33
367,122,43,33
372,118,44,37
378,114,44,38
386,111,42,39
395,108,41,39
404,103,45,40
410,98,49,41
416,90,54,46
424,84,56,47
427,76,61,50
435,70,62,50
441,64,61,51
448,61,57,52
458,56,54,54
464,54,55,55
464,56,60,57
461,54,65,57
457,56,69,59
452,60,68,58
447,66,64,58
437,72,66,60
429,80,55,56
420,89,52,59
407,99,52,56
392,111,52,52
373,120,55,51
359,127,55,51
343,132,57,51
329,138,58,49
317,143,55,44
308,144,46,40
301,142,43,40
300,138,43,43
301,133,42,44
305,127,37,44
310,120,36,43
314,111,38,45
323,89,43,52
335,84,56,47
351,75,51,56
365,60,51,46
380,49,55,44
397,43,54,43
412,36,54,44
426,35,55,43
443,34,54,46
457,35,56,43
471,39,54,39
485,43,54,34
498,44,54,36
509,46,54,40
519,46,59,47
528,48,58,49
538,53,56,47
544,56,57,50
549,62,57,49
552,67,58,48
553,74,54,47
549,79,56,49
542,83,63,50
531,86,64,51
521,89,62,50
505,89,65,50
488,87,65,47
472,86,63,48
449,83,66,50
431,80,63,51
411,76,63,52
390,72,62,51
371,67,61,53
356,63,58,51
341,59,61,53
330,59,54,50
318,58,52,49
312,58,47,48
304,58,48,51
302,60,46,48
301,62,46,48
302,64,46,45
308,66,44,40
315,65,43,42
324,66,41,42
332,67,44,45
343,71,45,43
356,76,43,41
368,85,44,36
379,91,46,37
392,98,48,37
407,103,49,38
423,108,49,39
439,113,49,39
452,117,50,38
468,120,47,35
481,122,50,35
494,123,50,37
505,123,52,39
515,122,54,39
523,121,55,41
523,120,57,44
531,121,54,42
531,119,54,43
536,119,53,44
540,120,52,42
539,121,51,41
538,120,52,43
533,122,53,41
526,121,53,43
516,119,53,45
506,124,53,42
492,123,50,41
479,124,47,40
464,124,44,39
446,124,45,40
428,124,48,40
412,124,44,38
394,125,43,37
376,126,45,36
360,127,43,35
346,127,42,34
329,129,43,32
317,128,41,33
305,129,39,31
294,129,38,30
285,129,36,33
277,130,36,32
270,131,38,34
266,132,38,33
265,132,38,32
265,130,39,34
267,129,38,33
269,130,38,31
271,131,37,32
276,132,36,32
280,134,35,32
287,136,38,33
297,139,39,30
310,141,35,29
322,143,35,29
335,144,36,31
349,145,39,32
364,145,39,34
380,148,41,35
394,148,46,39
411,148,47,41
428,148,50,44
445,146,53,45
463,147,52,46
478,146,52,48
489,147,56,51
501,148,60,52
511,150,60,54
519,153,64,56
523,156,66,58
527,163,66,58
528,174,66,55
526,181,65,55
522,192,62,53
511,200,69,53
504,209,67,53
491,215,69,50
477,220,70,47
463,224,69,45
449,227,65,42
435,231,62,43
420,236,62,46
411,246,56,46
395,258,54,43
385,262,52,40
378,261,48,41
372,262,47,38
370,261,45,38
368,259,45,39
370,261,37,36
367,261,35,36
364,260,36,37
363,259,36,38
362,260,36,36
361,260,39,37
362,259,37,37
362,261,34,35
362,260,35,34
362,260,38,37
362,260,38,35
362,259,36,38
361,260,38,37
362,260,36,36
361,260,40,37
363,260,35,36
363,260,36,36
363,260,36,37
363,260,37,36
363,260,38,38
362,260,38,37
362,260,38,37
363,260,35,36
362,260,37,36
362,260,38,37
363,261,35,36
363,260,33,36
363,260,34,36
363,260,33,35
364,260,33,34
364,260,36,35
362,260,37,35
364,260,32,36
365,260,32,35
365,260,30,35
364,259,36,39
361,260,39,37
363,260,37,37
362,259,37,37
365,260,35,34
366,262,35,36
303,228,35,43
312,231,38,44
318,235,42,42
326,242,39,44
331,244,43,50
333,252,47,49
335,254,48,48
336,254,46,51
335,253,48,52
334,253,50,52
333,253,49,51
329,252,54,52
327,251,55,54
327,251,54,52
325,251,55,52
323,250,56,52
323,250,55,53
321,249,55,54
322,249,53,52
322,249,52,55
324,250,49,54
326,249,45,54
327,251,44,52
327,254,44,44
329,258,42,44
328,259,43,42
327,261,38,41
325,261,37,42
327,262,36,41
325,261,37,42
365,264,29,35
366,262,26,36
369,265,24,32
369,268,24,29
368,270,24,26
369,273,24,23
333,271,25,27
333,268,27,30
333,268,27,30
361,278,32,27
326,267,33,33
331,264,39,39
328,263,43,39
324,260,51,43
323,261,51,41
329,260,51,45
324,262,49,41
327,262,48,41
323,262,51,40
327,262,58,42
324,262,50,41
323,261,51,40
327,263,57,39
323,263,51,40
323,262,51,41
331,261,62,42
324,262,73,39
323,261,75,40
322,261,77,41
321,261,81,43
322,261,76,41
321,262,80,40
320,261,79,39
322,262,77,40
322,261,78,39
322,261,78,42
320,261,79,40
322,262,77,40
320,262,81,40
319,262,82,41
321,262,75,39
322,261,78,40
323,260,78,41
321,260,82,40
323,260,83,40
321,259,86,41
321,258,92,43
321,258,93,42
311,258,106,42
319,258,100,42
309,257,109,43
344,241,98,49
359,249,82,40
380,245,66,44
386,248,49,39
391,245,46,39
397,242,43,39
400,241,42,39
402,241,45,39
406,239,42,39
407,238,44,39
408,237,45,41
410,236,45,38
414,235,42,39
413,232,43,39
415,231,44,38
414,228,46,38
415,225,46,37
414,220,47,38
415,216,45,38
419,216,38,33
417,214,40,34
414,211,41,36
412,207,42,38
409,206,43,35
406,204,44,35
404,203,41,34
402,202,39,34
398,200,39,34
395,197,38,34
391,195,38,33
387,193,38,34
383,192,37,32
378,192,37,33
372,191,38,34
369,193,35,34
365,194,35,33
361,196,34,35
354,197,36,39
348,199,38,37
344,200,39,38
342,201,37,37
337,202,37,38
335,205,37,39
329,209,40,40
326,218,41,41
324,221,40,42
326,228,38,39
327,227,38,41
325,225,40,49
323,224,44,59
323,228,47,66
324,230,47,65
328,232,43,61
331,232,43,57
335,235,41,47
334,233,51,45
334,229,53,45
337,229,53,45
336,226,56,47
338,225,57,42
338,219,59,45
340,213,61,48
340,212,63,48
344,212,57,50
344,210,57,48
343,209,57,44
343,207,55,41
343,204,53,41
345,205,48,39
345,204,46,41
346,202,42,44
345,200,40,47
343,202,37,44
344,208,36,39
343,209,36,43
336,211,42,45
331,213,46,47
325,222,49,40
322,223,50,40
321,225,51,39
319,225,50,40
318,225,49,43
318,226,50,38
316,226,51,37
317,227,50,37
317,226,52,40
319,226,51,39
319,225,51,40
318,225,53,42
317,224,55,41
319,225,52,41
317,226,53,41
318,226,52,40
318,226,52,39
319,226,51,39
318,226,51,41
318,226,51,40
319,226,52,41
318,226,53,40
319,226,52,40
318,226,53,38
320,225,52,39
322,223,53,40
323,220,54,42
327,217,53,44
330,217,52,41
332,213,49,41
334,210,53,41
339,210,50,40
341,209,50,41
344,210,50,43
346,212,51,48
348,218,52,47
347,225,53,43
351,230,51,37
354,232,49,37
357,231,48,40
358,229,49,42
358,226,49,41
359,224,47,40
360,220,46,39
359,217,46,37
359,214,44,34
358,212,43,35
359,209,41,37
358,210,40,39
355,210,41,40
353,211,40,41
353,212,38,43
351,215,36,42
348,218,35,39
347,219,34,41
345,219,33,39
341,216,35,41
338,216,34,39
335,214,35,41
333,215,34,38
329,218,35,38
326,223,36,37
324,227,37,37
321,227,38,34
320,227,37,34
318,227,37,34
317,227,38,35
315,229,38,32
316,229,37,32
315,229,38,33
315,228,37,34
313,227,41,34
314,223,42,38
314,217,42,42
316,211,41,44
316,205,43,47
317,203,43,46
319,205,43,41
320,206,45,39
321,208,46,42
320,212,50,41
322,218,49,42
323,220,50,48
325,222,50,46
326,227,51,40
327,226,52,41
329,228,52,40
331,228,49,40
329,227,51,40
330,228,51,41
330,227,50,42
330,227,51,41
330,227,50,41
330,228,50,40
329,228,51,40
330,227,50,41
329,228,52,40
330,228,51,39
330,227,50,41
330,227,51,41
330,228,50,40
330,228,51,40
330,227,50,40
329,227,51,41
330,227,49,41
329,227,51,42
330,227,50,41
330,227,50,42
330,227,50,41
329,228,51,40
331,227,50,40
329,228,51,41
330,228,50,41
329,227,52,42
330,227,50,43
330,227,51,41
330,227,51,41
329,227,52,42
330,227,50,42
330,228,51,40
330,228,51,41
329,228,51,41
330,227,50,41
331,228,49,38
330,227,50,40
329,228,52,40
330,227,51,41
330,227,50,41
330,227,51,42
330,227,51,42
330,228,50,40
329,228,52,41
330,227,51,41
329,228,51,40
329,228,51,40
329,227,52,42
329,228,51,40
331,228,50,41
329,227,52,42
329,228,52,41
330,227,51,41
330,227,50,42
330,227,50,42
330,227,50,43
332,227,48,42
329,227,51,41
329,228,51,40
330,227,51,43
330,227,51,44
331,228,49,41
330,228,51,40
331,228,50,40
329,228,52,40
330,228,50,40
329,227,51,41
330,227,50,41
330,228,50,40
330,228,50,40
329,228,52,40
329,227,52,42
330,227,50,43
330,227,51,42
330,227,50,40
330,227,50,38
330,226,49,39
331,225,49,40
331,223,48,43
332,224,49,41
332,223,49,39
333,220,48,39
335,218,48,37
336,212,48,42
338,208,48,42
342,206,45,40
343,202,47,41
345,201,45,37
349,200,43,38
351,198,44,39
353,197,44,39
355,195,44,40
358,195,44,40
361,194,44,41
365,194,42,39
367,195,42,40
371,196,39,42
375,200,35,40
378,202,35,38
381,203,34,40
382,204,36,39
385,205,33,38
387,206,34,37
389,205,33,37
391,205,33,36
392,204,33,38
393,204,34,38
394,205,35,39
393,206,35,40
392,210,36,37
391,211,36,37
390,213,36,36
387,214,37,37
383,214,38,36
380,213,39,40
375,214,40,40
370,216,42,39
366,215,43,41
360,214,47,41
355,211,46,39
349,209,49,37
350,208,45,36
346,209,44,37
345,208,42,39
340,210,44,40
339,211,43,42
333,212,46,44
329,221,46,40
324,227,45,35
321,231,45,33
317,232,44,34
316,236,41,29
316,236,41,29
316,236,41,29
316,236,41,29
316,236,41,29
316,236,41,29
316,236,41,29
316,236,41,29
316,236,41,29
316,236,41,29
316,236,41,29
316,236,41,29
316,236,41,29
316,236,41,29
316,236,41,29
316,236,41,29
316,236,41,29
316,236,41,29
316,236,41,29
316,236,41,29
316,236,41,29
316,236,41,29
316,236,41,29
316,236,41,29
316,236,41,29
316,236,41,29
316,236,41,29
316,236,41,29
316,236,41,29
316,236,41,29
316,236,41,29
316,236,41,29
316,236,41,29
316,236,41,29
296,259,44,33
298,257,49,41
298,256,56,46
297,258,73,47
290,257,81,49
292,259,79,45
347,210,66,57
291,256,80,50
289,258,81,48
289,259,83,46
291,258,83,47
288,259,82,47
291,258,80,45
289,258,83,48
290,259,82,46
289,258,83,47
288,258,83,49
289,258,84,46
290,257,82,48
290,258,81,46
289,258,84,47
290,258,81,46
290,259,82,47
291,258,80,45
291,259,79,46
291,258,82,47
288,258,82,48
291,258,82,45
288,258,84,48
290,258,80,47
289,258,83,48
290,258,82,45
290,259,82,46
292,257,79,47
295,256,76,49
296,258,76,46
301,258,73,44
305,259,71,44
309,260,67,43
315,259,63,46
319,259,59,45
327,259,52,46
334,259,43,47
336,259,40,44
338,259,40,44
336,260,49,43
336,261,57,44
334,261,69,43
332,263,75,44
331,264,81,41
331,264,80,40
330,264,82,40
331,265,82,38
332,265,85,39
331,265,90,40
332,264,90,40
331,265,91,40
332,264,90,41
331,265,92,41
332,265,90,41
331,264,91,40
331,264,93,41
332,263,93,43
331,263,95,42
329,262,98,40
328,262,94,39
326,262,85,39
360,247,72,42
374,245,55,41
379,243,49,40
385,240,43,44
387,239,39,43
384,238,40,44
383,237,42,43
381,233,49,48
377,234,56,48
378,233,58,48
379,232,59,49
380,233,57,48
382,231,55,48
383,233,54,45
386,232,52,46
387,231,49,45
390,231,46,45
392,230,44,45
391,228,47,43
391,226,50,43
391,224,52,44
394,221,53,43
393,217,55,44
398,212,52,42
400,208,53,41
402,203,49,41
408,200,41,42
409,197,37,40
409,195,37,38
407,192,44,39
404,188,44,40
402,184,49,42
399,183,51,38
398,181,52,36
396,180,51,35
398,177,47,36
396,177,43,35
398,177,37,32
396,176,35,36
394,178,36,37
389,177,42,38
386,178,45,37
383,178,47,35
382,175,47,37
381,172,48,39
380,170,46,40
382,168,43,42
384,167,38,41
384,166,35,42
382,164,38,42
381,164,41,41
379,161,45,43
377,161,49,42
379,160,48,43
378,161,50,41
377,162,50,40
379,162,49,39
382,162,45,39
385,162,39,36
385,159,35,34
386,153,37,35
383,147,40,37
382,142,44,36
381,137,45,35
381,132,46,37
380,130,46,35
380,128,44,33
380,124,42,33
380,122,41,33
381,119,36,31
380,116,31,32
376,112,32,34
371,109,37,35
368,106,40,35
364,105,41,35
361,107,43,34
358,107,43,36
355,109,43,38
353,112,43,38
352,115,39,37
352,117,34,35
353,119,31,34
351,120,31,35
350,123,32,34
347,125,34,35
346,129,36,35
345,134,38,34
345,139,37,34
346,143,36,35
346,150,36,33
346,157,35,32
349,164,32,31
350,170,29,31
350,177,28,31
351,183,30,28
350,188,34,24
350,192,35,23
350,192,35,23
350,192,35,23
350,192,35,23
350,192,35,23
350,192,35,23
350,192,35,23
350,192,35,23
350,192,35,23
350,192,35,23
350,192,35,23
350,192,35,23
350,192,35,23
350,192,35,23
350,192,35,23
350,192,35,23
350,192,35,23
350,192,35,23
350,192,35,23
350,192,35,23
350,192,35,23
350,192,35,23
350,192,35,23
350,192,35,23
350,192,35,23
350,192,35,23
350,192,35,23
350,192,35,23
350,192,35,23
350,192,35,23
350,192,35,23
350,192,35,23
350,192,35,23
350,192,35,23
350,192,35,23
350,192,35,23
350,192,35,23
350,192,35,23
350,192,35,23
366,198,35,23
367,195,36,19
369,193,37,20
369,189,40,23
371,181,40,29
371,176,42,33
374,173,41,32
377,168,41,33
378,165,41,32
379,162,42,33
382,159,42,34
382,156,45,36
383,153,44,36
384,152,43,35
386,150,41,35
384,149,43,33
383,147,43,34
381,143,43,36
380,140,44,37
376,136,45,39
374,135,45,39
371,134,45,36
368,134,43,35
366,134,42,35
362,134,43,34
357,135,44,36
353,136,46,40
349,139,46,40
346,143,48,41
343,148,46,38
340,152,46,38
339,156,45,38
337,159,47,39
336,161,48,41
337,162,49,44
338,165,50,43
341,168,47,40
344,170,47,37
348,170,45,37
352,169,47,38
357,167,47,38
362,163,47,38
369,160,46,38
374,158,46,38
381,156,45,37
388,154,44,37
393,151,43,39
398,149,44,41
405,149,42,39
409,147,41,39
412,146,39,40
415,146,39,39
416,146,39,39
417,145,37,38
415,145,38,37
415,144,36,39
413,142,35,41
410,141,35,42
406,142,35,40
402,143,35,39
395,145,35,36
392,145,32,36
387,145,33,37
381,145,33,39
378,145,32,39
372,146,32,39
368,149,32,38
362,152,34,37
359,154,34,35
356,156,33,36
355,160,31,34
352,164,33,33
350,166,34,36
350,170,34,35
350,174,34,35
352,179,33,31
352,183,34,27
355,186,33,25
357,187,34,24
359,188,34,24
364,189,31,24
367,190,31,24
372,191,28,27
373,192,30,33
375,195,30,29
377,196,30,30
379,197,31,34
380,199,32,32
382,198,33,33
384,195,34,33
385,191,35,34
385,183,37,38
386,178,37,40
387,171,37,43
386,167,42,43
385,163,42,45
383,160,44,45
382,156,45,47
380,154,46,47
378,154,49,48
375,156,50,49
373,157,50,50
371,158,52,49
369,158,51,48
369,158,50,45
366,158,51,43
365,156,51,44
363,157,52,43
361,157,53,44
363,157,50,43
362,160,51,41
360,163,50,39
361,170,48,37
361,172,47,36
361,176,47,37
361,178,46,37
360,184,47,38
359,190,48,42
360,198,46,37
360,205,43,33
359,206,43,33
358,206,42,33
357,206,43,32
357,206,43,32
358,206,42,32
357,206,43,32
357,206,44,32
357,206,44,32
358,206,42,32
358,206,42,33
357,206,43,32
358,206,42,31
358,206,42,32
357,207,42,31
358,206,43,32
357,206,43,31
359,207,42,31
359,207,42,32
358,207,43,31
358,206,42,32
358,206,44,33
358,206,43,33
358,206,44,33
358,207,43,32
358,206,43,32
358,206,43,34
358,207,43,32
358,206,42,32
358,207,43,31
357,206,44,33
358,206,44,33
358,206,44,32
358,207,43,31
358,205,44,33
360,204,43,34
360,202,45,36
360,199,46,37
363,197,45,37
365,196,45,35
368,194,44,33
371,191,42,35
373,190,42,34
375,187,43,34
378,183,41,36
381,181,41,35
383,179,40,37
385,178,37,36
387,177,38,37
388,176,37,36
390,176,36,35
391,174,34,38
390,174,33,39
390,173,33,40
389,173,34,41
389,173,33,41
387,175,34,37
387,173,33,36
384,170,34,36
381,166,35,37
377,160,35,40
372,155,38,41
368,152,39,41
363,151,41,39
360,149,41,38
356,148,41,39
353,145,42,41
349,143,43,40
346,140,43,41
345,137,43,41
343,135,42,40
343,134,44,38
342,130,44,41
343,129,43,39
343,128,43,38
343,127,43,39
344,125,44,40
345,125,43,39
348,125,43,38
350,125,42,36
352,125,42,35
355,125,42,35
357,125,41,37
361,125,40,37
362,122,42,39
366,123,41,37
369,122,42,37
373,122,40,35
376,121,40,36
378,120,40,37
378,120,41,39
378,120,43,41
380,120,42,42
380,120,40,40
382,119,37,42
381,117,36,42
379,115,37,41
373,112,40,43
369,112,40,41
362,111,42,44
358,112,41,44
354,114,39,43
348,119,40,40
343,124,39,39
337,129,40,35
333,131,40,36
329,132,40,34
326,132,39,30
325,131,39,31
324,131,39,31
324,129,40,30
324,128,41,29
326,127,43,30
331,124,40,32
335,122,41,33
339,121,41,33
340,121,42,32
343,120,43,33
345,119,43,33
351,118,43,32
357,117,42,33
361,114,45,36
365,112,48,36
370,106,50,40
375,100,53,42
382,93,51,42
386,86,49,42
391,78,47,46
392,69,49,48
393,62,48,49
394,53,47,50
392,47,46,48
390,42,42,49
386,40,41,52
381,41,42,52
375,43,42,51
370,50,40,46
364,56,38,45
360,59,36,41
354,57,36,40
349,57,36,40
345,60,35,39
340,64,37,40
335,72,38,36
331,83,39,37
328,95,40,43
329,103,43,41
337,101,43,41
347,103,44,41
358,106,42,44
368,116,44,46
379,127,43,42
387,136,47,37
398,132,49,39
409,121,50,44
416,113,53,46
425,109,55,45
433,105,54,41
438,100,55,39
440,95,59,47
438,86,64,55
435,77,65,57
431,70,62,55
421,62,62,58
407,60,64,56
395,57,61,58
380,59,62,57
366,61,63,62
353,66,60,57
341,73,61,53
329,79,63,49
327,84,53,46
321,87,52,45
318,92,48,43
315,97,48,39
316,101,45,37
316,106,44,36
318,107,44,38
322,107,43,39
327,107,42,40
331,110,43,39
339,114,40,37
346,116,39,35
353,119,38,34
360,122,39,33
368,121,42,35
379,121,38,35
388,121,36,36
400,119,36,33
407,114,41,37
417,107,42,40
425,99,45,44
432,88,45,49
436,79,48,49
441,68,50,54
442,63,56,54
443,63,58,56
443,69,62,58
443,83,66,65
445,102,65,65
439,114,67,55
433,117,60,61
423,131,60,55
414,137,62,64
403,149,60,58
390,156,63,53
382,154,62,52
375,158,57,47
367,164,52,44
363,168,50,45
358,167,48,47
354,168,42,36
350,166,43,34
349,161,38,33
346,156,41,38
344,149,41,41
345,144,39,39
345,142,38,37
344,140,38,34
346,136,37,34
347,133,38,33
346,129,40,34
346,126,43,37
347,123,43,39
349,121,43,39
351,121,41,35
354,118,40,34
354,112,40,36
357,107,40,37
358,102,42,40
359,96,45,44
361,92,45,47
365,90,44,50
368,87,40,55
371,86,40,57
372,88,44,55
367,86,52,60
371,86,49,61
369,86,51,61
370,86,51,63
371,91,51,59
371,91,51,59
369,94,52,57
368,102,52,51
368,108,51,48
366,113,50,51
364,118,51,52
361,125,52,49
362,133,46,40
358,139,44,36
355,144,42,33
352,146,41,32
349,150,40,31
346,153,39,32
342,156,40,32
341,160,36,30
338,164,34,29
335,166,34,29
332,169,32,27
328,171,32,27
325,172,33,27
324,173,31,27
322,175,29,26
320,179,29,25
319,181,28,27
316,182,31,28
317,183,28,27
318,183,26,28
319,182,25,29
322,181,25,29
324,179,26,30
327,176,26,29
330,172,27,29
332,166,29,30
336,160,29,33
338,155,31,35
340,149,32,35
342,146,33,33
345,142,33,32
349,138,33,30
350,135,34,29
352,131,33,32
352,128,36,31
354,124,32,30
353,122,33,29
353,119,32,28
353,116,30,26
351,113,30,25
349,111,30,25
345,110,30,25
343,108,30,25
339,106,29,26
337,104,28,25
334,103,26,24
330,102,27,23
328,101,25,22
323,100,26,22
321,99,25,22
318,97,24,24
316,96,24,25
316,94,22,27
315,94,24,27
315,93,24,28
318,93,24,29
322,93,25,28
326,92,26,30
331,91,28,30
337,91,30,31
343,90,33,32
352,90,34,32
362,91,36,32
370,92,37,31
381,94,38,30
391,95,39,31
401,96,39,31
413,98,37,30
420,99,38,30
429,99,35,29
436,100,35,31
442,100,34,31
446,99,35,33
449,100,34,33
449,101,35,32
449,101,32,33
448,102,30,32
443,104,30,31
437,105,29,32
430,107,29,33
424,110,28,32
415,115,27,28
404,119,29,26
394,121,29,26
382,123,30,25
371,125,28,24
359,125,29,25
347,125,29,25
338,123,24,24
328,117,26,25
318,110,28,27
311,104,28,30
305,98,29,29
301,95,28,29
299,93,29,29
296,91,31,31
297,92,31,32
300,92,30,32
303,95,31,32
309,97,30,32
316,101,35,30
326,104,33,29
335,105,35,28
345,104,35,28
355,104,35,26
363,103,38,27
373,102,37,27
382,100,37,27
389,98,35,28
394,97,35,28
398,96,37,29
397,95,40,30
399,95,39,32
399,95,39,33
398,96,37,34
398,98,36,32
395,101,36,30
389,105,33,29
382,107,34,32
374,111,33,30
364,115,33,30
354,121,31,28
342,124,30,28
330,127,31,27
317,129,32,27
307,129,30,28
296,125,31,29
287,123,30,31
279,118,29,32
272,116,32,30
267,109,31,33
263,105,31,32
260,102,31,32
259,98,30,33
259,94,31,33
262,91,32,31
263,87,34,33
267,84,34,33
273,82,33,34
280,82,33,34
288,82,33,33
298,82,30,33
307,80,33,33
319,78,32,34
329,74,35,36
338,70,40,37
349,65,41,40
358,62,44,41
369,58,46,44
377,55,48,44
385,53,50,45
393,53,50,44
398,52,52,45
405,55,50,46
407,55,51,50
409,58,51,54
410,63,52,52
407,67,53,52
404,77,55,50
400,85,54,49
394,93,55,49
384,97,58,55
379,102,58,57
370,113,58,52
363,122,56,46
354,130,56,46
347,139,55,44
339,148,55,46
330,157,57,49
325,166,54,48
317,173,58,47
312,179,57,45
309,186,55,43
307,192,55,44
306,194,52,49
307,197,53,52
309,204,54,46
312,207,55,48
316,212,55,48
322,216,56,46
329,217,56,43
337,219,54,44
344,223,52,49
351,229,52,52
358,230,56,58
363,236,53,62
367,239,55,63
378,243,46,60
383,251,43,59
385,254,49,58
387,257,46,50
391,260,44,46
391,259,44,46
388,257,47,45
384,256,49,46
384,253,48,48
379,253,53,47
373,252,56,51
369,251,56,50
366,252,53,46
361,253,56,46
357,253,60,48
355,252,60,48
356,248,60,49
355,245,59,48
355,243,60,47
354,240,61,48
356,238,60,46
354,231,62,47
357,221,60,48
358,215,59,45
356,207,60,46
356,203,60,43
358,199,58,44
358,196,58,43
359,194,52,41
358,194,54,40
357,194,53,42
356,196,54,41
355,198,55,46
353,202,54,44
353,206,51,46
353,211,48,47
353,217,46,45
354,223,41,45
352,226,43,46
351,229,42,47
351,230,40,46
350,229,39,49
348,229,44,54
346,229,48,60
343,233,57,57
343,232,58,60
345,234,62,58
346,234,65,58
345,237,68,54
349,237,66,50
354,238,63,47
357,236,60,46
360,235,57,44
363,233,56,44
364,230,56,48
364,226,59,48
363,224,61,47
361,221,63,47
361,222,59,44
361,223,56,43
358,223,59,44
356,223,58,44
352,221,61,47
350,220,58,49
346,220,59,49
344,221,55,49
341,221,52,49
336,223,54,43
334,223,50,44
331,222,53,43
330,223,51,43
329,224,49,40
326,225,52,40
326,227,51,40
325,227,52,38
324,227,52,39
325,227,53,40
324,227,52,42
324,227,52,38
324,227,52,39
324,227,53,39
324,227,53,38
324,227,52,38
325,227,51,38
325,227,52,39
324,227,53,39
323,227,53,38
326,227,51,38
325,226,52,40
325,227,51,40
324,226,53,41
325,227,53,39
323,227,54,37
324,227,52,39
326,228,51,38
325,227,51,39
324,227,52,38
324,227,53,38
325,226,52,40
326,221,53,43
329,214,53,44
329,208,53,44
331,201,54,45
333,195,49,41
333,188,52,39
336,180,50,40
339,174,48,40
339,169,50,39
340,165,49,40
339,160,49,41
340,157,47,38
340,152,45,37
341,147,44,39
340,145,43,38
339,145,43,38
338,148,43,36
337,150,44,35
338,150,41,35
337,150,41,34
336,152,40,31
336,154,40,30
336,154,39,33
335,155,40,34
337,157,37,34
337,157,36,36
339,158,33,36
339,161,33,34
340,164,31,33
339,167,31,32
339,173,32,31
339,176,31,34
339,182,31,37
337,187,33,39
336,194,34,39
336,199,34,38
336,202,32,35
335,203,33,33
334,204,33,32
334,204,33,33
334,204,34,32
334,204,34,34
333,203,34,34
333,204,35,32
333,204,35,33
334,204,34,34
334,204,34,32
334,204,34,32
333,205,35,32
332,204,36,32
334,203,34,34
336,202,34,34
337,200,34,37
340,198,33,37
342,195,33,37
346,191,30,36
348,188,30,33
350,183,30,32
351,180,32,30
354,174,31,30
354,167,35,34
355,161,36,35
356,157,37,35
355,155,38,35
354,154,40,31
354,153,40,30
354,153,40,32
352,157,41,33
352,158,42,34
351,164,43,34
351,166,44,33
350,173,43,34
350,178,44,34
353,183,43,32
353,184,44,33
356,186,44,32
360,186,44,33
364,187,44,32
369,187,43,32
373,184,43,33
376,181,44,35
382,180,43,34
388,180,42,33
394,180,41,33
396,183,40,31
401,185,39,31
404,186,39,32
408,186,38,32
411,187,36,32
414,188,33,30
414,189,32,30
414,191,33,30
412,191,36,31
410,192,38,34
407,194,38,35
406,198,36,34
403,204,37,33
399,210,38,31
396,215,35,29
390,219,37,24
384,223,38,20
379,225,38,22
374,227,38,16
374,227,38,16
374,227,38,16
374,227,38,16
374,227,38,16
374,227,38,16
374,227,38,16
374,227,38,16
374,227,38,16
374,227,38,16
374,227,38,16
374,227,38,16
374,227,38,16
374,227,38,16
374,227,38,16
374,227,38,16
374,227,38,16
374,227,38,16
374,227,38,16
374,227,38,16
374,227,38,16
374,227,38,16
374,227,38,16
374,227,38,16
374,227,38,16
374,227,38,16
374,227,38,16
374,227,38,16
374,227,38,16
374,227,38,16
374,227,38,16
374,227,38,16
374,227,38,16
374,227,38,16
374,227,38,16
374,227,38,16
374,227,38,16
374,227,38,16
374,227,38,16
374,227,38,16
374,227,38,16
410,277,36,21
412,272,31,24
415,267,27,25
418,263,28,31
421,259,28,33
421,258,35,36
423,256,36,39
429,255,35,36
432,254,37,36
435,253,41,38
441,255,39,37
445,255,42,38
448,256,45,38
454,259,43,35
456,262,47,33
461,265,46,34
465,268,47,35
468,273,47,40
470,278,49,37
471,284,50,37
474,291,46,35
472,300,49,28
472,300,49,28
472,300,49,28
472,300,49,28
472,300,49,28
472,300,49,28
472,300,49,28
472,300,49,28
472,300,49,28
472,300,49,28
472,300,49,28
472,300,49,28
472,300,49,28
472,300,49,28
472,300,49,28
445,294,39,21
451,288,43,27
458,284,46,30
469,277,40,34
476,266,41,39
482,258,44,39
485,249,49,40
490,240,50,41
490,231,55,43
496,224,48,42
500,221,44,40
503,217,39,37
503,214,39,39
501,211,39,37
500,209,40,36
495,199,44,42
489,192,51,44
482,189,55,42
479,187,48,37
474,185,45,38
465,182,43,39
452,176,50,43
439,171,52,42
429,165,53,42
420,159,50,41
413,151,46,42
406,140,40,46
393,128,47,48
382,119,51,46
374,108,54,43
369,97,55,48
364,90,53,48
362,84,51,50
358,79,48,50
355,74,47,52
355,70,50,54
356,67,52,59
357,68,53,59
358,70,54,57
366,75,50,52
370,79,50,51
375,84,54,49
380,90,57,50
386,94,62,53
394,99,59,56
406,106,59,54
422,118,47,49
430,130,42,42
435,139,46,46
439,149,52,45
442,160,55,40
445,165,54,41
448,165,50,43
450,165,43,43
420,174,44,42
414,176,38,40
405,178,41,38
396,180,44,34
387,181,45,35
379,181,43,34
373,181,42,32
369,178,36,36
358,174,36,39
348,171,42,40
340,167,46,41
334,166,48,39
330,166,48,39
328,166,45,39
326,165,42,40
321,163,44,42
319,163,48,42
319,163,51,45
317,166,55,45
322,169,49,41
329,171,46,39
332,173,46,41
343,177,40,37
348,180,40,37
352,181,47,39
357,182,50,40
362,183,55,39
372,184,52,38
382,186,47,37
392,190,40,34
393,188,47,41
397,188,50,45
398,192,55,46
402,195,54,45
405,198,51,42
408,204,47,38
410,210,41,37
408,218,38,36
404,223,40,38
400,228,44,39
394,236,48,39
388,244,52,40
387,251,47,38
386,254,38,42
380,258,36,43
377,259,35,40
377,261,33,39
376,261,32,39
376,261,30,40
376,262,30,38
376,261,28,40
375,261,29,40
375,261,29,41
375,261,30,41
375,261,30,39
375,261,31,39
376,261,28,39
376,261,28,38
376,262,30,39
375,262,29,37
375,261,28,39
376,262,29,39
376,261,25,39
378,262,28,38
376,262,28,40
376,261,30,40
376,261,31,40
376,261,30,39
376,261,30,39
376,261,30,40
375,262,29,38
376,261,26,39
376,261,25,39
376,261,24,40
376,262,26,39
375,262,28,38
376,261,29,39
376,261,28,39
376,262,27,38
376,262,27,39
376,261,26,40
376,261,26,40
377,261,24,40
376,262,28,38
376,262,26,39
376,262,24,39
376,261,24,41
376,260,25,40
376,261,32,39
376,261,30,40
375,261,31,41
376,262,30,40
376,261,29,40
376,262,29,39
375,261,31,39
376,261,29,40
376,261,28,40
376,261,28,41
376,262,27,39
376,262,26,39
377,262,25,38
376,262,25,38
376,262,29,37
376,262,28,39
376,261,27,39
375,262,29,39
376,262,29,39
376,261,30,40
375,261,31,39
375,262,31,39
376,261,30,40
375,261,31,39
376,261,30,40
376,261,30,38
375,261,30,40
376,261,31,40
376,262,31,39
375,262,32,39
376,261,28,39
375,261,29,39
375,261,30,40
375,261,30,41
376,261,30,39
376,261,28,39
376,261,28,41
376,261,27,39
377,262,25,39
375,262,30,38
376,261,29,40
376,262,29,39
376,261,29,40
375,258,32,42
376,256,36,44
376,255,41,46
379,253,44,47
385,253,46,46
391,253,49,47
401,256,44,43
411,256,43,42
420,254,45,42
428,253,46,41
437,250,47,46
447,246,48,45
456,242,45,45
466,238,44,45
471,236,45,42
477,234,47,40
481,232,46,38
485,228,45,41
487,222,49,44
487,218,49,45
488,214,46,44
486,210,45,42
482,204,49,41
479,201,47,41
476,198,46,41
470,195,47,42
460,192,54,47
453,190,55,45
448,189,53,43
440,188,52,41
434,186,49,41
429,183,50,41
424,181,48,42
417,180,50,41
411,175,50,44
406,172,52,44
404,170,51,42
401,167,52,41
399,164,51,41
397,163,53,41
397,162,52,43
395,159,56,45
398,158,55,45
400,159,55,42
403,159,54,44
406,159,54,44
410,162,54,42
415,162,54,43
420,160,57,47
424,160,59,48
432,161,60,48
439,165,60,46
448,169,57,44
455,172,59,42
466,173,57,43
471,172,61,46
481,172,61,45
487,172,60,45
492,172,60,45
499,172,60,42
504,168,62,44
509,168,59,44
510,167,61,46
513,168,61,46
514,168,61,47
512,170,63,44
513,169,62,47
512,171,62,46
513,174,61,46
510,176,59,46
508,182,60,42
505,183,58,43
501,184,62,46
497,184,62,48
493,187,60,49
490,192,59,46
486,198,56,43
482,202,56,44
478,207,57,42
473,211,55,43
469,213,57,47
465,217,55,48
462,222,54,45
457,225,52,43
454,226,51,41
448,225,52,42
444,225,52,42
440,222,51,43
435,219,52,43
430,217,51,42
425,214,53,41
420,211,51,39
416,208,49,39
408,205,49,39
403,202,52,40
394,200,55,42
389,201,54,42
382,202,53,42
377,204,53,41
369,202,53,44
361,200,57,44
356,197,58,45
351,193,59,48
349,185,60,53
348,182,59,49
348,175,60,49
350,167,60,51
354,161,60,52
357,156,63,54
362,153,66,55
370,152,66,55
377,151,67,56
388,152,67,54
401,153,62,55
412,153,63,54
422,155,61,51
433,156,59,51
445,159,57,46
455,160,55,47
462,160,54,43
468,160,50,41
472,160,49,40
475,158,48,39
476,156,45,39
475,155,43,37
473,152,42,40
470,150,40,40
462,149,42,41
456,150,41,40
448,151,42,38
440,150,42,40
431,149,44,44
419,151,47,45
411,152,45,43
402,152,44,42
395,154,43,41
385,155,46,42
378,154,47,42
375,154,44,43
369,151,48,47
366,148,51,49
368,144,50,51
369,140,53,53
374,135,56,54
383,130,55,56
394,126,57,60
408,123,56,59
420,118,59,61
438,117,59,62
449,117,65,62
465,118,65,61
479,119,66,60
492,121,65,57
504,122,67,58
517,127,61,56
522,131,63,53
527,137,61,49
527,141,61,48
527,148,56,43
525,152,54,42
518,158,54,40
513,163,51,39
502,168,54,37
494,171,52,33
483,173,52,32
471,175,50,31
461,178,49,30
449,178,48,32
438,179,49,33
429,181,48,35
420,185,46,32
410,187,45,33
409,189,43,31
377,148,49,39
356,144,51,45
340,140,50,42
327,138,47,43
314,136,47,41
305,134,45,41
298,131,45,42
294,129,45,43
295,126,43,42
294,124,42,42
296,123,43,40
300,123,42,38
307,123,40,37
313,124,41,39
324,128,38,37
333,132,38,35
346,138,37,33
356,141,39,34
370,145,40,34
382,148,43,33
399,150,41,31
416,150,39,31
432,148,39,33
446,146,40,33
459,144,44,35
473,141,45,35
484,136,48,39
495,129,49,47
504,129,50,45
510,124,51,49
514,124,51,49
514,120,54,55
512,124,55,50
507,123,56,54
499,128,58,49
490,129,55,51
476,130,54,52
459,131,55,51
443,132,55,50
426,132,53,52
409,132,53,52
396,132,47,50
380,132,48,48
369,132,44,48
354,132,45,45
348,132,43,43
342,133,39,39
337,133,37,38
330,133,38,37
326,134,39,38
324,136,37,35
324,137,36,35
325,139,35,34
326,141,36,34
330,144,35,32
332,145,36,31
339,145,36,31
345,146,36,29
352,147,36,29
361,148,37,30
370,149,38,30
380,149,39,30
390,150,42,30
400,150,44,31
411,149,48,34
424,148,48,36
436,145,49,38
447,141,53,41
459,140,52,40
470,137,53,42
480,134,54,44
487,133,56,48
494,131,57,53
501,134,56,55
502,136,60,57
505,142,61,60
503,151,61,56
499,165,64,57
494,179,61,58
485,189,63,59
474,203,66,61
465,216,61,59
454,231,59,52
444,243,53,49
433,251,50,45
423,257,47,44
413,263,45,42
403,265,45,42
398,266,41,42
392,267,41,44
387,267,42,44
383,266,43,43
380,267,43,40
379,268,46,39
