418,122,48,70
425,121,42,69
426,123,39,60
427,124,42,63
428,125,41,61
427,127,45,65
426,127,45,68
422,130,44,70
422,127,37,73
421,127,41,73
422,126,41,75
423,127,46,77
424,127,44,75
424,126,47,80
425,129,45,80
428,130,46,81
429,129,43,83
430,132,45,84
432,133,45,83
437,138,46,81
438,140,48,79
444,138,48,85
444,137,49,87
446,138,53,89
447,140,53,86
452,139,51,89
453,139,53,89
456,140,54,93
456,141,52,90
458,141,53,90
458,141,52,89
459,140,52,95
461,139,49,93
462,137,49,94
460,137,52,92
461,134,50,97
459,134,51,93
459,132,49,94
458,129,51,98
457,131,49,97
457,129,47,101
456,129,50,101
457,130,48,95
456,128,49,101
455,132,49,95
456,133,46,91
455,133,49,93
456,133,47,94
455,133,48,96
456,137,47,92
457,139,47,90
457,146,49,90
458,149,48,93
456,159,52,86
456,164,51,86
454,171,50,91
454,176,49,87
451,183,47,81
451,191,48,79
450,192,51,81
451,197,48,80
450,197,51,82
450,198,49,79
449,198,51,83
449,197,48,84
449,197,48,81
449,197,45,85
449,195,44,82
448,195,46,79
448,193,45,81
448,193,46,83
448,193,46,81
448,193,45,82
449,193,45,83
449,193,46,82
449,193,46,83
448,194,48,81
449,193,48,85
449,193,47,84
451,192,45,80
451,191,46,84
450,192,50,83
451,190,49,82
451,191,47,81
452,188,47,83
453,187,47,86
454,187,52,76
454,188,56,77
454,187,61,73
455,182,59,76
456,180,56,77
457,177,51,79
456,176,51,80
457,174,52,79
458,173,53,81
458,172,54,80
458,171,53,81
458,168,54,80
459,163,54,82
457,162,56,82
457,156,52,85
458,156,51,86
457,153,52,87
458,154,50,85
454,155,54,83
453,155,55,86
451,155,49,86
450,156,45,90
447,159,46,87
442,160,48,86
440,162,44,88
437,166,44,82
436,170,43,81
431,170,44,85
431,170,41,87
430,172,42,86
431,173,43,86
430,173,44,89
434,172,44,83
436,171,43,81
440,169,47,84
441,169,48,84
447,167,44,88
447,167,45,88
451,167,46,91
455,167,50,90
454,166,52,90
456,165,52,89
455,165,53,86
456,160,51,85
456,159,51,87
455,156,52,86
456,155,51,87
455,152,53,88
456,150,54,89
457,149,52,88
461,149,55,88
461,149,57,84
469,147,56,85
472,145,56,84
480,139,58,83
481,136,68,80
496,131,67,84
498,126,68,87
519,120,65,83
537,112,66,82
542,110,67,85
558,103,68,92
557,102,77,101
573,94,67,102
575,93,60,104
584,90,55,108
586,87,50,105
585,91,54,112
580,88,59,107
581,88,55,104
573,95,61,101
569,96,64,101
558,105,65,102
556,109,64,101
543,126,64,106
542,136,62,100
520,158,70,101
508,179,74,109
503,189,76,110
491,206,80,110
491,217,67,98
487,228,62,97
488,236,54,85
480,247,55,79
480,250,52,79
473,257,53,82
473,259,48,83
469,263,48,77
466,264,48,83
465,265,48,79
462,264,48,81
462,263,49,78
462,265,48,76
461,264,47,79
457,270,43,76
455,272,41,76
448,278,40,72
434,283,44,72
432,286,40,68
424,291,43,63
420,292,42,65
411,292,46,64
410,292,41,65
395,289,45,65
382,288,51,64
374,283,51,70
360,276,56,76
358,272,55,81
344,261,48,82
341,255,48,79
334,248,46,72
331,246,46,70
325,239,44,71
324,236,44,72
318,229,45,77
309,220,47,74
309,218,45,72
308,206,42,70
308,205,42,74
309,196,40,77
312,191,37,84
315,184,36,74
316,179,38,70
320,173,39,70
324,169,35,67
324,167,35,75
325,168,35,74
324,169,36,76
325,181,36,74
326,184,35,74
327,205,38,69
328,211,40,59
333,232,45,64
332,234,48,63
340,240,47,72
353,246,46,79
349,245,55,79
356,245,53,73
359,239,54,77
369,228,46,72
370,218,53,73
380,209,48,70
384,209,41,65
384,209,41,65
384,209,41,65
384,209,41,65
384,209,41,65
384,209,41,65
384,209,41,65
384,209,41,65
362,135,35,67
361,133,30,77
354,126,35,72
349,127,32,69
345,127,35,70
342,128,32,65
340,127,33,69
341,126,29,60
340,127,28,60
342,126,26,61
342,125,27,60
344,125,28,58
352,129,27,54
353,128,26,59
356,128,27,55
357,129,28,50
362,132,30,52
361,133,31,48
373,140,32,56
376,136,31,59
385,138,34,51
390,138,33,43
398,142,38,47
401,143,39,43
414,146,37,52
416,147,38,48
424,147,38,48
427,148,37,50
434,152,36,53
434,149,39,60
443,150,42,64
445,149,41,64
454,148,43,62
456,147,44,64
468,147,42,64
466,147,49,64
475,149,48,63
476,148,57,66
480,144,69,67
482,145,70,56
488,150,62,56
488,148,57,57
498,148,60,65
498,146,54,61
504,146,54,65
506,146,54,65
509,145,54,66
509,147,53,64
508,146,53,64
507,145,56,66
504,147,61,67
504,150,65,64
501,156,70,58
499,159,73,51
497,164,79,45
498,167,75,40
496,163,74,44
495,165,76,40
484,163,75,48
485,161,69,53
475,158,69,56
474,159,64,55
470,157,50,59
471,157,48,62
468,156,47,67
468,154,47,67
462,153,40,67
460,154,39,64
454,151,35,62
454,151,33,62
448,149,33,56
448,147,32,62
446,146,32,59
445,146,31,58
443,144,31,55
443,143,31,59
443,144,33,59
443,143,33,55
444,143,33,55
445,143,32,53
448,142,30,53
449,142,29,52
455,141,28,53
454,141,29,54
458,141,29,54
460,141,29,56
459,141,29,62
459,141,30,65
459,140,29,64
459,140,29,62
459,140,28,66
454,139,33,71
454,139,31,68
450,140,34,65
447,141,37,63
445,140,38,65
441,141,38,64
440,142,37,64
435,147,40,64
434,148,37,62
433,151,34,66
433,149,32,70
433,150,32,70
432,148,31,73
432,149,31,72
430,148,30,74
429,149,32,73
426,151,34,73
423,156,37,67
420,157,39,66
420,156,39,67
417,157,43,66
416,157,47,66
415,157,50,66
415,161,53,60
415,160,53,64
416,160,50,61
414,161,60,57
414,163,64,54
416,166,62,44
416,168,66,40
418,168,63,35
418,169,64,34
420,167,64,32
421,166,64,33
424,158,65,33
426,158,63,31
429,151,60,36
430,150,60,35
436,141,60,42
436,141,59,43
442,134,54,49
443,129,53,54
447,126,46,57
446,121,46,60
445,121,45,61
445,120,44,63
445,120,43,64
447,119,42,65
447,118,41,73
450,120,37,69
449,122,35,68
450,120,34,71
449,121,34,70
449,120,32,73
448,124,33,71
449,121,32,74
446,118,36,74
446,121,36,72
445,121,37,70
444,121,36,70
445,118,37,72
444,117,37,72
444,115,37,74
444,115,37,74
442,115,39,74
442,115,40,74
442,112,40,75
441,112,41,72
443,113,40,70
445,111,39,68
445,107,39,62
446,107,39,58
446,101,40,52
446,105,38,44
446,99,37,38
446,99,38,37
445,92,41,37
444,90,42,38
441,90,46,35
440,87,48,38
436,87,57,39
435,86,59,41
434,85,66,41
433,87,67,40
434,87,68,41
435,86,67,41
438,82,64,42
440,81,63,44
447,69,58,48
443,65,65,57
458,62,58,59
461,62,50,57
476,60,38,63
478,61,34,60
479,61,37,64
480,63,37,62
480,67,47,66
481,67,48,65
481,74,47,65
481,73,47,71
483,74,44,73
484,74,43,70
487,75,38,74
487,76,38,72
487,76,37,70
486,77,38,73
485,76,33,70
482,72,35,77
483,72,32,77
482,73,33,74
476,74,34,68
474,73,36,70
468,73,40,68
466,74,40,68
457,75,43,70
456,78,41,68
461,78,48,62
455,75,59,65
461,75,55,56
462,75,60,59
463,78,62,47
467,80,58,44
459,81,65,40
463,82,59,40
444,84,65,36
443,83,64,39
434,83,59,40
440,84,51,36
431,92,43,33
439,93,35,34
435,84,37,37
441,86,38,38
447,67,42,47
451,61,43,51
461,55,49,57
459,56,52,54
477,63,51,61
483,60,46,67
493,73,39,71
492,71,38,73
493,81,38,69
490,81,42,69
490,84,40,71
490,84,40,70
490,85,38,70
491,86,39,73
490,88,42,72
491,89,40,66
489,90,48,73
490,93,46,76
488,101,56,79
489,103,54,72
490,107,55,70
490,107,56,71
489,110,63,75
489,109,62,76
492,108,55,80
493,105,52,87
493,105,56,98
492,102,56,109
492,94,56,119
488,94,66,106
487,88,59,106
487,86,60,97
483,84,64,92
483,81,64,97
480,77,69,96
479,76,71,93
477,71,71,104
475,70,74,104
473,68,74,98
470,68,77,99
468,64,77,101
468,66,76,97
471,66,68,94
471,66,63,100
473,67,67,109
475,67,62,110
478,69,68,111
479,69,59,109
479,72,64,110
480,71,58,108
480,72,63,105
479,71,66,105
481,71,63,106
481,72,61,104
479,73,65,101
480,72,62,100
479,72,65,109
480,74,63,99
480,76,64,101
480,77,62,95
480,83,64,97
480,86,64,92
480,95,69,76
480,97,67,71
485,106,64,66
487,109,63,66
489,112,62,67
489,113,63,69
489,107,64,66
489,103,63,74
489,82,63,92
487,79,66,99
487,75,66,104
487,73,66,114
487,69,57,129
484,68,66,128
486,65,64,129
487,64,61,127
487,64,62,133
487,66,61,131
486,68,59,128
486,68,59,127
487,71,55,129
487,71,54,126
486,73,57,124
485,79,59,119
487,87,64,112
486,91,56,108
487,100,63,102
486,101,64,101
485,95,61,110
483,91,65,109
482,85,67,119
481,84,67,122
481,80,65,125
480,82,63,127
475,80,64,133
475,81,62,133
471,86,64,125
471,86,60,129
469,91,58,127
467,90,58,131
467,93,59,129
467,94,57,129
465,94,59,130
467,96,55,128
464,100,61,127
463,101,60,126
463,103,61,122
460,107,65,122
460,108,68,121
458,114,70,112
458,115,68,115
458,123,70,103
458,126,68,94
456,129,68,100
453,127,68,97
448,123,67,99
446,123,69,96
443,122,66,101
441,120,63,109
435,121,67,105
432,120,69,107
419,121,71,109
416,124,67,109
403,126,71,103
391,131,79,95
371,136,88,94
366,137,83,94
361,138,75,91
360,136,62,95
356,138,50,90
354,137,47,83
348,135,43,83
346,135,46,85
336,132,41,88
334,133,43,90
328,130,44,88
327,130,49,88
327,130,40,84
326,130,41,84
325,132,37,81
326,134,36,78
321,137,38,77
323,138,35,76
320,141,37,76
321,141,38,76
321,137,37,83
321,135,39,84
324,133,43,88
323,131,44,89
325,129,42,88
325,130,45,87
327,130,41,86
325,129,44,88
328,131,40,86
329,129,38,88
329,132,41,85
329,132,39,86
327,133,35,84
327,134,36,81
326,136,37,74
326,136,35,77
324,139,32,78
325,138,33,78
323,138,37,77
325,136,35,78
322,128,42,81
323,126,40,82
313,116,49,90
315,114,47,90
310,105,48,94
313,104,44,97
311,99,45,99
311,101,45,97
311,101,47,102
309,101,52,101
315,101,59,104
316,103,67,99
339,101,68,95
344,102,73,89
364,95,67,105
371,97,64,103
382,96,62,99
382,90,62,107
392,85,54,106
389,80,56,111
391,75,59,111
394,79,54,107
391,87,57,95
390,89,58,92
388,83,60,95
389,78,57,100
385,64,59,114
384,64,57,114
379,59,61,117
383,60,55,114
372,54,59,115
373,50,55,122
365,51,52,125
359,50,58,133
358,73,50,120
354,82,51,112
343,100,53,102
345,101,47,103
333,115,52,95
333,121,46,89
324,127,45,88
324,131,44,82
319,139,43,79
319,140,41,77
312,140,43,80
311,143,40,77
304,140,42,81
303,140,42,81
288,140,50,81
282,142,54,79
269,141,59,81
266,143,62,80
256,147,62,88
252,148,61,89
245,156,58,86
243,161,55,83
232,173,53,81
227,176,60,83
218,192,47,83
220,194,41,80
220,197,40,78
223,195,38,79
221,194,38,83
219,194,40,83
218,194,40,83
216,197,43,79
219,193,38,83
218,193,38,84
223,193,32,84
218,195,41,83
224,196,34,82
224,195,33,82
225,192,33,84
224,193,34,84
225,195,34,82
225,194,31,83
219,193,33,84
218,194,34,80
219,193,34,80
218,194,35,80
219,192,34,78
220,193,35,81
220,193,35,79
219,192,35,83
220,193,33,80
218,193,34,81
219,193,32,83
220,194,30,85
220,190,32,85
221,193,34,86
218,192,35,84
220,193,31,83
220,192,26,84
218,192,35,85
219,193,35,83
219,193,32,84
217,191,34,85
219,192,35,83
217,193,37,83
219,192,36,81
219,192,34,84
219,193,33,80
220,192,34,82
221,194,33,82
220,191,33,81
220,193,31,84
217,192,37,84
217,192,35,84
219,191,35,84
220,194,33,81
221,193,34,80
220,192,34,82
220,193,32,80
218,192,35,82
220,192,33,83
219,194,35,83
218,193,35,80
220,193,31,79
219,194,37,83
220,192,34,82
220,192,32,86
218,191,32,83
221,193,28,83
219,192,28,83
219,191,26,82
220,192,25,84
220,193,24,81
221,194,23,80
221,194,22,81
222,194,21,83
220,192,22,82
220,193,24,83
220,193,23,80
221,193,22,82
222,193,22,83
221,193,22,83
221,192,23,82
222,194,21,80
222,194,21,81
221,192,24,83
219,193,23,82
219,193,27,84
219,192,24,84
219,193,25,85
221,193,22,79
221,193,24,83
219,193,26,84
219,192,25,85
221,192,23,82
221,192,26,83
220,193,27,81
221,192,24,82
221,192,23,83
220,192,29,86
221,192,29,84
219,191,29,81
221,192,25,78
219,193,27,82
221,193,26,83
221,194,22,80
222,192,22,81
220,191,24,84
220,193,27,84
220,192,24,82
221,192,25,84
221,193,22,81
220,193,28,84
221,192,25,83
221,192,23,82
222,193,21,83
221,193,21,83
221,193,21,84
222,193,21,84
221,193,22,84
222,192,22,83
221,193,23,84
220,193,24,85
222,192,23,82
221,193,23,82
220,192,24,84
222,193,21,81
222,194,21,80
221,193,23,82
220,192,23,81
220,192,30,83
221,193,26,80
219,193,27,83
219,192,28,83
222,192,26,84
221,192,23,80
220,192,25,82
220,193,25,83
220,192,25,84
220,191,25,82
220,192,27,80
219,192,25,83
220,192,23,82
220,193,24,82
218,192,26,83
219,193,30,82
219,193,28,81
220,193,25,83
220,193,27,83
220,193,26,81
221,193,27,81
220,192,26,76
219,193,27,73
217,193,30,72
219,193,33,66
221,198,33,73
221,194,35,70
226,196,35,79
227,194,32,80
229,194,38,80
229,194,38,79
230,194,37,81
229,194,37,81
226,195,37,81
227,195,37,79
224,195,37,80
224,196,39,77
224,195,38,80
224,195,38,81
225,195,38,80
225,196,38,77
225,196,36,78
225,194,37,80
225,194,36,81
225,196,38,77
225,197,39,76
225,197,39,71
226,196,38,78
227,195,37,78
226,195,37,80
227,195,37,78
227,197,39,78
227,195,39,77
227,193,43,80
233,190,47,73
236,187,45,67
236,184,48,78
235,182,49,78
228,184,55,89
229,192,45,84
219,195,43,86
221,194,39,87
222,189,47,92
224,181,47,93
224,180,49,95
227,179,49,95
227,181,44,96
224,193,42,91
222,194,44,90
220,193,46,91
221,190,44,94
222,186,46,94
228,180,51,94
230,177,48,98
232,182,51,101
231,186,49,99
227,193,45,95
225,194,49,96
228,188,49,99
229,185,48,101
232,182,55,97
233,177,50,103
237,178,52,105
230,194,56,96
228,195,53,93
228,193,52,98
228,193,52,99
228,191,51,101
228,191,48,103
228,191,50,103
229,190,48,103
229,189,50,104
229,191,47,103
230,191,46,104
229,192,47,99
230,192,47,103
229,190,48,103
228,191,49,101
229,190,48,105
228,191,51,103
229,192,49,102
229,192,48,100
230,192,47,101
229,192,46,100
228,191,50,101
229,192,50,98
230,192,47,98
230,192,48,96
230,191,48,100
230,192,46,102
230,190,49,103
230,190,49,104
229,191,49,99
229,191,48,103
228,191,50,103
230,191,46,99
229,191,49,100
228,191,49,100
229,190,47,102
229,191,48,102
229,192,49,98
228,192,52,101
229,192,49,100
228,192,51,100
230,192,47,101
229,192,50,101
228,191,49,98
229,192,50,100
228,192,51,102
228,192,51,103
230,191,48,102
230,190,48,102
229,190,50,103
229,191,49,104
229,192,50,101
228,192,51,93
229,190,54,101
230,192,49,99
229,191,49,96
229,192,51,99
228,192,50,97
229,191,47,101
229,191,47,102
229,191,48,101
230,191,48,102
229,190,49,104
230,190,46,105
229,192,50,98
230,192,47,99
229,191,47,103
231,191,47,101
230,192,45,101
230,190,47,104
230,190,47,105
230,192,49,101
230,192,49,102
229,191,48,102
230,192,47,103
230,190,47,105
231,190,45,103
231,189,47,105
230,191,46,103
230,190,48,105
231,191,46,101
230,192,46,100
229,191,47,102
230,190,46,104
230,191,48,103
230,190,45,104
230,190,47,103
229,190,48,104
230,190,47,104
230,190,45,103
229,191,48,102
230,193,46,99
229,191,48,101
229,190,47,103
231,192,45,101
230,190,46,102
230,191,47,103
230,190,46,103
228,190,51,103
230,190,47,104
229,191,48,102
230,190,49,103
230,189,46,105
230,190,48,104
228,188,49,104
229,189,47,104
229,188,46,105
229,190,47,104
230,189,45,104
229,189,47,106
229,188,46,104
229,190,47,102
229,192,45,101
228,192,47,98
226,191,49,100
227,191,45,100
226,189,46,103
227,188,45,104
229,183,45,105
231,181,44,108
233,180,50,101
233,180,47,99
229,185,46,103
215,187,45,103
211,189,48,99
213,186,39,104
212,184,42,104
218,180,38,94
219,180,35,92
213,185,40,106
213,187,40,105
217,185,41,102
222,179,32,97
221,176,34,91
219,174,38,85
220,172,37,85
211,172,44,84
212,174,41,83
203,188,39,83
205,187,37,83
203,185,36,79
199,180,32,82
200,178,34,80
202,175,34,78
201,175,35,77
190,178,35,76
189,178,37,78
178,189,37,77
180,187,29,77
181,183,26,71
179,175,22,68
179,174,24,57
181,168,25,56
180,167,25,59
171,172,30,58
167,186,38,59
164,190,34,66
164,188,29,67
163,184,25,67
163,184,25,68
163,180,23,67
162,179,29,69
161,181,32,65
157,189,30,66
158,189,29,64
156,186,24,62
155,183,22,60
156,175,25,61
155,173,32,68
156,172,31,65
152,175,29,57
152,173,29,52
150,188,29,43
150,190,28,40
150,190,27,37
149,189,27,37
147,182,24,40
147,180,26,43
148,177,27,41
147,182,28,40
148,180,25,36
146,192,26,36
146,191,28,35
146,191,32,36
145,191,31,38
144,192,32,44
144,194,28,49
145,192,28,46
144,192,32,37
143,191,34,36
142,193,33,37
144,193,29,32
144,191,34,33
146,191,32,29
144,191,33,34
145,192,33,33
139,192,32,38
138,191,35,40
139,191,33,43
138,189,35,43
138,191,38,42
139,190,31,43
139,191,31,41
139,191,30,43
140,191,30,41
140,189,34,45
141,191,36,41
143,191,37,38
143,192,35,41
144,192,32,38
143,191,34,38
144,191,34,40
143,192,34,43
144,191,33,37
143,192,37,41
142,191,34,38
142,192,32,38
137,186,28,40
136,177,30,47
141,147,28,46
141,142,28,51
156,94,35,55
150,106,42,55
160,74,46,56
163,75,49,57
167,56,51,53
166,58,50,56
161,62,55,57
155,93,64,51
154,101,69,57
149,122,73,61
149,121,75,70
139,153,71,63
140,152,69,63
140,152,69,63
140,152,69,63
140,152,69,63
132,192,51,58
135,180,39,60
137,188,33,51
136,194,29,43
137,196,31,41
135,197,33,43
137,195,24,41
139,190,27,35
146,181,25,29
145,181,26,33
151,179,30,34
151,179,31,32
155,186,28,28
154,186,28,27
156,200,21,22
155,201,21,21
153,200,25,23
157,200,22,21
157,199,23,23
163,189,23,23
163,190,24,23
168,187,20,25
170,187,16,22
170,187,16,22
169,198,14,20
163,202,19,20
163,204,19,17
166,201,17,17
161,206,18,14
159,207,19,14
162,206,20,16
161,205,22,19
164,203,18,16
166,204,17,14
160,204,18,14
160,205,17,13
160,204,18,15
163,203,17,17
163,203,18,17
165,201,18,13
163,203,17,17
164,204,16,17
165,204,15,16
170,204,14,15
171,203,13,14
170,201,12,13
172,203,11,12
171,206,10,11
170,206,11,9
170,205,10,9
170,206,11,9
169,206,12,9
167,205,13,11
167,204,13,12
166,200,13,14
163,197,14,17
163,197,15,16
164,198,16,18
163,195,17,17
164,196,15,16
164,196,15,17
164,197,17,17
165,195,17,18
169,196,15,18
169,196,15,19
166,194,17,22
167,191,17,23
168,191,16,27
166,189,17,25
165,191,18,22
170,188,20,24
172,190,20,22
179,187,21,25
184,186,27,25
186,186,27,25
198,183,30,27
198,185,28,25
213,184,30,26
213,184,31,26
231,185,29,28
230,185,33,27
241,185,32,31
253,183,32,35
254,183,31,34
265,183,31,36
265,182,34,38
277,180,36,40
278,180,37,36
290,178,38,39
292,178,37,39
301,178,37,42
301,175,37,44
312,175,36,45
320,173,36,45
320,173,37,45
328,174,39,54
329,174,42,51
337,173,42,50
337,174,36,49
349,177,37,51
350,174,34,52
367,169,33,56
378,168,41,57
384,167,38,55
395,168,42,49
398,168,40,50
410,172,45,51
409,176,52,55
416,169,49,58
418,171,47,63
423,170,45,60
423,170,47,61
424,169,49,59
425,168,49,56
428,167,48,54
428,170,55,58
430,163,54,67
430,160,60,74
431,156,52,78
429,152,50,82
428,145,51,85
426,141,53,88
423,140,54,86
422,137,49,88
416,131,51,89
413,130,52,88
404,124,55,80
403,122,54,82
392,106,61,86
392,96,56,89
383,85,61,90
381,86,62,89
375,71,65,98
375,69,60,103
368,67,58,103
364,71,58,101
356,74,56,106
353,80,53,102
349,94,51,103
348,98,46,104
344,109,58,103
342,114,55,100
338,126,66,93
338,129,58,95
336,135,49,91
336,137,49,91
330,142,51,85
329,143,50,85
324,145,45,84
324,146,44,79
322,143,41,64
323,144,40,61
322,144,43,59
322,144,44,61
323,144,42,60
324,145,40,59
329,146,41,60
329,145,39,62
336,148,41,60
335,148,42,60
339,153,43,57
339,155,47,60
341,165,40,54
342,163,42,55
337,171,44,58
336,172,45,56
329,173,48,53
328,174,43,56
324,175,45,56
322,175,47,57
318,177,50,54
318,177,48,53
319,183,48,49
320,181,47,50
323,171,47,55
324,165,47,59
323,156,55,67
324,148,54,73
327,139,54,74
328,140,54,66
333,140,54,58
335,138,53,56
337,130,56,62
335,118,61,63
338,109,64,60
339,105,67,64
341,111,71,66
345,103,71,64
346,108,76,71
346,103,85,86
345,90,94,99
354,80,85,106
368,70,80,120
372,72,75,97
381,73,88,90
382,83,89,75
390,105,83,75
390,112,79,73
379,129,80,75
379,133,71,76
345,151,88,77
324,154,86,90
295,160,88,99
284,166,75,94
264,169,78,78
257,176,70,60
241,190,64,56
238,192,62,57
233,195,62,58
234,191,61,60
234,192,62,75
234,190,62,68
234,190,60,64
232,204,64,68
